0 0.74794 0.500421 0.0568136 0.11205 1
0 0.516973 0.542437 0.066193 0.183594 2
0 0.542569 0.311589 0.06548 0.126201 3
0 0.872066 0.695552 0.0639903 0.121066 4
0 0.467472 0.388277 0.0343336 0.20169 5
0 0.66014 0.483611 0.0538294 0.144859 6
0 0.643084 0.534344 0.0551075 0.143113 7
0 0.883042 0.63654 0.054345 0.076991 8
0 0.544972 0.21444 0.0295233 0.0940087 9
0 0.608339 0.359217 0.0534921 0.116094 10
0 0.49935 0.198921 0.0317115 0.130721 11
0 0.879501 0.579893 0.0520715 0.0663772 12
0 0.658216 0.303931 0.0396399 0.100571 13
0 0.539752 0.166185 0.0541936 0.0936285 14
0 0.888961 0.482243 0.0313838 0.0625948 15
0 0.862249 0.500578 0.0254055 0.111825 16
0 0.640133 0.401186 0.0578248 0.0979647 17
0 0.631645 0.262824 0.0487674 0.104542 18
0 0.882267 0.434216 0.0304153 0.06576 19
0 0.808833 0.412059 0.0431453 0.0763182 20
0 0.583686 0.192744 0.0374391 0.115629 21
0 0.895487 0.555622 0.0464245 0.105446 22
0 0.809447 0.481265 0.0591311 0.0935917 23
0 0.837651 0.58767 0.0333831 0.174871 24
0 0.93386 0.626442 0.0235843 0.142501 25
0 0.966353 0.632464 0.0369334 0.0765139 26
0 0.817367 0.388565 0.0361376 0.108325 28
0 0.930189 0.388608 0.0187331 0.103378 29
0 0.922801 0.48825 0.0207659 0.068309 30
0 0.938129 0.544133 0.0238613 0.0757142 31
0 0.907009 0.52079 0.0327766 0.072854 32
