0 0.769157 0.510714 0.0423699 0.130097 1
0 0.516623 0.542178 0.0677716 0.185062 2
0 0.538639 0.326028 0.0643922 0.155077 3
0 0.861588 0.705801 0.0683102 0.0993307 4
0 0.467589 0.384038 0.033717 0.199841 5
0 0.656727 0.477396 0.0571105 0.144242 6
0 0.64098 0.51405 0.0449267 0.13302 7
0 0.874713 0.620138 0.0557541 0.0664741 8
0 0.543818 0.21903 0.0319668 0.105556 9
0 0.610722 0.358179 0.0580226 0.115873 10
0 0.614648 0.54549 0.0730463 0.191674 11
0 0.883564 0.581134 0.0445511 0.0601257 12
0 0.600763 0.288913 0.0651264 0.0783518 13
0 0.542746 0.173257 0.0643259 0.0992576 14
0 0.911391 0.563208 0.0318912 0.0838189 15
0 0.917724 0.372195 0.0253263 0.0724055 16
0 0.663193 0.422756 0.0586242 0.127049 17
0 0.653563 0.291822 0.0277712 0.129128 18
0 0.874864 0.44886 0.0450962 0.0889114 19
0 0.568966 0.148713 0.0442713 0.095052 21
0 0.864889 0.528461 0.0366117 0.0784603 22
0 0.813414 0.491259 0.050084 0.122577 23
0 0.841883 0.59122 0.0305735 0.177155 24
0 0.966336 0.627429 0.0386911 0.0828107 26
0 0.827391 0.410507 0.0350667 0.130666 28
0 0.925642 0.416252 0.0273594 0.0731894 29
0 0.935466 0.534063 0.025775 0.0974483 31
0 0.904412 0.515303 0.0364623 0.0597034 32
0 0.930876 0.648262 0.029361 0.134383 36
0 0.87104 0.652462 0.0584337 0.0718031 35
0 0.748023 0.452333 0.0461348 0.104281 34
0 0.811598 0.418273 0.0453427 0.0689474 20
0 0.915693 0.431271 0.0192449 0.0641179 41
