0 0.768304 0.511832 0.0450752 0.127978 1
0 0.518027 0.54317 0.0646475 0.184391 2
0 0.538491 0.311477 0.0640554 0.125565 3
0 0.865816 0.703114 0.0676126 0.110733 4
0 0.467556 0.386956 0.0335724 0.205325 5
0 0.656295 0.476857 0.0581934 0.144484 6
0 0.64096 0.520651 0.0448427 0.141075 7
0 0.876028 0.619329 0.0532237 0.0649669 8
0 0.544761 0.218965 0.0307883 0.104514 9
0 0.61031 0.352048 0.0579543 0.106822 10
0 0.571271 0.447165 0.0592347 0.185204 11
0 0.88322 0.580052 0.0433092 0.0580562 12
0 0.601231 0.292224 0.0662228 0.0858508 13
0 0.540159 0.171901 0.0595639 0.0962729 14
0 0.907773 0.564314 0.033658 0.0894032 15
0 0.917438 0.375448 0.0254519 0.0794896 16
0 0.662492 0.420965 0.0580754 0.128121 17
0 0.654406 0.291651 0.0288778 0.12937 18
0 0.876259 0.450027 0.0416819 0.0899587 19
0 0.568536 0.147731 0.0430596 0.0942127 21
0 0.865886 0.534257 0.0358781 0.0747497 22
0 0.813435 0.488715 0.0504603 0.121029 23
0 0.841158 0.588304 0.0305456 0.176261 24
0 0.966192 0.629031 0.038832 0.086824 26
0 0.82759 0.408708 0.035021 0.130309 28
0 0.933671 0.421781 0.0351124 0.0947514 29
0 0.936793 0.527312 0.0231726 0.0894132 31
0 0.905122 0.513711 0.0369604 0.0621914 32
0 0.934529 0.627825 0.0238387 0.12973 36
0 0.870536 0.647861 0.0577212 0.0634474 35
0 0.749141 0.451836 0.0468151 0.104255 34
0 0.813145 0.41746 0.044806 0.0689698 20
