0 0.746445 0.500602 0.0544392 0.111126 1
0 0.51828 0.541305 0.0663936 0.1831 2
0 0.53747 0.326325 0.0654819 0.152223 3
0 0.872611 0.694724 0.065593 0.127052 4
0 0.468033 0.384625 0.0348242 0.195656 5
0 0.656414 0.479634 0.061536 0.139951 6
0 0.643165 0.530637 0.0539747 0.135239 7
0 0.87804 0.621774 0.0536297 0.0572017 8
0 0.544448 0.218681 0.0294804 0.105013 9
0 0.607872 0.358784 0.0563297 0.116213 10
0 0.505148 0.21664 0.0310924 0.12862 11
0 0.878057 0.579657 0.0464088 0.0597137 12
0 0.640424 0.304346 0.0488997 0.0779269 13
0 0.535812 0.168122 0.0493801 0.0868833 14
0 0.887484 0.513482 0.0279654 0.0888413 15
0 0.858676 0.459317 0.0293951 0.0820884 16
0 0.639791 0.396684 0.0561165 0.0955806 17
0 0.627125 0.257036 0.0486294 0.0871491 18
0 0.882863 0.437504 0.0297359 0.0714857 19
0 0.808054 0.411692 0.0448199 0.0736808 20
0 0.571844 0.158964 0.0397937 0.100199 21
0 0.864697 0.532991 0.0361781 0.0685482 22
0 0.806927 0.480578 0.0561464 0.101618 23
0 0.836124 0.590911 0.0312643 0.172013 24
0 0.96256 0.627912 0.046419 0.0855304 26
0 0.824946 0.400925 0.0355266 0.110155 28
0 0.929403 0.38821 0.0211756 0.104842 29
0 0.92598 0.53061 0.017347 0.108742 30
0 0.939165 0.537106 0.0171408 0.0959028 31
0 0.910415 0.544301 0.025431 0.0983566 32
0 0.75266 0.445251 0.050356 0.0898943 34
0 0.879124 0.657048 0.057749 0.0656301 35
