0 0.769494 0.508196 0.0404796 0.122966 1
0 0.514259 0.544015 0.0698598 0.183607 2
0 0.540593 0.319182 0.0697153 0.140217 3
0 0.848287 0.705072 0.0729135 0.110769 4
0 0.466797 0.390489 0.0352497 0.202517 5
0 0.65713 0.4736 0.0547172 0.140601 6
0 0.639207 0.519801 0.046961 0.146261 7
0 0.882563 0.622383 0.0487928 0.067806 8
0 0.544263 0.217576 0.03208 0.105933 9
0 0.617996 0.352831 0.0538008 0.106182 10
0 0.716389 0.565196 0.0562068 0.128504 11
0 0.880777 0.584168 0.0496578 0.060204 12
0 0.599806 0.286121 0.0639762 0.0714714 13
0 0.554446 0.16114 0.0608543 0.0911489 14
0 0.910234 0.561576 0.0332719 0.0841069 15
0 0.918036 0.376395 0.0270249 0.079167 16
0 0.664617 0.420598 0.0603217 0.119396 17
0 0.708328 0.375198 0.0630418 0.127399 18
0 0.878226 0.44915 0.0407933 0.0872626 19
0 0.563182 0.131957 0.0421108 0.0622659 21
0 0.866216 0.53011 0.0360538 0.0751749 22
0 0.812799 0.494415 0.0495229 0.127921 23
0 0.83632 0.583561 0.0439475 0.155156 24
0 0.968904 0.626077 0.0328014 0.0831226 26
0 0.827988 0.412441 0.0347878 0.13414 28
0 0.910372 0.509893 0.0357314 0.0719126 32
0 0.873816 0.674532 0.0535954 0.114779 35
0 0.749685 0.452917 0.0458741 0.107383 34
0 0.810905 0.416998 0.0465364 0.0719718 20
0 0.922396 0.646606 0.0424154 0.100339 45
0 0.938912 0.516308 0.0222064 0.0583095 29
0 0.940353 0.592325 0.0269964 0.156974 42
