0 0.770188 0.511117 0.0424728 0.129616 1
0 0.518242 0.542561 0.0656229 0.182349 2
0 0.541052 0.310757 0.0642518 0.123195 3
0 0.868405 0.701385 0.0622165 0.113095 4
0 0.466263 0.38023 0.0351723 0.200448 5
0 0.656864 0.473974 0.0576283 0.140356 6
0 0.638584 0.521339 0.0494198 0.140587 7
0 0.87861 0.620004 0.0489609 0.0676532 8
0 0.544985 0.218656 0.0289103 0.103106 9
0 0.608531 0.357636 0.0563958 0.11506 10
0 0.506605 0.328236 0.0489969 0.156765 11
0 0.879251 0.577487 0.0446566 0.0574549 12
0 0.611159 0.294562 0.0631128 0.0755668 13
0 0.539864 0.171732 0.0576139 0.0958842 14
0 0.898151 0.56096 0.0318923 0.141022 15
0 0.904048 0.391495 0.0267884 0.0645586 16
0 0.656159 0.396966 0.0548253 0.0908166 17
0 0.654596 0.288989 0.032023 0.127835 18
0 0.876707 0.450472 0.0416957 0.0936215 19
0 0.567443 0.147688 0.042994 0.0928318 21
0 0.866911 0.53186 0.0371655 0.0665869 22
0 0.814669 0.495992 0.0495468 0.121352 23
0 0.840154 0.588098 0.0291298 0.163685 24
0 0.965755 0.626861 0.0395366 0.08352 26
0 0.826764 0.406294 0.0358218 0.125697 28
0 0.930365 0.382712 0.0205845 0.1155 29
0 0.935316 0.519569 0.0258303 0.0945894 31
0 0.908321 0.528462 0.0286656 0.0909017 32
0 0.93359 0.631774 0.0244538 0.145428 36
0 0.870354 0.643582 0.0551961 0.0622734 35
0 0.750535 0.452223 0.0469709 0.101665 34
0 0.811497 0.418005 0.0462703 0.0725026 20
