0 0.77022 0.511179 0.042364 0.129159 1
0 0.517937 0.542765 0.0660981 0.182012 2
0 0.541218 0.311184 0.0638524 0.123069 3
0 0.868335 0.701361 0.0623129 0.11325 4
0 0.466095 0.379853 0.0349134 0.198657 5
0 0.656966 0.475203 0.0576274 0.143021 6
0 0.638568 0.522169 0.0493454 0.142364 7
0 0.878607 0.619983 0.0488366 0.0676406 8
0 0.545002 0.218369 0.0288431 0.102588 9
0 0.608493 0.357838 0.0566072 0.115207 10
0 0.504628 0.322512 0.0445679 0.162356 11
0 0.879273 0.5773 0.044346 0.0571287 12
0 0.613422 0.291898 0.0593269 0.0695012 13
0 0.539982 0.171701 0.0577496 0.09551 14
0 0.897747 0.560734 0.0316688 0.14145 15
0 0.903488 0.390891 0.0288314 0.0649294 16
0 0.656079 0.39564 0.0548482 0.089101 17
0 0.655016 0.288707 0.0326025 0.128424 18
0 0.876848 0.450424 0.0413737 0.0936986 19
0 0.567476 0.14773 0.043035 0.0929634 21
0 0.866855 0.53197 0.0367863 0.0667892 22
0 0.814647 0.496483 0.0494527 0.119335 23
0 0.840167 0.588445 0.0292179 0.164435 24
0 0.965758 0.626857 0.0395315 0.0835382 26
0 0.826702 0.406218 0.0359103 0.12519 28
0 0.930281 0.384014 0.0208361 0.112474 29
0 0.935326 0.519699 0.0258172 0.094386 31
0 0.908238 0.528034 0.0286109 0.0903299 32
0 0.933554 0.631726 0.0245645 0.145779 36
0 0.870391 0.643365 0.0551251 0.0618455 35
0 0.750554 0.452408 0.0471536 0.101859 34
0 0.81147 0.418279 0.0463159 0.0734561 20
