0 0.772643 0.507328 0.0455704 0.102951 1
0 0.502197 0.529886 0.0826854 0.164049 2
0 0.54285 0.320681 0.0738225 0.139336 3
0 0.849909 0.706044 0.069531 0.106846 4
0 0.46674 0.390973 0.0354964 0.204927 5
0 0.655594 0.473641 0.0575385 0.137888 6
0 0.638588 0.516844 0.0524218 0.151369 7
0 0.883893 0.622041 0.0389148 0.0561796 8
0 0.544419 0.219148 0.0289439 0.101616 9
0 0.617944 0.351044 0.0556196 0.103635 10
0 0.748414 0.579976 0.0649627 0.113662 11
0 0.879844 0.58113 0.0515348 0.0636119 12
0 0.599692 0.286051 0.0633094 0.0715028 13
0 0.557663 0.175989 0.0606099 0.106321 14
0 0.911675 0.563192 0.0319134 0.0770969 15
0 0.917809 0.376974 0.0274898 0.0787411 16
0 0.665765 0.429286 0.0612012 0.125898 17
0 0.751341 0.392769 0.0511157 0.0995988 18
0 0.878501 0.449158 0.0390174 0.0884753 19
0 0.56286 0.134318 0.0460352 0.0676172 21
0 0.862833 0.53604 0.0303787 0.0768461 22
0 0.811747 0.481529 0.0545312 0.107135 23
0 0.972889 0.630822 0.0269644 0.0933432 26
0 0.830021 0.404851 0.0390947 0.12571 28
0 0.909958 0.511792 0.0355426 0.0781624 32
0 0.865965 0.673116 0.0613872 0.125478 35
0 0.751 0.453835 0.0430678 0.104977 34
0 0.813026 0.416884 0.0458473 0.0747139 20
0 0.922029 0.635631 0.0466184 0.0835169 45
0 0.935595 0.52343 0.0269143 0.0728773 29
0 0.946528 0.620639 0.0338079 0.15461 42
0 0.845785 0.577701 0.0647292 0.162798 46
