0 0.769081 0.511753 0.0448096 0.127836 1
0 0.518257 0.543162 0.0646771 0.183801 2
0 0.538222 0.310465 0.0636189 0.122893 3
0 0.865618 0.702593 0.0674249 0.110844 4
0 0.467436 0.385937 0.0345043 0.202742 5
0 0.655964 0.476193 0.0581382 0.142351 6
0 0.641235 0.52193 0.0453906 0.144127 7
0 0.876418 0.619462 0.0524382 0.0647404 8
0 0.544887 0.217597 0.0304922 0.10174 9
0 0.609989 0.351939 0.0578571 0.106923 10
0 0.568754 0.442815 0.0613952 0.18411 11
0 0.882394 0.579225 0.0448431 0.0573446 12
0 0.601883 0.291961 0.0662458 0.0843667 13
0 0.540554 0.171307 0.0597105 0.0954839 14
0 0.906328 0.565068 0.0354205 0.0955486 15
0 0.917958 0.374456 0.0249619 0.0766444 16
0 0.662097 0.420707 0.0587728 0.128813 17
0 0.654434 0.291798 0.0290112 0.130085 18
0 0.876333 0.449714 0.0417953 0.0894476 19
0 0.568252 0.147516 0.04282 0.0934216 21
0 0.86616 0.53391 0.0358022 0.0742442 22
0 0.813436 0.488157 0.0502555 0.120028 23
0 0.841042 0.586734 0.0301611 0.175052 24
0 0.966264 0.62695 0.0390219 0.0831596 26
0 0.82762 0.408876 0.0350323 0.129692 28
0 0.933748 0.420644 0.0343772 0.0997848 29
0 0.936583 0.526445 0.0235353 0.0895979 31
0 0.905071 0.512649 0.0365181 0.06064 32
0 0.934884 0.628696 0.0235805 0.132702 36
0 0.87058 0.648071 0.0574864 0.063242 35
0 0.748671 0.451566 0.044481 0.103613 34
0 0.813085 0.418809 0.0453304 0.0716467 20
