0 0.769989 0.513102 0.0420623 0.129535 1
0 0.517212 0.541598 0.0655283 0.183598 2
0 0.539474 0.32393 0.0659757 0.14943 3
0 0.855389 0.701162 0.0681846 0.109829 4
0 0.467665 0.385915 0.0345178 0.203126 5
0 0.656615 0.477676 0.0587733 0.142917 6
0 0.640482 0.503287 0.046369 0.111656 7
0 0.875821 0.620965 0.0552485 0.0677075 8
0 0.542975 0.219106 0.0343658 0.105126 9
0 0.611277 0.359525 0.0600169 0.114613 10
0 0.640894 0.582894 0.0879103 0.154871 11
0 0.880875 0.580069 0.0494635 0.0577067 12
0 0.600471 0.288477 0.064467 0.0780657 13
0 0.547819 0.174251 0.0610448 0.100142 14
0 0.912222 0.565867 0.030921 0.0885199 15
0 0.918403 0.375903 0.0255395 0.0771258 16
0 0.663815 0.422637 0.0567817 0.124802 17
0 0.652994 0.291628 0.0292675 0.126133 18
0 0.876256 0.448038 0.0423203 0.0867576 19
0 0.568592 0.148145 0.0433348 0.091326 21
0 0.863834 0.527113 0.037388 0.0783541 22
0 0.813279 0.491239 0.0499174 0.123428 23
0 0.840335 0.590441 0.0312398 0.172086 24
0 0.965223 0.628764 0.0403017 0.0855512 26
0 0.827779 0.410155 0.0350791 0.128384 28
0 0.921332 0.436155 0.024048 0.0985691 29
0 0.935434 0.537716 0.0255246 0.102311 31
0 0.904428 0.515319 0.0357148 0.0602096 32
0 0.92973 0.65677 0.0278162 0.136393 36
0 0.872703 0.662587 0.0550227 0.0929265 35
0 0.746554 0.453276 0.0412568 0.105212 34
0 0.812178 0.418653 0.0466263 0.0703254 20
