0 0.768948 0.510578 0.0434441 0.128703 1
0 0.51954 0.542989 0.061252 0.184566 2
0 0.539376 0.327479 0.0656212 0.156857 3
0 0.850076 0.704437 0.0711479 0.113587 4
0 0.467923 0.383022 0.0336728 0.19827 5
0 0.65701 0.475958 0.056714 0.140851 6
0 0.639887 0.514617 0.0465844 0.135734 7
0 0.881922 0.622157 0.0476345 0.0701084 8
0 0.540911 0.219375 0.0384896 0.107932 9
0 0.62027 0.355719 0.0626171 0.109912 10
0 0.672689 0.611628 0.0747024 0.138812 11
0 0.881098 0.581029 0.0506568 0.0576606 12
0 0.599796 0.290593 0.0637108 0.0815767 13
0 0.553916 0.168506 0.0620827 0.105488 14
0 0.91181 0.565912 0.030356 0.0851681 15
0 0.91772 0.376568 0.0269988 0.0795145 16
0 0.662175 0.424082 0.0549715 0.123132 17
0 0.654743 0.30121 0.0276247 0.130233 18
0 0.876184 0.448969 0.0431967 0.0866535 19
0 0.570121 0.144989 0.0405673 0.0865895 21
0 0.865887 0.528714 0.0361778 0.0742647 22
0 0.812712 0.491337 0.0490231 0.12444 23
0 0.840765 0.587245 0.0330911 0.162754 24
0 0.964904 0.628385 0.04061 0.0863575 26
0 0.828166 0.412122 0.0346278 0.133097 28
0 0.920391 0.47433 0.0230124 0.0999655 29
0 0.937895 0.542611 0.0210773 0.11131 31
0 0.907675 0.51764 0.0373605 0.0607089 32
0 0.874412 0.673951 0.0509584 0.115227 35
0 0.748258 0.453968 0.047024 0.106034 34
0 0.812303 0.418572 0.0451738 0.0707245 20
0 0.928744 0.634779 0.0298459 0.0815298 42
