0 0.745648 0.500605 0.0530842 0.110173 1
0 0.518837 0.542547 0.0630885 0.184321 2
0 0.537587 0.316861 0.0649841 0.132918 3
0 0.87354 0.699612 0.0610765 0.127997 4
0 0.467974 0.386966 0.0340446 0.199813 5
0 0.655789 0.478036 0.0614024 0.140238 6
0 0.642889 0.532667 0.0547708 0.141027 7
0 0.883614 0.632463 0.051113 0.0747527 8
0 0.544392 0.219048 0.0294732 0.10342 9
0 0.608241 0.358031 0.0539666 0.117683 10
0 0.500328 0.216136 0.0269922 0.140505 11
0 0.878415 0.581872 0.0471553 0.0601007 12
0 0.647755 0.30286 0.0438353 0.0852894 13
0 0.536208 0.166537 0.0492761 0.0878382 14
0 0.885431 0.499816 0.0204934 0.0879451 15
0 0.861316 0.471374 0.0291887 0.0701772 16
0 0.639914 0.396916 0.053674 0.0968128 17
0 0.629681 0.257474 0.0443176 0.0904936 18
0 0.882359 0.437232 0.0303619 0.0697093 19
0 0.807779 0.411701 0.0441747 0.075 20
0 0.572356 0.163946 0.0404217 0.110328 21
0 0.867878 0.53112 0.0392168 0.0660162 22
0 0.806939 0.482789 0.0551168 0.101768 23
0 0.836839 0.586988 0.0338863 0.17051 24
0 0.917897 0.688846 0.0325867 0.105139 25
0 0.96276 0.629733 0.0462649 0.0883615 26
0 0.824378 0.40167 0.0353023 0.119942 28
0 0.929117 0.38855 0.0210129 0.102778 29
0 0.922744 0.490304 0.0207265 0.0692212 30
0 0.935528 0.551031 0.0231346 0.113709 31
0 0.907908 0.542438 0.0296173 0.110897 32
0 0.754055 0.442868 0.0477571 0.0862611 34
