0 0.768385 0.509282 0.038274 0.124246 1
0 0.505618 0.528895 0.0785519 0.158987 2
0 0.541609 0.318585 0.0720185 0.137589 3
0 0.849588 0.705994 0.0716346 0.109423 4
0 0.466625 0.390855 0.0351799 0.204378 5
0 0.65579 0.476404 0.0570319 0.142348 6
0 0.640281 0.515202 0.0458733 0.143003 7
0 0.881967 0.622545 0.0476209 0.0658092 8
0 0.54468 0.218618 0.0305858 0.104848 9
0 0.617865 0.351154 0.0548823 0.103754 10
0 0.719428 0.564712 0.060291 0.116608 11
0 0.880836 0.583646 0.0497405 0.060525 12
0 0.599591 0.287378 0.0628663 0.0740033 13
0 0.553946 0.164334 0.0612185 0.095917 14
0 0.911758 0.564659 0.0329782 0.0823951 15
0 0.917834 0.376414 0.0274236 0.0780961 16
0 0.665182 0.425514 0.0598357 0.118045 17
0 0.744144 0.387849 0.0543438 0.0948766 18
0 0.87862 0.448516 0.0389506 0.0876594 19
0 0.559852 0.128382 0.0440238 0.0590862 21
0 0.866874 0.52899 0.0372584 0.0768892 22
0 0.812072 0.490976 0.0523716 0.122973 23
0 0.835371 0.585151 0.0451429 0.164325 24
0 0.971754 0.62804 0.0288918 0.0871418 26
0 0.828734 0.41065 0.0358827 0.132718 28
0 0.908593 0.510771 0.0364295 0.0751846 32
0 0.873318 0.673965 0.0539429 0.113408 35
0 0.751318 0.447122 0.044941 0.108973 34
0 0.811578 0.417416 0.0460571 0.071426 20
0 0.92291 0.635954 0.0420262 0.0840422 45
0 0.937696 0.51625 0.0214858 0.0573043 29
0 0.944786 0.608866 0.0315145 0.153387 42
