0 0.764642 0.511728 0.0418669 0.126657 1
0 0.517653 0.542006 0.0673375 0.182319 2
0 0.538926 0.318103 0.0675245 0.134085 3
0 0.869302 0.700878 0.0598208 0.114409 4
0 0.465366 0.377508 0.0341851 0.199528 5
0 0.659823 0.485361 0.0550292 0.15332 6
0 0.638639 0.526305 0.0503236 0.147839 7
0 0.879533 0.619166 0.0492854 0.0661521 8
0 0.544416 0.217988 0.0284029 0.104984 9
0 0.608884 0.357961 0.0570437 0.116223 10
0 0.505329 0.245054 0.0294672 0.140892 11
0 0.878766 0.576703 0.044874 0.0550372 12
0 0.627318 0.307384 0.0540602 0.0832847 13
0 0.54071 0.169843 0.0580894 0.0910825 14
0 0.896046 0.549723 0.0335662 0.128986 15
0 0.881008 0.399437 0.0460162 0.0687455 16
0 0.648246 0.400716 0.060757 0.0922053 17
0 0.645488 0.257633 0.0381198 0.126687 18
0 0.876164 0.450059 0.0445856 0.0953763 19
0 0.567473 0.151822 0.0407364 0.100028 21
0 0.86671 0.529747 0.0366392 0.0632638 22
0 0.805982 0.485107 0.0501792 0.116434 23
0 0.83975 0.590621 0.0285267 0.168773 24
0 0.966096 0.626122 0.0391511 0.0838562 26
0 0.826683 0.414781 0.0354282 0.139269 28
0 0.928943 0.388475 0.0222278 0.107462 29
0 0.934741 0.522939 0.027439 0.0828022 31
0 0.908855 0.5316 0.0284407 0.0969122 32
0 0.934428 0.622629 0.0256825 0.139432 36
0 0.87091 0.64563 0.0568248 0.0633355 35
0 0.747845 0.450532 0.043625 0.102413 34
0 0.811732 0.445251 0.0490746 0.122117 38
