0 0.749481 0.5035 0.0563727 0.11206 1
0 0.51768 0.543081 0.065687 0.184246 2
0 0.53833 0.32934 0.0655131 0.15497 3
0 0.869123 0.702962 0.0600566 0.117089 4
0 0.46912 0.382637 0.0342162 0.193104 5
0 0.657288 0.481506 0.0608787 0.142858 6
0 0.642556 0.531608 0.0501733 0.146459 7
0 0.878864 0.623312 0.0506963 0.0734262 8
0 0.544829 0.219873 0.0299316 0.105749 9
0 0.607383 0.357968 0.0548791 0.115225 10
0 0.504199 0.225208 0.0337054 0.119797 11
0 0.879706 0.576318 0.0442821 0.0570243 12
0 0.638436 0.305364 0.0502646 0.078318 13
0 0.536978 0.166044 0.0511846 0.0854192 14
0 0.889263 0.519942 0.0317317 0.0982887 15
0 0.857568 0.435644 0.0260575 0.114789 16
0 0.641107 0.397966 0.0559079 0.0984294 17
0 0.628529 0.24138 0.0435331 0.0633115 18
0 0.876925 0.446348 0.0415722 0.087122 19
0 0.808246 0.412626 0.0454235 0.0732751 20
0 0.571985 0.153204 0.0392635 0.0897157 21
0 0.864954 0.527097 0.0387151 0.0635051 22
0 0.806595 0.49048 0.0538305 0.119861 23
0 0.838883 0.589427 0.0300486 0.16675 24
0 0.962813 0.630192 0.0451549 0.0906013 26
0 0.825311 0.406363 0.0354091 0.122729 28
0 0.929815 0.388496 0.0201223 0.105189 29
0 0.933444 0.522268 0.0291962 0.0789964 31
0 0.909974 0.542019 0.0250518 0.110027 32
0 0.93141 0.578887 0.0244358 0.134324 36
0 0.870047 0.644231 0.053357 0.057901 35
0 0.751032 0.431204 0.0451393 0.0627251 34
