0 0.769827 0.5085 0.0391666 0.123246 1
0 0.512845 0.544128 0.0713595 0.183147 2
0 0.541287 0.318717 0.0709996 0.138994 3
0 0.847918 0.705842 0.0735106 0.110155 4
0 0.466795 0.39031 0.0352506 0.202492 5
0 0.657731 0.474007 0.054149 0.140692 6
0 0.638656 0.520332 0.047884 0.14695 7
0 0.882443 0.62255 0.048579 0.0680447 8
0 0.544383 0.217719 0.0313389 0.105481 9
0 0.617616 0.351981 0.0529908 0.105407 10
0 0.718534 0.566744 0.0569897 0.122115 11
0 0.880661 0.584456 0.0497251 0.060456 12
0 0.599801 0.284854 0.0636887 0.0689683 13
0 0.554 0.160573 0.0603551 0.0903682 14
0 0.910733 0.56288 0.0327125 0.0845539 15
0 0.918077 0.376407 0.0269295 0.0788672 16
0 0.665026 0.423438 0.0600677 0.123358 17
0 0.71242 0.380383 0.0588816 0.127036 18
0 0.878256 0.449277 0.0405197 0.0879261 19
0 0.561164 0.1302 0.0417295 0.0591509 21
0 0.866308 0.530067 0.0361196 0.076046 22
0 0.812679 0.493011 0.0495932 0.126388 23
0 0.835847 0.586409 0.0453442 0.160978 24
0 0.970095 0.625236 0.0314356 0.0818108 26
0 0.827893 0.412653 0.0347788 0.13446 28
0 0.908253 0.509396 0.0381729 0.0719416 32
0 0.873701 0.674255 0.0533813 0.113785 35
0 0.750016 0.452571 0.0448606 0.108952 34
0 0.810941 0.416957 0.0462142 0.0718856 20
0 0.922292 0.64417 0.0426231 0.0951134 45
0 0.938728 0.513568 0.0220196 0.052741 29
0 0.941396 0.600905 0.0275396 0.160367 42
