0 0.747776 0.500566 0.0560477 0.112139 1
0 0.517507 0.542235 0.0655491 0.184678 2
0 0.538107 0.314212 0.0676153 0.139004 3
0 0.873491 0.694676 0.0616731 0.120367 4
0 0.467939 0.386981 0.034747 0.19789 5
0 0.65973 0.478972 0.0530633 0.141553 6
0 0.64313 0.532177 0.0540904 0.139179 7
0 0.880974 0.635554 0.0573232 0.0776298 8
0 0.544892 0.216449 0.0293897 0.0988703 9
0 0.608079 0.357897 0.054736 0.115544 10
0 0.499602 0.198677 0.0320219 0.131488 11
0 0.879217 0.579627 0.0516943 0.0650539 12
0 0.657081 0.302775 0.0416823 0.0980893 13
0 0.537513 0.166025 0.0493135 0.0900965 14
0 0.888242 0.477628 0.0295949 0.0524837 15
0 0.862121 0.495235 0.0257597 0.102953 16
0 0.639496 0.400657 0.05753 0.102332 17
0 0.631292 0.263187 0.0458849 0.101027 18
0 0.882301 0.432348 0.0306947 0.0619786 19
0 0.809468 0.412585 0.0433893 0.0746911 20
0 0.576512 0.178281 0.0342187 0.112839 21
0 0.885962 0.533179 0.0413149 0.0640281 22
0 0.808996 0.483035 0.0590822 0.0984312 23
0 0.837437 0.590199 0.0320342 0.180246 24
0 0.934003 0.62624 0.0233474 0.141074 25
0 0.964 0.633205 0.0429055 0.0690831 26
0 0.817708 0.391483 0.0375251 0.113226 28
0 0.929937 0.388795 0.0196459 0.10589 29
0 0.922624 0.488929 0.020365 0.0673597 30
0 0.937904 0.535723 0.0209031 0.0716941 31
0 0.907157 0.542387 0.0334556 0.115869 32
