0 0.7695 0.508137 0.0404919 0.121914 1
0 0.514319 0.543981 0.0699471 0.183395 2
0 0.540504 0.31965 0.0694527 0.141138 3
0 0.848388 0.705249 0.0730314 0.110313 4
0 0.466796 0.390545 0.035279 0.202465 5
0 0.656596 0.474106 0.0559889 0.140531 6
0 0.639269 0.519622 0.0468509 0.146542 7
0 0.882401 0.622383 0.0490256 0.0679486 8
0 0.544165 0.217545 0.0323295 0.105659 9
0 0.618039 0.352886 0.0541641 0.106123 10
0 0.715921 0.565457 0.0558713 0.129163 11
0 0.880804 0.583905 0.0495967 0.0595973 12
0 0.599866 0.285796 0.0636031 0.0710794 13
0 0.554464 0.161171 0.0609959 0.0909596 14
0 0.909963 0.561068 0.0336699 0.0838418 15
0 0.918085 0.376438 0.0269872 0.0791247 16
0 0.663417 0.421195 0.0578257 0.120162 17
0 0.707435 0.37545 0.0647006 0.1281 18
0 0.878215 0.449267 0.0407337 0.0874462 19
0 0.563593 0.132391 0.0422872 0.062608 21
0 0.866332 0.530067 0.0360078 0.0751161 22
0 0.812856 0.494026 0.0495496 0.127735 23
0 0.836461 0.583202 0.0438976 0.153202 24
0 0.968427 0.626562 0.0335877 0.0834859 26
0 0.828011 0.412688 0.0348536 0.134439 28
0 0.910492 0.510087 0.0352868 0.0718264 32
0 0.873816 0.674336 0.0535005 0.114385 35
0 0.749517 0.452694 0.0458142 0.107451 34
0 0.810835 0.417229 0.0465541 0.0717752 20
0 0.922277 0.647941 0.0424552 0.101922 45
0 0.938941 0.517144 0.0223248 0.060063 29
0 0.940018 0.590209 0.0266012 0.158548 42
