0 0.769365 0.51128 0.0445633 0.126258 1
0 0.518526 0.54328 0.0644663 0.184261 2
0 0.538011 0.309287 0.0636287 0.12011 3
0 0.865815 0.701981 0.0673647 0.111577 4
0 0.467228 0.384937 0.0349013 0.20039 5
0 0.656139 0.475872 0.0574512 0.142044 6
0 0.641345 0.521192 0.0454429 0.144534 7
0 0.876086 0.619782 0.0531058 0.0637595 8
0 0.544856 0.217648 0.0302517 0.101754 9
0 0.609784 0.351913 0.0567849 0.107395 10
0 0.565922 0.428022 0.0583148 0.176519 11
0 0.881636 0.577307 0.0448851 0.058587 12
0 0.602308 0.29024 0.0663042 0.0804116 13
0 0.540935 0.171261 0.0606359 0.0951393 14
0 0.903361 0.559506 0.0357975 0.111494 15
0 0.918248 0.375486 0.0258446 0.0774743 16
0 0.661893 0.418036 0.057918 0.127568 17
0 0.654521 0.291532 0.0291729 0.129063 18
0 0.876659 0.449326 0.0415385 0.0887841 19
0 0.568296 0.147836 0.042756 0.0934213 21
0 0.865957 0.532687 0.036464 0.0725749 22
0 0.813418 0.488171 0.0503217 0.120424 23
0 0.841054 0.588062 0.0295024 0.17234 24
0 0.966189 0.626752 0.0392509 0.0830915 26
0 0.827561 0.408426 0.0348679 0.128275 28
0 0.935464 0.412256 0.0293534 0.109031 29
0 0.937056 0.524319 0.0228701 0.0895863 31
0 0.907087 0.516618 0.0334915 0.0688296 32
0 0.934842 0.626172 0.0233977 0.128919 36
0 0.870663 0.647593 0.0568155 0.0621973 35
0 0.749017 0.451888 0.0451785 0.103645 34
0 0.812992 0.419507 0.0454579 0.0728769 20
0 0.931742 0.499259 0.0221915 0.0616183 40
