0 0.769408 0.510792 0.0443914 0.128577 1
0 0.518267 0.543526 0.0651204 0.183693 2
0 0.53853 0.304685 0.0662179 0.115752 3
0 0.865531 0.700754 0.0678492 0.112714 4
0 0.465713 0.381128 0.033717 0.198739 5
0 0.65743 0.476389 0.0543218 0.145291 6
0 0.641044 0.521934 0.0459812 0.148517 7
0 0.878132 0.618317 0.0514773 0.065711 8
0 0.54522 0.217154 0.0295586 0.101345 9
0 0.608337 0.355986 0.0550217 0.11492 10
0 0.539205 0.368495 0.077299 0.123814 11
0 0.880414 0.577459 0.0439025 0.053446 12
0 0.605491 0.296286 0.0673358 0.0894396 13
0 0.539339 0.172591 0.057643 0.0982052 14
0 0.8998 0.559891 0.0335179 0.12351 15
0 0.916536 0.375645 0.0227299 0.0787797 16
0 0.658831 0.410791 0.058477 0.115575 17
0 0.65451 0.290315 0.0291957 0.129469 18
0 0.876328 0.450465 0.0418527 0.0911968 19
0 0.56836 0.148228 0.0432193 0.0941035 21
0 0.86606 0.533514 0.036102 0.0741824 22
0 0.813335 0.491256 0.0491124 0.125004 23
0 0.840476 0.590158 0.0296144 0.176984 24
0 0.965794 0.628682 0.0398926 0.0859985 26
0 0.826771 0.409292 0.0352722 0.130459 28
0 0.933061 0.394693 0.0206136 0.119441 29
0 0.937307 0.524788 0.0226133 0.0868966 31
0 0.909109 0.530057 0.0294206 0.08684 32
0 0.934626 0.626698 0.02336 0.130057 36
0 0.870416 0.646496 0.057831 0.0653502 35
0 0.748615 0.451898 0.0459274 0.103076 34
0 0.812839 0.418637 0.0451941 0.0711796 20
0 0.931128 0.497738 0.0199485 0.0704185 40
