0 0.768346 0.511973 0.0446303 0.127297 1
0 0.517851 0.542748 0.0656226 0.184225 2
0 0.538891 0.316701 0.065291 0.136092 3
0 0.865693 0.702416 0.068537 0.108689 4
0 0.4676 0.38662 0.0333266 0.205327 5
0 0.656076 0.47687 0.0590466 0.145009 6
0 0.641314 0.519551 0.0451577 0.142967 7
0 0.875346 0.618735 0.0544078 0.0639087 8
0 0.544686 0.219003 0.0311533 0.10477 9
0 0.609741 0.353945 0.0591436 0.108809 10
0 0.577944 0.469545 0.063955 0.18819 11
0 0.883103 0.581565 0.0448195 0.0579278 12
0 0.601099 0.289784 0.0658426 0.0805511 13
0 0.540655 0.171835 0.0607409 0.0958284 14
0 0.910606 0.561267 0.0313719 0.0779453 15
0 0.917664 0.375208 0.0254169 0.078677 16
0 0.663099 0.422211 0.057857 0.129404 17
0 0.65392 0.291656 0.0282665 0.130441 18
0 0.876436 0.450038 0.0416449 0.0904281 19
0 0.569031 0.14813 0.0433784 0.0943774 21
0 0.865434 0.534288 0.0356618 0.0756343 22
0 0.813579 0.490364 0.0503646 0.122283 23
0 0.841398 0.58813 0.0293548 0.173377 24
0 0.96639 0.629286 0.0385489 0.0867771 26
0 0.827769 0.409525 0.0358923 0.132101 28
0 0.930791 0.423257 0.036837 0.0883693 29
0 0.935437 0.527518 0.0259923 0.0863523 31
0 0.904693 0.514328 0.0371293 0.0597843 32
0 0.934996 0.626547 0.0236222 0.126358 36
0 0.870638 0.647467 0.0576706 0.0624591 35
0 0.74672 0.451452 0.0424755 0.103292 34
0 0.812484 0.417282 0.0450201 0.0686377 20
