0 0.768421 0.509463 0.0384411 0.124526 1
0 0.505076 0.528871 0.0779536 0.160847 2
0 0.541637 0.318782 0.0720287 0.137923 3
0 0.849389 0.705424 0.0722146 0.109299 4
0 0.466633 0.390308 0.0352234 0.203344 5
0 0.655765 0.476298 0.0573542 0.141857 6
0 0.639836 0.514997 0.0466424 0.143001 7
0 0.881764 0.62207 0.0476751 0.0636664 8
0 0.544657 0.218787 0.0304465 0.104953 9
0 0.61794 0.351149 0.0551913 0.10371 10
0 0.719078 0.566142 0.061005 0.115782 11
0 0.880827 0.583476 0.0498558 0.0608835 12
0 0.599617 0.287241 0.0627658 0.0737014 13
0 0.553947 0.164867 0.0613994 0.0969013 14
0 0.911825 0.56373 0.0329306 0.0805697 15
0 0.917825 0.376475 0.0274379 0.0780697 16
0 0.664925 0.426588 0.0589312 0.1208 17
0 0.746994 0.388317 0.0495442 0.100055 18
0 0.878669 0.448486 0.0390021 0.0874599 19
0 0.560004 0.128645 0.043898 0.0599029 21
0 0.866869 0.529024 0.0374449 0.0753772 22
0 0.812107 0.49043 0.0524541 0.121789 23
0 0.833914 0.584553 0.0422918 0.163686 24
0 0.971778 0.627966 0.028981 0.0874642 26
0 0.828693 0.410538 0.0358847 0.132712 28
0 0.90864 0.510508 0.0361758 0.0749612 32
0 0.873185 0.674681 0.054113 0.114863 35
0 0.751056 0.447528 0.045175 0.106818 34
0 0.811536 0.417402 0.0460017 0.0712666 20
0 0.923001 0.635728 0.0425667 0.0837675 45
0 0.937613 0.516399 0.0216523 0.0576447 29
0 0.944369 0.611656 0.031284 0.158596 42
