0 0.747966 0.500794 0.0570319 0.112632 1
0 0.517804 0.542624 0.0645482 0.183575 2
0 0.537679 0.310237 0.0645377 0.133077 3
0 0.872741 0.694679 0.0633992 0.120673 4
0 0.468021 0.385803 0.0345173 0.19732 5
0 0.659874 0.479804 0.0518066 0.142566 6
0 0.642933 0.534426 0.0543981 0.143479 7
0 0.882983 0.635944 0.0544555 0.0776549 8
0 0.544935 0.214263 0.0296717 0.0941527 9
0 0.608107 0.358656 0.0534881 0.116068 10
0 0.499513 0.198871 0.0321679 0.131665 11
0 0.8798 0.579658 0.0523126 0.0663797 12
0 0.658135 0.303659 0.0399896 0.100052 13
0 0.538183 0.166049 0.051101 0.0915277 14
0 0.888939 0.481819 0.0313708 0.0626021 15
0 0.862162 0.500368 0.0258251 0.113655 16
0 0.639923 0.400343 0.0577126 0.100421 17
0 0.633028 0.263088 0.0499529 0.104556 18
0 0.882276 0.433925 0.030485 0.0653096 19
0 0.809743 0.412548 0.0437962 0.075235 20
0 0.580552 0.187775 0.0352389 0.120979 21
0 0.894059 0.544027 0.0421484 0.0753521 22
0 0.808798 0.480999 0.0584199 0.0944909 23
0 0.837624 0.585728 0.0327703 0.176558 24
0 0.934031 0.628024 0.0239495 0.144315 25
0 0.963685 0.636249 0.0415851 0.0748372 26
0 0.817422 0.388404 0.0366955 0.108114 28
0 0.930412 0.388627 0.0181874 0.10327 29
0 0.923063 0.488777 0.0200786 0.069032 30
0 0.938128 0.539775 0.0230406 0.0723887 31
0 0.906971 0.538274 0.0329134 0.108883 32
