0 0.766788 0.508601 0.0436102 0.127978 1
0 0.517314 0.541948 0.0676833 0.181539 2
0 0.54057 0.316944 0.0669444 0.133165 3
0 0.869499 0.700875 0.0597879 0.114243 4
0 0.465931 0.375794 0.0349109 0.193856 5
0 0.659237 0.481945 0.0564308 0.149636 6
0 0.638474 0.525191 0.0504477 0.146837 7
0 0.879313 0.618977 0.0494216 0.0657185 8
0 0.544716 0.218091 0.0284977 0.10534 9
0 0.609401 0.358816 0.0586861 0.115218 10
0 0.500517 0.272078 0.0276535 0.164599 11
0 0.879065 0.576751 0.0446674 0.0551913 12
0 0.62237 0.305182 0.0557547 0.0819629 13
0 0.540182 0.170449 0.05699 0.0919863 14
0 0.896059 0.552445 0.0325703 0.133215 15
0 0.891675 0.391418 0.0371752 0.0504712 16
0 0.64901 0.399984 0.0599932 0.0893392 17
0 0.648239 0.27671 0.033632 0.143507 18
0 0.875878 0.449874 0.0438789 0.0952829 19
0 0.56799 0.150141 0.0425889 0.0961022 21
0 0.866552 0.528912 0.0367233 0.0617717 22
0 0.808552 0.492545 0.0478719 0.124156 23
0 0.840104 0.589355 0.027884 0.16649 24
0 0.965825 0.626177 0.0397057 0.0831798 26
0 0.826625 0.410684 0.0355304 0.129933 28
0 0.928857 0.387291 0.0223177 0.106555 29
0 0.934854 0.52214 0.0269514 0.0845312 31
0 0.908953 0.531452 0.0284927 0.0973847 32
0 0.933852 0.626344 0.0246923 0.145136 36
0 0.870811 0.644765 0.0568565 0.0620565 35
0 0.752494 0.451955 0.0457433 0.100966 34
0 0.810892 0.423286 0.0473091 0.0759782 20
