0 0.769212 0.510099 0.0377403 0.127356 1
0 0.508952 0.544602 0.07793 0.179217 2
0 0.54155 0.318466 0.0717155 0.137969 3
0 0.84881 0.705525 0.0727955 0.109404 4
0 0.466692 0.392485 0.0352612 0.207884 5
0 0.65627 0.476367 0.0565911 0.142408 6
0 0.639729 0.516206 0.0462174 0.142878 7
0 0.882291 0.622961 0.048103 0.0685428 8
0 0.544583 0.218443 0.0311095 0.105209 9
0 0.617822 0.351358 0.0543618 0.104239 10
0 0.718442 0.565631 0.0608479 0.11798 11
0 0.8807 0.584984 0.050209 0.0610928 12
0 0.599592 0.287904 0.0631316 0.0744369 13
0 0.554037 0.16411 0.0613511 0.0954048 14
0 0.911089 0.562838 0.03311 0.081782 15
0 0.917886 0.376481 0.0274662 0.0786442 16
0 0.664923 0.424856 0.0593692 0.118708 17
0 0.732743 0.387423 0.0546865 0.0984581 18
0 0.878784 0.449322 0.0390897 0.0878344 19
0 0.55995 0.128972 0.0439439 0.0597784 21
0 0.866316 0.529854 0.0361752 0.0758583 22
0 0.812015 0.491712 0.0506332 0.12556 23
0 0.835641 0.587047 0.0455478 0.159475 24
0 0.971751 0.627722 0.0287324 0.0862442 26
0 0.828204 0.411654 0.0352647 0.133736 28
0 0.908149 0.510182 0.0375748 0.0740533 32
0 0.87381 0.673957 0.0529963 0.113127 35
0 0.750815 0.447934 0.04591 0.114788 34
0 0.811249 0.417502 0.0460043 0.0720268 20
0 0.921931 0.641391 0.0429935 0.0921579 45
0 0.937858 0.515193 0.0214364 0.0556134 29
0 0.944797 0.608126 0.0328559 0.153716 42
