0 0.76956 0.51117 0.0441073 0.127326 1
0 0.518422 0.543143 0.0648534 0.18373 2
0 0.53797 0.302244 0.0655993 0.110605 3
0 0.865605 0.700913 0.0676187 0.11308 4
0 0.465699 0.381562 0.0336708 0.199701 5
0 0.657274 0.475952 0.0548098 0.143971 6
0 0.64114 0.521087 0.0460452 0.146442 7
0 0.878127 0.618325 0.0513479 0.0652533 8
0 0.54522 0.217072 0.0296542 0.101261 9
0 0.608331 0.355618 0.0547939 0.114567 10
0 0.541354 0.372724 0.0786823 0.12956 11
0 0.880385 0.577313 0.0440375 0.054047 12
0 0.605428 0.296214 0.0676754 0.0892422 13
0 0.5393 0.172626 0.0574826 0.0981957 14
0 0.899786 0.560367 0.0335426 0.124475 15
0 0.916613 0.375743 0.0224801 0.0789198 16
0 0.659515 0.411194 0.0585805 0.11687 17
0 0.654478 0.290341 0.0292036 0.129335 18
0 0.876292 0.450424 0.0417857 0.0910083 19
0 0.568255 0.148199 0.043092 0.0939379 21
0 0.866061 0.532939 0.0363165 0.0730251 22
0 0.813361 0.490718 0.0495729 0.124206 23
0 0.840789 0.589484 0.0297695 0.176076 24
0 0.96583 0.628724 0.0397394 0.0859143 26
0 0.826834 0.408811 0.0352508 0.129651 28
0 0.933766 0.39569 0.0208478 0.119726 29
0 0.937259 0.524514 0.0226969 0.0870499 31
0 0.909271 0.5295 0.0294355 0.0854239 32
0 0.934542 0.627413 0.0236098 0.131469 36
0 0.870664 0.646483 0.0572117 0.0649725 35
0 0.748541 0.451864 0.045606 0.10317 34
0 0.81277 0.419011 0.0455318 0.0720005 20
0 0.93109 0.497142 0.0199537 0.0689145 40
