0 0.76844 0.509629 0.0374354 0.125674 1
0 0.506576 0.528105 0.0795248 0.154768 2
0 0.541365 0.31818 0.0715476 0.136935 3
0 0.849496 0.705976 0.0719618 0.110232 4
0 0.466655 0.391091 0.0351905 0.204919 5
0 0.656022 0.476772 0.0569079 0.142612 6
0 0.640274 0.516333 0.0459318 0.144275 7
0 0.88224 0.622436 0.0477874 0.0663919 8
0 0.544653 0.218477 0.0306471 0.104882 9
0 0.617678 0.351191 0.0544889 0.103888 10
0 0.720041 0.563858 0.0599194 0.115446 11
0 0.880629 0.584784 0.0506948 0.0616632 12
0 0.599556 0.287739 0.0628769 0.0746155 13
0 0.554086 0.164187 0.0614272 0.0955433 14
0 0.911647 0.564213 0.0330751 0.0826945 15
0 0.917807 0.376352 0.0274736 0.077967 16
0 0.664882 0.425315 0.0604678 0.117555 17
0 0.740018 0.389937 0.0546162 0.0942446 18
0 0.878472 0.449033 0.0393142 0.0881737 19
0 0.559907 0.128771 0.0443284 0.0596409 21
0 0.866819 0.529325 0.0370387 0.0772257 22
0 0.812053 0.49163 0.0517415 0.123844 23
0 0.835582 0.58777 0.0455449 0.163145 24
0 0.97175 0.629942 0.0286815 0.0906157 26
0 0.82851 0.410472 0.0354571 0.132172 28
0 0.908599 0.510667 0.0366239 0.0749389 32
0 0.87312 0.673753 0.0542589 0.113689 35
0 0.751328 0.447771 0.0437679 0.114759 34
0 0.811552 0.417418 0.0460685 0.0717755 20
0 0.922739 0.637737 0.0425907 0.0873452 45
0 0.937779 0.515879 0.0213993 0.0568818 29
0 0.944761 0.611016 0.0321105 0.158046 42
