0 0.770369 0.50923 0.0422213 0.127405 1
0 0.51774 0.542299 0.0667972 0.182115 2
0 0.540865 0.314694 0.0650991 0.128003 3
0 0.86817 0.701281 0.0617223 0.114333 4
0 0.465964 0.377916 0.0350461 0.194689 5
0 0.658357 0.476892 0.0578748 0.146104 6
0 0.638314 0.522988 0.0492955 0.143526 7
0 0.879336 0.619206 0.0479308 0.0660767 8
0 0.544805 0.217924 0.028159 0.102265 9
0 0.608849 0.357959 0.0576338 0.115093 10
0 0.495372 0.296875 0.0273396 0.160403 11
0 0.879577 0.576773 0.0437449 0.0555052 12
0 0.615781 0.294863 0.0566255 0.0713056 13
0 0.539709 0.172098 0.056801 0.0957411 14
0 0.896494 0.556783 0.0324517 0.138519 15
0 0.900484 0.391536 0.0323546 0.0606428 16
0 0.655268 0.395328 0.0554552 0.0889034 17
0 0.653933 0.285628 0.0327427 0.135681 18
0 0.876827 0.449529 0.0421088 0.0935828 19
0 0.567639 0.147344 0.0427374 0.091415 21
0 0.866934 0.529926 0.0366353 0.0639167 22
0 0.813308 0.494837 0.0484185 0.117999 23
0 0.839996 0.588343 0.0289042 0.16761 24
0 0.965506 0.626322 0.0401606 0.0832512 26
0 0.826723 0.408078 0.0356974 0.126378 28
0 0.929662 0.386805 0.0209055 0.104504 29
0 0.936143 0.519923 0.024436 0.0910273 31
0 0.908483 0.527943 0.0283253 0.0914814 32
0 0.933136 0.626241 0.0246677 0.139308 36
0 0.871266 0.645858 0.0548605 0.0662748 35
0 0.752388 0.452999 0.049165 0.101994 34
0 0.811213 0.418147 0.0461668 0.0732147 20
0 0.932481 0.511194 0.0263478 0.0843262 39
