0 0.768212 0.511942 0.0451279 0.128026 1
0 0.517933 0.542995 0.0650203 0.184227 2
0 0.538613 0.312149 0.0644489 0.127337 3
0 0.865813 0.703187 0.0676679 0.110594 4
0 0.467574 0.386993 0.0334888 0.205475 5
0 0.656251 0.477153 0.0583095 0.145475 6
0 0.640975 0.520264 0.0447197 0.14019 7
0 0.875567 0.61917 0.054071 0.0648239 8
0 0.544746 0.219151 0.0308978 0.104965 9
0 0.61015 0.352418 0.0580774 0.107439 10
0 0.572624 0.451853 0.0592946 0.186014 11
0 0.883141 0.580515 0.043516 0.0575068 12
0 0.601189 0.291835 0.0662285 0.0850887 13
0 0.540069 0.171993 0.0594014 0.0965468 14
0 0.909109 0.563618 0.031918 0.085707 15
0 0.917488 0.375165 0.0254419 0.0792696 16
0 0.66252 0.4197 0.0580122 0.125581 17
0 0.654373 0.291539 0.0287959 0.129611 18
0 0.876244 0.450005 0.0417886 0.0906055 19
0 0.568577 0.147817 0.0430808 0.0946188 21
0 0.865643 0.534414 0.0360477 0.0748325 22
0 0.813512 0.48986 0.0505599 0.123301 23
0 0.841145 0.588706 0.030369 0.175746 24
0 0.966291 0.629294 0.0388299 0.0874759 26
0 0.827685 0.408737 0.0351079 0.1308 28
0 0.932505 0.424012 0.0378983 0.0908178 29
0 0.936042 0.527434 0.0246472 0.0873962 31
0 0.904947 0.513146 0.0372511 0.0612924 32
0 0.934793 0.627612 0.0240542 0.129055 36
0 0.87063 0.648107 0.0575732 0.0639661 35
0 0.749133 0.452116 0.0471812 0.104761 34
0 0.813154 0.417116 0.0444574 0.06832 20
