0 0.768408 0.511505 0.0423181 0.129275 1
0 0.517619 0.542756 0.0662897 0.184744 2
0 0.539513 0.326148 0.0663481 0.155108 3
0 0.865936 0.702574 0.069032 0.10852 4
0 0.467596 0.386748 0.0333333 0.205401 5
0 0.656123 0.476964 0.0593821 0.144565 6
0 0.641326 0.517882 0.0453286 0.140147 7
0 0.875593 0.618886 0.0537785 0.0637854 8
0 0.544542 0.218867 0.031535 0.104607 9
0 0.610342 0.353994 0.0583357 0.108798 10
0 0.584046 0.481732 0.066111 0.190757 11
0 0.88289 0.581652 0.0458019 0.0581641 12
0 0.600942 0.289013 0.0657175 0.0785539 13
0 0.540758 0.171604 0.0610425 0.0949253 14
0 0.910928 0.561478 0.0313744 0.0796895 15
0 0.917942 0.374673 0.0250214 0.0767474 16
0 0.663272 0.419865 0.0578498 0.123782 17
0 0.65365 0.291616 0.0277148 0.13065 18
0 0.875719 0.449989 0.0429083 0.0901422 19
0 0.569117 0.148363 0.0434529 0.0943409 21
0 0.865367 0.534415 0.0357404 0.076803 22
0 0.813299 0.490827 0.0506179 0.12283 23
0 0.841282 0.590848 0.0291694 0.177182 24
0 0.966359 0.629032 0.0387394 0.086736 26
0 0.827386 0.408879 0.0351241 0.130631 28
0 0.928612 0.422611 0.0379362 0.0867756 29
0 0.935579 0.527469 0.0254987 0.0859561 31
0 0.90464 0.514544 0.0369416 0.0595678 32
0 0.935095 0.627728 0.0225543 0.1287 36
0 0.870928 0.647522 0.0572492 0.0626774 35
0 0.748685 0.451908 0.046806 0.10322 34
0 0.812158 0.417313 0.0447575 0.069024 20
