0 0.769405 0.508335 0.04116 0.123374 1
0 0.516008 0.543309 0.0686012 0.18403 2
0 0.54007 0.321986 0.0683652 0.14577 3
0 0.848822 0.705175 0.0715893 0.11025 4
0 0.467184 0.391072 0.0351338 0.20349 5
0 0.656189 0.473472 0.056886 0.139278 6
0 0.63949 0.519166 0.0467623 0.146184 7
0 0.88187 0.621756 0.0491096 0.0667503 8
0 0.543156 0.21775 0.0332383 0.106183 9
0 0.617913 0.35279 0.053829 0.106186 10
0 0.711051 0.567531 0.0648077 0.1307 11
0 0.880892 0.583628 0.0497832 0.0592728 12
0 0.599865 0.286029 0.0635473 0.0721277 13
0 0.554615 0.169109 0.0610467 0.106688 14
0 0.909442 0.56017 0.0325164 0.081912 15
0 0.918047 0.376547 0.0271389 0.080079 16
0 0.662587 0.426681 0.0570587 0.133767 17
0 0.702952 0.363453 0.0708076 0.125332 18
0 0.877521 0.449625 0.0421409 0.0884307 19
0 0.567248 0.141722 0.0436502 0.0792814 21
0 0.865962 0.529879 0.0364516 0.0747788 22
0 0.813029 0.495715 0.0494032 0.130596 23
0 0.836944 0.58534 0.0432571 0.154195 24
0 0.965825 0.628984 0.0387173 0.0838318 26
0 0.82797 0.41212 0.0345633 0.133276 28
0 0.937429 0.553504 0.0227097 0.0952261 31
0 0.91084 0.513739 0.0359246 0.0759488 32
0 0.873662 0.674724 0.0537213 0.115519 35
0 0.748972 0.452772 0.0481079 0.109038 34
0 0.810875 0.418271 0.046974 0.0720089 20
0 0.922563 0.65365 0.0425963 0.109461 45
0 0.938215 0.520993 0.027411 0.0661732 29
