0 0.771627 0.506088 0.0422104 0.113468 1
0 0.50251 0.529646 0.081805 0.163456 2
0 0.542672 0.320508 0.0741896 0.139126 3
0 0.849388 0.706568 0.0708064 0.109752 4
0 0.466784 0.39008 0.0355635 0.20316 5
0 0.655306 0.473836 0.0572548 0.13777 6
0 0.639626 0.51532 0.0483908 0.149034 7
0 0.88401 0.622689 0.0400108 0.0581842 8
0 0.544333 0.219182 0.0293623 0.102167 9
0 0.618225 0.350803 0.0560308 0.102999 10
0 0.743386 0.575011 0.0662025 0.117904 11
0 0.881863 0.57982 0.048049 0.0600704 12
0 0.599553 0.286152 0.0632133 0.0715946 13
0 0.556553 0.174923 0.0615715 0.106861 14
0 0.911772 0.563579 0.0316567 0.0770749 15
0 0.917822 0.37691 0.027568 0.0785875 16
0 0.665472 0.430989 0.0606427 0.129596 17
0 0.751677 0.392105 0.0514088 0.0976219 18
0 0.878781 0.449773 0.0385824 0.0894366 19
0 0.561993 0.131439 0.0441647 0.062063 21
0 0.863356 0.539217 0.0311004 0.0780927 22
0 0.811955 0.484186 0.0535972 0.111046 23
0 0.972761 0.632155 0.0272123 0.0967474 26
0 0.8299 0.405089 0.0388962 0.126034 28
0 0.909724 0.511507 0.0354183 0.0780084 32
0 0.86737 0.672675 0.0614593 0.11944 35
0 0.750442 0.452567 0.0430966 0.103362 34
0 0.813087 0.417785 0.0466018 0.0759261 20
0 0.92278 0.634481 0.044136 0.0824763 45
0 0.93567 0.521782 0.0263543 0.0687311 29
0 0.946488 0.617184 0.0340501 0.152719 42
0 0.846749 0.579065 0.0657125 0.161207 46
