0 0.769364 0.51055 0.0443831 0.128944 1
0 0.517582 0.543625 0.0666754 0.183791 2
0 0.53988 0.312004 0.0682632 0.131207 3
0 0.865621 0.700747 0.0680112 0.112572 4
0 0.465728 0.380999 0.0338565 0.198535 5
0 0.657338 0.476919 0.0542857 0.146111 6
0 0.640961 0.522377 0.0461289 0.149314 7
0 0.878419 0.61831 0.0514176 0.0664709 8
0 0.545209 0.217363 0.029417 0.101853 9
0 0.608435 0.3565 0.0550758 0.115865 10
0 0.535276 0.365841 0.0763966 0.12906 11
0 0.880349 0.57825 0.043834 0.052713 12
0 0.605264 0.296999 0.0676748 0.0909605 13
0 0.539505 0.172491 0.0579349 0.0982378 14
0 0.900233 0.563963 0.0341207 0.131874 15
0 0.916084 0.375889 0.0221327 0.0783309 16
0 0.65787 0.409759 0.058016 0.113276 17
0 0.654544 0.290553 0.0294014 0.130306 18
0 0.876467 0.450579 0.0416857 0.0915572 19
0 0.568491 0.1485 0.0434052 0.094797 21
0 0.865944 0.533177 0.036493 0.0727771 22
0 0.81345 0.491511 0.0489324 0.125416 23
0 0.840662 0.59013 0.0297511 0.176402 24
0 0.965806 0.629436 0.0395892 0.0872336 26
0 0.826751 0.40932 0.035276 0.130934 28
0 0.933015 0.392605 0.0201438 0.12072 29
0 0.937337 0.524464 0.0226028 0.0879718 31
0 0.909009 0.530582 0.0294948 0.0886217 32
0 0.934273 0.630034 0.0240627 0.137346 36
0 0.870564 0.646459 0.0575495 0.0652578 35
0 0.748856 0.452023 0.0462196 0.103339 34
0 0.81319 0.418636 0.0449552 0.0714395 20
0 0.931064 0.497905 0.0194648 0.0711219 40
