0 0.77001 0.513141 0.0420777 0.12939 1
0 0.517248 0.541533 0.0654721 0.183508 2
0 0.539489 0.323761 0.0660431 0.149149 3
0 0.855009 0.701258 0.0687473 0.110502 4
0 0.467649 0.385981 0.0345103 0.203289 5
0 0.656652 0.477637 0.0587749 0.142893 6
0 0.640456 0.502892 0.0463371 0.111177 7
0 0.875884 0.620927 0.0551917 0.0676778 8
0 0.542988 0.21921 0.0343433 0.105188 9
0 0.611307 0.359528 0.0600893 0.114478 10
0 0.641492 0.583865 0.0882246 0.152799 11
0 0.880889 0.580049 0.0494088 0.0576122 12
0 0.60046 0.288348 0.0644606 0.0778343 13
0 0.548045 0.174384 0.0608651 0.100859 14
0 0.912213 0.565961 0.0309577 0.0888531 15
0 0.918396 0.375807 0.0255041 0.0770207 16
0 0.663704 0.422527 0.056614 0.124534 17
0 0.65297 0.291574 0.0292654 0.126062 18
0 0.876322 0.448031 0.0422108 0.0867228 19
0 0.568633 0.148125 0.0432332 0.0913104 21
0 0.863774 0.527031 0.0373079 0.0784233 22
0 0.813289 0.491071 0.0499707 0.123113 23
0 0.840313 0.59035 0.0312656 0.171854 24
0 0.965202 0.628824 0.0403373 0.0858034 26
0 0.827739 0.409928 0.0350205 0.128199 28
0 0.921352 0.436711 0.0238991 0.0992396 29
0 0.935443 0.53775 0.0254892 0.102429 31
0 0.904426 0.515241 0.0357002 0.0602596 32
0 0.929687 0.656858 0.0278222 0.136285 36
0 0.8728 0.663028 0.0551227 0.0937219 35
0 0.746582 0.453407 0.0413776 0.105173 34
0 0.812178 0.418621 0.0466112 0.0702652 20
