0 0.770347 0.509432 0.0423295 0.126226 1
0 0.516734 0.544014 0.0672984 0.18148 2
0 0.541405 0.312203 0.069406 0.128855 3
0 0.866015 0.700056 0.0677258 0.112478 4
0 0.466237 0.378618 0.0346257 0.195921 5
0 0.657181 0.474168 0.0553327 0.141968 6
0 0.63994 0.522839 0.0463064 0.144637 7
0 0.88074 0.621186 0.0475377 0.0707904 8
0 0.545329 0.217513 0.0293245 0.100573 9
0 0.607931 0.356783 0.0555836 0.11524 10
0 0.521108 0.351891 0.0705841 0.146292 11
0 0.8795 0.580015 0.0447068 0.0539831 12
0 0.60636 0.298339 0.0664476 0.0925171 13
0 0.539377 0.172273 0.057654 0.0971975 14
0 0.899316 0.566825 0.0329141 0.137438 15
0 0.915613 0.381684 0.022485 0.0766239 16
0 0.655359 0.40115 0.058484 0.0969045 17
0 0.654346 0.290788 0.0300578 0.128591 18
0 0.876874 0.450476 0.0417077 0.0918607 19
0 0.568264 0.147002 0.0446166 0.0930307 21
0 0.86621 0.531771 0.0364646 0.0697775 22
0 0.813724 0.490057 0.0491583 0.121578 23
0 0.840717 0.590856 0.0306364 0.173989 24
0 0.96578 0.628683 0.0397612 0.086643 26
0 0.826543 0.408809 0.035363 0.129174 28
0 0.931926 0.380978 0.0194992 0.116572 29
0 0.937261 0.522053 0.0223662 0.0915211 31
0 0.908381 0.528186 0.029657 0.0868309 32
0 0.934174 0.630005 0.0237179 0.136632 36
0 0.870434 0.646016 0.057068 0.0642451 35
0 0.751526 0.453057 0.0509328 0.103051 34
0 0.812674 0.419047 0.0446698 0.0704947 20
0 0.930179 0.496075 0.0221081 0.0686865 40
