0 0.768114 0.506826 0.0388787 0.115996 1
0 0.50423 0.52989 0.0784422 0.162726 2
0 0.541446 0.319268 0.0713417 0.138774 3
0 0.850465 0.705943 0.0696737 0.110181 4
0 0.466647 0.388688 0.0352808 0.199702 5
0 0.655614 0.476641 0.057711 0.142365 6
0 0.640099 0.516259 0.045847 0.144704 7
0 0.881803 0.62168 0.0475192 0.0632443 8
0 0.544606 0.218285 0.0301942 0.104034 9
0 0.618213 0.351666 0.0556145 0.104217 10
0 0.720911 0.566407 0.0619574 0.113373 11
0 0.880919 0.583382 0.0502136 0.0617709 12
0 0.599623 0.287353 0.0629025 0.0736083 13
0 0.554457 0.170005 0.0619677 0.105873 14
0 0.91191 0.563349 0.0326329 0.0793146 15
0 0.91779 0.376497 0.027272 0.0784369 16
0 0.665017 0.427461 0.0591956 0.122201 17
0 0.749517 0.389549 0.0502382 0.0973942 18
0 0.878518 0.448687 0.0391326 0.0875609 19
0 0.560287 0.129301 0.0440413 0.0604797 21
0 0.866863 0.530672 0.0372195 0.0745978 22
0 0.811505 0.488818 0.0527375 0.119208 23
0 0.833263 0.584954 0.0399359 0.165436 24
0 0.971524 0.629519 0.0293072 0.0907497 26
0 0.828796 0.409666 0.0359437 0.131695 28
0 0.909016 0.511211 0.0358066 0.0761763 32
0 0.873265 0.673902 0.0533502 0.11359 35
0 0.751134 0.447954 0.0451466 0.107332 34
0 0.811924 0.41721 0.0463014 0.0717959 20
0 0.92324 0.635356 0.0431222 0.0839048 45
0 0.937632 0.517625 0.0218335 0.0582683 29
0 0.944219 0.612121 0.0307133 0.156528 42
