0 0.765619 0.511261 0.0430941 0.127217 1
0 0.517325 0.542096 0.0678587 0.181421 2
0 0.540692 0.318437 0.0648644 0.136019 3
0 0.869138 0.700789 0.0601913 0.114072 4
0 0.465507 0.376578 0.0342645 0.197322 5
0 0.659487 0.485014 0.0560679 0.153509 6
0 0.638403 0.525014 0.0501648 0.143972 7
0 0.879372 0.619046 0.0494576 0.0655413 8
0 0.544545 0.218098 0.0282404 0.105673 9
0 0.608966 0.358463 0.0573851 0.11612 10
0 0.504562 0.254333 0.0278463 0.152045 11
0 0.878763 0.577021 0.0449112 0.0551832 12
0 0.625027 0.305594 0.0548374 0.0818046 13
0 0.540726 0.168912 0.057709 0.0885348 14
0 0.895972 0.551507 0.0328645 0.13212 15
0 0.884192 0.392857 0.0437634 0.0561505 16
0 0.648853 0.40078 0.060785 0.0913659 17
0 0.646997 0.261743 0.0362227 0.132204 18
0 0.876171 0.4499 0.0443883 0.0959386 19
0 0.567812 0.152322 0.0419876 0.100355 21
0 0.866527 0.529408 0.0370826 0.0630718 22
0 0.80671 0.487295 0.0487136 0.119473 23
0 0.839834 0.589437 0.0283497 0.167379 24
0 0.966032 0.62633 0.0392496 0.0835817 26
0 0.826658 0.411325 0.03561 0.131681 28
0 0.928456 0.388373 0.0231591 0.106919 29
0 0.934907 0.523008 0.0271263 0.0830407 31
0 0.908895 0.532018 0.0285866 0.0975357 32
0 0.934371 0.622632 0.0253147 0.139063 36
0 0.870231 0.64594 0.0581961 0.0638691 35
0 0.749956 0.450144 0.0454146 0.101179 34
0 0.811393 0.444541 0.0488169 0.119803 38
0 0.810822 0.422717 0.0476227 0.0752339 20
