0 0.745461 0.50176 0.0568572 0.112366 1
0 0.518179 0.54278 0.0650177 0.183772 2
0 0.546232 0.31069 0.0687689 0.121156 3
0 0.873848 0.696506 0.0608536 0.12381 4
0 0.464328 0.383911 0.0343423 0.195859 5
0 0.662808 0.490606 0.0594105 0.147451 6
0 0.640636 0.531246 0.0599554 0.140036 7
0 0.88114 0.640204 0.0594031 0.078894 8
0 0.545229 0.212377 0.0289176 0.0903396 9
0 0.607964 0.358812 0.0521711 0.116791 10
0 0.497571 0.203545 0.0287831 0.139237 11
0 0.878949 0.583554 0.0536653 0.0657548 12
0 0.657625 0.306939 0.0417865 0.104735 13
0 0.540761 0.168719 0.0529946 0.0923813 14
0 0.891412 0.477774 0.0346077 0.0575156 15
0 0.862099 0.505726 0.025863 0.119484 16
0 0.634438 0.40059 0.0571 0.100271 17
0 0.633353 0.262662 0.0439578 0.104855 18
0 0.882321 0.434951 0.0324937 0.0667969 19
0 0.810499 0.412108 0.045 0.078173 20
0 0.585097 0.199414 0.0331598 0.121074 21
0 0.894015 0.546943 0.0464406 0.0938771 22
0 0.808762 0.483248 0.057799 0.0982401 23
0 0.836879 0.586004 0.031951 0.176152 24
0 0.932332 0.609103 0.0248922 0.140399 25
0 0.969284 0.628911 0.0326617 0.0855753 26
0 0.755242 0.446763 0.049424 0.0912707 27
0 0.81734 0.381441 0.0354859 0.0939578 28
0 0.931571 0.392331 0.0203794 0.101075 29
0 0.922241 0.487026 0.0215597 0.0671816 30
0 0.938904 0.552053 0.0243765 0.089082 31
0 0.907747 0.538069 0.0330755 0.107203 32
