0 0.765097 0.512062 0.0422714 0.128172 1
0 0.517479 0.542073 0.0676142 0.181692 2
0 0.540144 0.318501 0.0655231 0.135587 3
0 0.869264 0.700891 0.0600488 0.114271 4
0 0.465442 0.377496 0.0342093 0.198887 5
0 0.659844 0.48538 0.0553834 0.153728 6
0 0.638577 0.525572 0.0500037 0.145391 7
0 0.879355 0.619014 0.0494707 0.0656026 8
0 0.544452 0.218026 0.0282734 0.105293 9
0 0.60886 0.358173 0.057003 0.116099 10
0 0.505506 0.250187 0.0280897 0.149269 11
0 0.878725 0.577016 0.0449755 0.0549764 12
0 0.626324 0.306792 0.0543428 0.0833196 13
0 0.540703 0.169281 0.0579195 0.0895637 14
0 0.895964 0.550866 0.0332214 0.131048 15
0 0.88237 0.394469 0.0453621 0.0596793 16
0 0.648649 0.400903 0.0612347 0.0917737 17
0 0.64615 0.259957 0.0371219 0.131288 18
0 0.876218 0.449856 0.0443886 0.0958041 19
0 0.56764 0.152762 0.0413669 0.101515 21
0 0.86659 0.529214 0.0370047 0.0625556 22
0 0.806386 0.485684 0.0494389 0.117288 23
0 0.839787 0.590514 0.0284755 0.167744 24
0 0.966032 0.626431 0.0392353 0.0839589 26
0 0.826689 0.412168 0.0355976 0.133704 28
0 0.928504 0.388434 0.0230945 0.107182 29
0 0.934762 0.522867 0.0274036 0.0829298 31
0 0.908851 0.531951 0.0285443 0.0975205 32
0 0.934383 0.622305 0.0255109 0.138925 36
0 0.871004 0.645638 0.0566633 0.0632379 35
0 0.749389 0.450436 0.0448916 0.102221 34
0 0.811654 0.44638 0.0489708 0.124047 38
