0 0.746718 0.500835 0.0549124 0.110845 1
0 0.51818 0.541348 0.0660225 0.183069 2
0 0.537333 0.323677 0.0659598 0.146325 3
0 0.871202 0.691482 0.064424 0.129601 4
0 0.468269 0.383341 0.0351851 0.193427 5
0 0.656549 0.479688 0.0613964 0.139208 6
0 0.643272 0.531252 0.0527329 0.137381 7
0 0.875844 0.619274 0.0525974 0.0592434 8
0 0.544488 0.218305 0.0295091 0.10471 9
0 0.608335 0.358707 0.0561224 0.116529 10
0 0.504696 0.217677 0.0319926 0.123086 11
0 0.878346 0.577945 0.0457708 0.0584418 12
0 0.639341 0.304489 0.0498604 0.0776621 13
0 0.535557 0.167664 0.049392 0.0861781 14
0 0.887435 0.512357 0.027824 0.0871943 15
0 0.858182 0.452597 0.0275195 0.0869628 16
0 0.639872 0.397322 0.0559378 0.0968167 17
0 0.62673 0.25656 0.0481585 0.0866851 18
0 0.883191 0.438384 0.0289365 0.0733023 19
0 0.807992 0.411774 0.0452722 0.0732848 20
0 0.572162 0.158353 0.039698 0.0987916 21
0 0.863969 0.530527 0.0366199 0.0679718 22
0 0.806848 0.486059 0.0558521 0.11308 23
0 0.836937 0.590573 0.0307906 0.169446 24
0 0.962576 0.628394 0.0466931 0.0864544 26
0 0.824982 0.401496 0.0353542 0.111219 28
0 0.929088 0.388547 0.0212326 0.105698 29
0 0.928707 0.527579 0.021123 0.0847782 30
0 0.939003 0.525525 0.0179341 0.076617 31
0 0.910381 0.543116 0.0260718 0.0973745 32
0 0.752363 0.4445 0.050367 0.0881779 34
0 0.929701 0.559194 0.020775 0.123798 36
