0 0.746872 0.500424 0.0541506 0.111684 1
0 0.519102 0.542335 0.0624439 0.183788 2
0 0.538617 0.314958 0.0670373 0.134982 3
0 0.872744 0.695817 0.0634681 0.122627 4
0 0.468284 0.387432 0.0347876 0.199382 5
0 0.659422 0.478666 0.0539212 0.141161 6
0 0.642692 0.532407 0.0543751 0.139726 7
0 0.881342 0.635979 0.0559403 0.0757761 8
0 0.544905 0.217945 0.0292844 0.101842 9
0 0.608899 0.357338 0.0571141 0.114682 10
0 0.499107 0.20183 0.0309785 0.138852 11
0 0.87931 0.577905 0.0514377 0.0641144 12
0 0.657176 0.302512 0.0404668 0.0981092 13
0 0.537253 0.166141 0.0498036 0.0906712 14
0 0.887504 0.478774 0.0280751 0.0545254 15
0 0.862798 0.495227 0.0256425 0.102155 16
0 0.639749 0.400288 0.0592838 0.100045 17
0 0.630854 0.263066 0.0457963 0.100316 18
0 0.882332 0.43131 0.0310466 0.0591049 19
0 0.809393 0.412497 0.0436323 0.0739278 20
0 0.575548 0.175383 0.0344992 0.108323 21
0 0.88382 0.532842 0.0417768 0.0596421 22
0 0.809191 0.481688 0.058568 0.0967928 23
0 0.837468 0.587335 0.032409 0.179372 24
0 0.933054 0.630504 0.0246133 0.139657 25
0 0.96547 0.633374 0.0420337 0.0621907 26
0 0.818709 0.390593 0.0386152 0.111647 28
0 0.930005 0.388485 0.0195569 0.105684 29
0 0.922655 0.489242 0.0202464 0.0679432 30
0 0.937709 0.536547 0.0203905 0.0752108 31
0 0.907159 0.540764 0.0324093 0.113112 32
0 0.753696 0.457218 0.0499626 0.112153 34
