0 0.769118 0.51045 0.044045 0.129242 1
0 0.518916 0.542533 0.0623102 0.184979 2
0 0.539208 0.328531 0.0653217 0.158684 3
0 0.850468 0.704109 0.0709462 0.113367 4
0 0.467879 0.382543 0.0339052 0.197208 5
0 0.656569 0.475929 0.0573428 0.139788 6
0 0.640017 0.515306 0.0470422 0.136384 7
0 0.880625 0.622973 0.0502263 0.0724802 8
0 0.541163 0.219662 0.0383955 0.108198 9
0 0.618714 0.355096 0.0593819 0.110916 10
0 0.672901 0.611524 0.075539 0.138885 11
0 0.881217 0.579793 0.050313 0.0562084 12
0 0.599745 0.292336 0.064792 0.0848114 13
0 0.55431 0.168572 0.0629266 0.107414 14
0 0.912486 0.56387 0.0301716 0.0807225 15
0 0.917659 0.37615 0.0263844 0.0779668 16
0 0.662246 0.419872 0.056022 0.116485 17
0 0.65089 0.293256 0.0261032 0.129337 18
0 0.876317 0.448969 0.0431899 0.0858757 19
0 0.569836 0.145606 0.0409864 0.0875614 21
0 0.864792 0.528543 0.0358365 0.0766515 22
0 0.813099 0.489389 0.0501204 0.121299 23
0 0.840385 0.583948 0.0311909 0.164744 24
0 0.964823 0.627946 0.0404208 0.0851722 26
0 0.828477 0.411363 0.0349286 0.132002 28
0 0.919357 0.459647 0.0234505 0.0982679 29
0 0.937345 0.540865 0.0220304 0.10752 31
0 0.905957 0.517949 0.0362666 0.0593215 32
0 0.874865 0.675627 0.0507462 0.118141 35
0 0.74854 0.454119 0.0472542 0.105334 34
0 0.813117 0.419832 0.0451965 0.0742295 20
0 0.928511 0.634449 0.0308207 0.0802814 42
