0 0.746521 0.500621 0.0536356 0.111794 1
0 0.519407 0.542513 0.0618358 0.183667 2
0 0.538784 0.315715 0.0675275 0.134395 3
0 0.872505 0.696514 0.064162 0.123334 4
0 0.4682 0.388361 0.0349675 0.20099 5
0 0.659044 0.478701 0.0547734 0.141694 6
0 0.642709 0.532366 0.0542648 0.139139 7
0 0.881248 0.63574 0.0566178 0.0750853 8
0 0.544852 0.21872 0.029316 0.102668 9
0 0.608966 0.357307 0.0568645 0.114463 10
0 0.498718 0.202195 0.0301711 0.139634 11
0 0.878991 0.578531 0.0521329 0.0640959 12
0 0.657091 0.302709 0.0405554 0.0983102 13
0 0.537061 0.165835 0.0499425 0.0901509 14
0 0.887725 0.479378 0.0273282 0.0553937 15
0 0.862613 0.49349 0.0265532 0.0981431 16
0 0.63994 0.400642 0.0583707 0.100047 17
0 0.630711 0.26318 0.0456264 0.100206 18
0 0.882329 0.432266 0.0311561 0.0607555 19
0 0.809232 0.412706 0.0439497 0.0741316 20
0 0.574921 0.175151 0.0363653 0.109418 21
0 0.883958 0.533208 0.0398807 0.0589127 22
0 0.80916 0.482167 0.0583078 0.0978162 23
0 0.837087 0.58706 0.0315205 0.177584 24
0 0.93329 0.632882 0.0247659 0.136398 25
0 0.965878 0.634616 0.041497 0.0653988 26
0 0.818429 0.391661 0.0392349 0.113257 28
0 0.930091 0.388305 0.0192937 0.105502 29
0 0.922581 0.489893 0.0202064 0.068891 30
0 0.937754 0.537822 0.0204181 0.0778325 31
0 0.907357 0.540305 0.0312691 0.112058 32
0 0.754056 0.459919 0.051028 0.117409 34
