0 0.773715 0.505739 0.045422 0.0949697 1
0 0.502072 0.530183 0.0836661 0.163314 2
0 0.542941 0.320324 0.073235 0.138226 3
0 0.846477 0.711693 0.0705181 0.106698 4
0 0.466756 0.38979 0.0352049 0.202319 5
0 0.654983 0.472688 0.0588392 0.13647 6
0 0.632975 0.522492 0.0647171 0.158029 7
0 0.880523 0.620423 0.0421759 0.0586772 8
0 0.544211 0.219229 0.0288989 0.102347 9
0 0.618192 0.351169 0.0560312 0.104983 10
0 0.754464 0.583324 0.0707167 0.111403 11
0 0.880568 0.581014 0.0503945 0.0621216 12
0 0.599883 0.285857 0.0635167 0.0712407 13
0 0.558686 0.175983 0.0600734 0.106555 14
0 0.91152 0.56377 0.0325248 0.0796554 15
0 0.91781 0.37683 0.0275645 0.077594 16
0 0.666384 0.429839 0.0633268 0.127909 17
0 0.751508 0.393065 0.0505761 0.102376 18
0 0.878222 0.449397 0.0401543 0.0890124 19
0 0.565116 0.133318 0.0452634 0.0678161 21
0 0.862759 0.534998 0.0321392 0.076569 22
0 0.811323 0.481183 0.0523942 0.110556 23
0 0.972729 0.632693 0.027142 0.0968727 26
0 0.82909 0.406142 0.0375351 0.127688 28
0 0.909893 0.511487 0.0362108 0.0792854 32
0 0.865683 0.672353 0.0607934 0.119906 35
0 0.750851 0.454256 0.0419741 0.102765 34
0 0.813424 0.417554 0.0437958 0.0746359 20
0 0.921813 0.639274 0.0487772 0.0814591 45
0 0.935549 0.524602 0.0268208 0.0764451 29
0 0.947003 0.621661 0.0330493 0.147458 42
0 0.845863 0.576293 0.0641729 0.161232 46
0 0.833466 0.577064 0.0385492 0.158592 24
0 0.854829 0.537833 0.0483075 0.0838035 47
