0 0.759525 0.50607 0.0470942 0.113566 1
0 0.516776 0.544527 0.067926 0.183559 2
0 0.536988 0.320309 0.0713546 0.138598 3
0 0.869456 0.700833 0.0601163 0.112375 4
0 0.465575 0.376526 0.0332714 0.192496 5
0 0.66007 0.485711 0.0545142 0.152099 6
0 0.639552 0.527448 0.0485049 0.151313 7
0 0.880179 0.619509 0.0492833 0.0661748 8
0 0.544648 0.218543 0.0294053 0.103779 9
0 0.608677 0.35805 0.0568779 0.11685 10
0 0.505304 0.221618 0.0325534 0.104007 11
0 0.878885 0.576634 0.0450461 0.0558911 12
0 0.630617 0.30698 0.0511559 0.08391 13
0 0.540017 0.17067 0.0569092 0.0950742 14
0 0.895045 0.550921 0.0336179 0.131424 15
0 0.877499 0.403699 0.0433967 0.0706856 16
0 0.646863 0.400478 0.0613065 0.0942113 17
0 0.638364 0.231111 0.0337055 0.0691894 18
0 0.875881 0.449428 0.0444789 0.0941449 19
0 0.568347 0.153409 0.0387255 0.101619 21
0 0.866601 0.528323 0.0373944 0.0620779 22
0 0.805549 0.486809 0.0504579 0.118107 23
0 0.840511 0.588023 0.0273621 0.1682 24
0 0.966205 0.626073 0.0387986 0.085202 26
0 0.826658 0.413618 0.0359137 0.133434 28
0 0.930218 0.388189 0.0192889 0.105099 29
0 0.935725 0.522421 0.0258228 0.0810713 31
0 0.908513 0.531321 0.028304 0.0957224 32
0 0.934633 0.619651 0.0264114 0.13943 36
0 0.870148 0.648313 0.0594904 0.0675659 35
0 0.747652 0.448712 0.0438383 0.0940476 34
0 0.810829 0.436374 0.047845 0.110138 38
