0 0.748074 0.500889 0.0572664 0.111758 1
0 0.517904 0.542355 0.0646068 0.18368 2
0 0.542508 0.311512 0.0648701 0.126307 3
0 0.872722 0.695896 0.063481 0.122954 4
0 0.467615 0.388914 0.0345633 0.202783 5
0 0.660799 0.486315 0.0557352 0.150158 6
0 0.642006 0.531599 0.0585573 0.138956 7
0 0.8821 0.636725 0.0561377 0.0764575 8
0 0.544904 0.214448 0.0294693 0.0946987 9
0 0.608105 0.358917 0.0533385 0.115807 10
0 0.499139 0.200808 0.0310786 0.135283 11
0 0.878843 0.579539 0.0514497 0.0671173 12
0 0.65861 0.303776 0.0391202 0.100561 13
0 0.540155 0.166634 0.0545346 0.0945747 14
0 0.888975 0.480398 0.0312964 0.0601207 15
0 0.86215 0.502708 0.0255372 0.116019 16
0 0.6405 0.401475 0.0608608 0.0985901 17
0 0.632709 0.262851 0.0472248 0.10398 18
0 0.882237 0.434179 0.0306021 0.065453 19
0 0.809021 0.412085 0.0439115 0.0762749 20
0 0.583981 0.198607 0.0370898 0.126974 21
0 0.894915 0.555892 0.0472766 0.107019 22
0 0.809763 0.48126 0.0590537 0.0923294 23
0 0.837265 0.588513 0.0330842 0.176288 24
0 0.933803 0.624859 0.0236503 0.143452 25
0 0.967327 0.633273 0.0341061 0.0847149 26
0 0.817369 0.386352 0.0356738 0.103758 28
0 0.930413 0.388964 0.0185509 0.103536 29
0 0.922615 0.487916 0.0208221 0.0676481 30
0 0.938541 0.547914 0.0236132 0.0813101 31
0 0.906902 0.521427 0.0335187 0.074512 32
