0 0.770934 0.499685 0.0386045 0.10007 1
0 0.502888 0.530081 0.0810954 0.162537 2
0 0.542936 0.320917 0.0747936 0.139662 3
0 0.85034 0.705544 0.0692803 0.109415 4
0 0.466754 0.391632 0.0355485 0.206008 5
0 0.655341 0.474603 0.0570987 0.138868 6
0 0.639892 0.516493 0.0464148 0.148374 7
0 0.883135 0.622146 0.0431214 0.0593819 8
0 0.544359 0.218903 0.0292911 0.102412 9
0 0.618676 0.350631 0.0563964 0.102939 10
0 0.736481 0.573008 0.0646164 0.122551 11
0 0.882508 0.579475 0.0467471 0.0591227 12
0 0.599333 0.285963 0.0631683 0.0707629 13
0 0.555823 0.174188 0.0620595 0.107947 14
0 0.911989 0.563792 0.0313207 0.0768416 15
0 0.917798 0.376643 0.0277526 0.0784879 16
0 0.665513 0.430961 0.0602949 0.129447 17
0 0.751377 0.391279 0.0509323 0.0965229 18
0 0.878603 0.449773 0.0391749 0.0898068 19
0 0.562134 0.132441 0.043851 0.0638844 21
0 0.863923 0.53857 0.0322576 0.0768548 22
0 0.811584 0.485807 0.0530004 0.113245 23
0 0.972686 0.631486 0.027306 0.096152 26
0 0.829482 0.406728 0.038048 0.128867 28
0 0.90955 0.511376 0.035535 0.077776 32
0 0.86926 0.674638 0.0598063 0.116935 35
0 0.749969 0.451891 0.0425486 0.102771 34
0 0.812848 0.418153 0.0469591 0.075017 20
0 0.92359 0.634599 0.0427355 0.0825512 45
0 0.935929 0.522222 0.0252393 0.068328 29
0 0.946369 0.614843 0.0331961 0.149097 42
0 0.847228 0.580615 0.0666075 0.165661 46
