0 0.745454 0.500852 0.0531732 0.110312 1
0 0.51837 0.542626 0.0639051 0.184641 2
0 0.537356 0.319464 0.0648424 0.138061 3
0 0.872668 0.699462 0.0637495 0.127227 4
0 0.467986 0.386245 0.0340075 0.198173 5
0 0.655962 0.478704 0.0613228 0.140388 6
0 0.643205 0.532994 0.054556 0.141383 7
0 0.883603 0.628721 0.0511415 0.0693299 8
0 0.544501 0.219232 0.0296074 0.10363 9
0 0.608254 0.357971 0.0539958 0.117863 10
0 0.501801 0.213598 0.0286685 0.134731 11
0 0.87817 0.581297 0.0466767 0.0613402 12
0 0.638022 0.303727 0.0500741 0.0827342 13
0 0.536062 0.167172 0.0488071 0.0891117 14
0 0.887032 0.509891 0.0226196 0.0975398 15
0 0.860671 0.469785 0.0294836 0.0725419 16
0 0.640207 0.39648 0.0553861 0.0982386 17
0 0.628868 0.254119 0.044239 0.083484 18
0 0.882432 0.43786 0.0304472 0.0712021 19
0 0.807637 0.411457 0.04455 0.0760804 20
0 0.572226 0.163699 0.040076 0.1105 21
0 0.867277 0.532327 0.0389524 0.0667594 22
0 0.807067 0.481954 0.0556414 0.101325 23
0 0.836578 0.586929 0.0333521 0.172358 24
0 0.912883 0.692476 0.0335365 0.0985825 25
0 0.96217 0.630746 0.0471301 0.0895377 26
0 0.824791 0.399938 0.0357432 0.11443 28
0 0.929119 0.388876 0.0207335 0.103289 29
0 0.923094 0.496845 0.0197968 0.0810355 30
0 0.935844 0.549685 0.0237078 0.113018 31
0 0.909801 0.543036 0.0262938 0.106557 32
0 0.754 0.443789 0.048003 0.0877513 34
