0 0.747383 0.502466 0.0560402 0.11031 1
0 0.517803 0.542722 0.0657849 0.184705 2
0 0.545741 0.310741 0.0674531 0.121626 3
0 0.872929 0.697844 0.0625308 0.125459 4
0 0.466009 0.386199 0.0344602 0.197756 5
0 0.662786 0.491182 0.0587004 0.148743 6
0 0.640538 0.531608 0.0603756 0.140688 7
0 0.883035 0.640801 0.0559836 0.076122 8
0 0.5452 0.212737 0.0290359 0.0898164 9
0 0.607774 0.35827 0.0523504 0.116129 10
0 0.498087 0.2022 0.0296145 0.137181 11
0 0.878554 0.584676 0.0531173 0.0662042 12
0 0.657576 0.305793 0.0413621 0.102848 13
0 0.541388 0.168167 0.0546204 0.0937445 14
0 0.891055 0.478196 0.0336671 0.0568075 15
0 0.862107 0.506243 0.0258228 0.120026 16
0 0.637607 0.400449 0.0600354 0.101443 17
0 0.633406 0.262482 0.0439597 0.104544 18
0 0.882329 0.4353 0.0321101 0.0680047 19
0 0.80952 0.411263 0.0436145 0.0766677 20
0 0.585234 0.198512 0.0337456 0.120348 21
0 0.89442 0.552427 0.0455637 0.104332 22
0 0.809288 0.482754 0.0582556 0.0969251 23
0 0.837096 0.586552 0.0319098 0.175285 24
0 0.932669 0.610971 0.0247382 0.140718 25
0 0.968659 0.629754 0.0324403 0.0882405 26
0 0.754948 0.45852 0.0491499 0.114649 27
0 0.817604 0.385378 0.0355469 0.101583 28
0 0.930871 0.390197 0.0203904 0.10062 29
0 0.922409 0.488428 0.0213769 0.0700736 30
0 0.939027 0.552778 0.0239429 0.0899243 31
0 0.907996 0.536364 0.0324268 0.103341 32
