0 0.769156 0.509547 0.0433989 0.124468 1
0 0.518858 0.542586 0.0623635 0.185912 2
0 0.540131 0.319076 0.0677374 0.139936 3
0 0.849778 0.706331 0.0707805 0.113291 4
0 0.468934 0.387172 0.0353243 0.199502 5
0 0.656831 0.476072 0.0559493 0.142308 6
0 0.640588 0.517857 0.0470161 0.143227 7
0 0.881686 0.620417 0.0484612 0.0657432 8
0 0.542151 0.219311 0.0354459 0.108571 9
0 0.617057 0.355347 0.0604724 0.110133 10
0 0.689681 0.601682 0.0674058 0.160337 11
0 0.880779 0.58187 0.0502659 0.0580602 12
0 0.599537 0.288556 0.0635658 0.0764681 13
0 0.55402 0.170091 0.0601562 0.107629 14
0 0.911682 0.565316 0.0322527 0.0844051 15
0 0.917682 0.376502 0.0274227 0.0793985 16
0 0.662989 0.423842 0.0569534 0.126063 17
0 0.677329 0.335844 0.0550591 0.133425 18
0 0.876697 0.449747 0.0431975 0.0874144 19
0 0.563222 0.143949 0.052915 0.0867923 21
0 0.865989 0.529894 0.0364045 0.0746846 22
0 0.813346 0.49498 0.0486377 0.130376 23
0 0.839755 0.586872 0.0371213 0.160913 24
0 0.965095 0.628334 0.0400846 0.0851156 26
0 0.828155 0.411781 0.0348569 0.133324 28
0 0.925463 0.513425 0.0201676 0.0969436 29
0 0.939142 0.540031 0.0175287 0.107598 31
0 0.910898 0.52005 0.0358666 0.07166 32
0 0.872435 0.675459 0.0547728 0.118569 35
0 0.747051 0.454039 0.0448745 0.104521 34
0 0.812218 0.418444 0.0454149 0.0700427 20
0 0.925995 0.636871 0.035636 0.0809151 42
0 0.923283 0.653795 0.0404087 0.113067 45
