0 0.770031 0.513167 0.0419333 0.13281 1
0 0.516845 0.541399 0.066896 0.18288 2
0 0.539704 0.324108 0.0662088 0.149715 3
0 0.852566 0.700874 0.0699061 0.113358 4
0 0.467755 0.386007 0.0345869 0.204082 5
0 0.656562 0.477468 0.0582956 0.14199 6
0 0.640776 0.500849 0.0460855 0.109471 7
0 0.876337 0.620983 0.0547509 0.0677321 8
0 0.542774 0.219234 0.0341301 0.105002 9
0 0.612 0.359738 0.0615801 0.11407 10
0 0.647268 0.594808 0.0935598 0.140117 11
0 0.8807 0.579982 0.0502541 0.0572479 12
0 0.600535 0.287515 0.0642576 0.0761757 13
0 0.550195 0.175416 0.061765 0.104596 14
0 0.912166 0.563799 0.0308616 0.0844086 15
0 0.918427 0.374157 0.024998 0.0736355 16
0 0.663098 0.423373 0.0553892 0.125914 17
0 0.65318 0.291522 0.0285068 0.125171 18
0 0.876323 0.448098 0.0429594 0.0860007 19
0 0.569019 0.146524 0.0413552 0.0874965 21
0 0.86366 0.527291 0.0368806 0.0783775 22
0 0.812977 0.488745 0.0495356 0.118574 23
0 0.840569 0.586808 0.0291181 0.168036 24
0 0.965081 0.628857 0.040403 0.0861651 26
0 0.827864 0.410918 0.0351815 0.130006 28
0 0.920951 0.439505 0.022114 0.101318 29
0 0.935754 0.538857 0.0249874 0.104712 31
0 0.904568 0.51516 0.0353348 0.0603302 32
0 0.928796 0.658887 0.0293213 0.137405 36
0 0.874054 0.666751 0.0530967 0.101702 35
0 0.746483 0.453341 0.0421328 0.104706 34
0 0.812402 0.419068 0.0469703 0.070804 20
