0 0.745478 0.50089 0.0531229 0.110565 1
0 0.517829 0.542468 0.0649655 0.184661 2
0 0.537226 0.318945 0.0648643 0.136764 3
0 0.872782 0.698909 0.0630309 0.126669 4
0 0.467964 0.386241 0.0340234 0.198179 5
0 0.655867 0.478407 0.0613596 0.14048 6
0 0.643178 0.532957 0.054574 0.141537 7
0 0.883273 0.629948 0.0516868 0.0712369 8
0 0.544473 0.219236 0.0295691 0.103641 9
0 0.60821 0.358094 0.0537763 0.117792 10
0 0.501155 0.213589 0.0279248 0.135841 11
0 0.878321 0.581644 0.0468364 0.0612088 12
0 0.640765 0.303101 0.0478223 0.0832654 13
0 0.53618 0.16667 0.0489732 0.0880641 14
0 0.886405 0.508443 0.021526 0.0969697 15
0 0.860783 0.470632 0.0296906 0.0719674 16
0 0.640164 0.395645 0.0549412 0.0964262 17
0 0.62912 0.254737 0.0443223 0.085004 18
0 0.882417 0.438137 0.0305124 0.0716026 19
0 0.807707 0.411427 0.0446178 0.0759882 20
0 0.572246 0.16378 0.0400641 0.110786 21
0 0.867416 0.532336 0.0389137 0.0663829 22
0 0.807146 0.482094 0.0557371 0.101637 23
0 0.83676 0.586934 0.0334196 0.173035 24
0 0.914867 0.690326 0.0329817 0.101854 25
0 0.962209 0.630513 0.0471601 0.0895663 26
0 0.824805 0.399856 0.0357434 0.115471 28
0 0.929111 0.388639 0.0207915 0.102764 29
0 0.923151 0.49549 0.0200844 0.079162 30
0 0.935829 0.549675 0.0236063 0.112179 31
0 0.909285 0.543111 0.0270127 0.107564 32
0 0.753968 0.443781 0.0479172 0.087767 34
