0 0.768934 0.511277 0.0438718 0.135045 1
0 0.518213 0.540942 0.0648195 0.18371 2
0 0.539158 0.326477 0.0651534 0.15495 3
0 0.850634 0.704549 0.0707384 0.115814 4
0 0.46773 0.386037 0.034346 0.204385 5
0 0.656658 0.477291 0.0573018 0.141394 6
0 0.640494 0.515301 0.0465447 0.136392 7
0 0.879989 0.623164 0.0516465 0.0729354 8
0 0.541564 0.219338 0.0377975 0.108197 9
0 0.61647 0.354813 0.0629694 0.111661 10
0 0.671838 0.612127 0.0765906 0.138016 11
0 0.880791 0.579682 0.0510138 0.0573504 12
0 0.600357 0.288128 0.0648451 0.0771093 13
0 0.554142 0.172164 0.0628958 0.11399 14
0 0.912271 0.565565 0.0308285 0.0851887 15
0 0.917769 0.376428 0.025752 0.0779967 16
0 0.66172 0.415108 0.0533939 0.10846 17
0 0.652376 0.29197 0.0264694 0.129332 18
0 0.876516 0.449405 0.0430619 0.0871109 19
0 0.569148 0.145299 0.0412897 0.0845129 21
0 0.863822 0.52861 0.0356711 0.077677 22
0 0.812952 0.488624 0.0507616 0.119101 23
0 0.840674 0.586317 0.0297126 0.164663 24
0 0.964936 0.629243 0.0408945 0.0872411 26
0 0.828452 0.411521 0.0347321 0.131366 28
0 0.920056 0.454436 0.0212129 0.0993465 29
0 0.936655 0.540877 0.0232828 0.107363 31
0 0.905558 0.51684 0.0347651 0.0597707 32
0 0.874675 0.676095 0.0518822 0.117988 35
0 0.747016 0.453604 0.0433436 0.105182 34
0 0.812965 0.419121 0.0454948 0.0717726 20
0 0.92926 0.634447 0.0295425 0.081283 42
0 0.922969 0.658492 0.040414 0.130562 36
