0 0.518614 0.541756 0.0644342 0.18444
0 0.464578 0.389523 0.034718 0.210821
0 0.545273 0.214832 0.02915 0.100151
0 0.836161 0.579951 0.0302117 0.174378
0 0.496272 0.21164 0.0260604 0.16136
0 0.641632 0.53565 0.0575331 0.155842
0 0.656324 0.307345 0.0430311 0.114941
0 0.818565 0.383688 0.0305382 0.106633
0 0.861379 0.502809 0.0255947 0.116523
0 0.63542 0.399648 0.0512321 0.10896
0 0.663144 0.490204 0.0550049 0.152719
0 0.881973 0.43942 0.0292578 0.0785213
0 0.932723 0.616697 0.0216015 0.153887
0 0.606775 0.359304 0.0448131 0.122191
0 0.585133 0.200397 0.0342453 0.133115
0 0.631233 0.26317 0.0372063 0.108292
0 0.808803 0.486166 0.0543761 0.113066
0 0.74635 0.506586 0.0537583 0.129124
0 0.533349 0.171716 0.039257 0.100313
0 0.545868 0.32032 0.0658606 0.144667
0 0.882584 0.642761 0.0539196 0.0816534
0 0.891851 0.487221 0.034301 0.0761711
0 0.939638 0.558057 0.0217564 0.105734
0 0.877562 0.590813 0.0565368 0.0868898
0 0.808388 0.4078 0.0418625 0.0787876
0 0.890834 0.547395 0.0414552 0.0995997
0 0.752476 0.438666 0.0474482 0.0996047
0 0.938777 0.578448 0.022541 0.138207
0 0.555129 0.172967 0.0307251 0.100413
0 0.895991 0.551268 0.0401069 0.112655
0 0.968395 0.64721 0.0298012 0.121712
0 0.0344919 0.313731 0.0323828 0.123432
0 0.910681 0.559102 0.0231089 0.134649
0 0.873727 0.713416 0.0615162 0.162766
0 0.891191 0.644067 0.0382086 0.0897414
0 0.00508824 0.662031 0.0101765 0.126403
0 0.0545007 0.251228 0.0289162 0.151931
0 0.0733025 0.616519 0.0356308 0.164432
0 0.0693918 0.678146 0.0346257 0.155133
0 0.95049 0.40569 0.0200519 0.11301
