0 0.51985 0.540693 0.0609942 0.184106
0 0.467635 0.389022 0.0357728 0.204297
0 0.643 0.541748 0.0529475 0.167168
0 0.539247 0.318219 0.0634298 0.153408
0 0.545124 0.214036 0.0293319 0.0965621
0 0.836362 0.582031 0.0305553 0.181201
0 0.660737 0.480623 0.0488198 0.150988
0 0.933728 0.632797 0.0232537 0.155763
0 0.657471 0.303819 0.0411514 0.107965
0 0.860902 0.501145 0.0256344 0.114809
0 0.818083 0.38901 0.0325901 0.114642
0 0.88203 0.438549 0.0284065 0.0755836
0 0.496917 0.206246 0.0272 0.149525
0 0.640301 0.39626 0.0548298 0.103052
0 0.748833 0.507432 0.052148 0.132525
0 0.607188 0.363485 0.0468718 0.130948
0 0.808625 0.483266 0.0544414 0.109592
0 0.628709 0.263856 0.0414102 0.107267
0 0.532273 0.171116 0.0437005 0.106304
0 0.88654 0.638617 0.0440115 0.0848313
0 0.937172 0.54532 0.0241818 0.081404
0 0.581781 0.187871 0.0328533 0.133365
0 0.889501 0.49042 0.0313911 0.0788975
0 0.878931 0.586341 0.0545464 0.0889949
0 0.808136 0.410674 0.0416843 0.0818586
0 0.752776 0.434307 0.0484694 0.0922979
0 0.909082 0.55605 0.0274231 0.130578
0 0.974956 0.917293 0.0327569 0.165415
0 0.00507569 0.66541 0.0101411 0.120942
0 0.892087 0.548338 0.0338165 0.0923336
0 0.965143 0.654277 0.0315279 0.114486
0 0.90132 0.547884 0.0401291 0.10553
0 0.0095904 0.741776 0.0191628 0.121455
0 0.0538103 0.249746 0.0293214 0.151631
0 0.0737863 0.6169 0.0354392 0.166542
0 0.0129888 0.674329 0.0198173 0.0975405
0 0.0344547 0.313306 0.0310398 0.122968
0 0.873135 0.717179 0.0608494 0.166912
0 0.0690207 0.674479 0.0345883 0.165394
