0 0.467898 0.386367 0.0350465 0.198314
0 0.520268 0.54107 0.0605629 0.184702
0 0.643579 0.542502 0.0515402 0.166706
0 0.545205 0.214408 0.0291241 0.0990338
0 0.65984 0.480865 0.049801 0.153369
0 0.83649 0.584931 0.0306578 0.186405
0 0.538527 0.318761 0.0641041 0.149371
0 0.639329 0.395181 0.0533712 0.102514
0 0.933463 0.634508 0.0233824 0.159772
0 0.860866 0.5007 0.0260212 0.115233
0 0.606622 0.362462 0.0464611 0.129378
0 0.882106 0.438989 0.0285864 0.0761361
0 0.817691 0.38778 0.0331455 0.111212
0 0.628881 0.26538 0.0385063 0.107873
0 0.656891 0.304242 0.0418346 0.108659
0 0.496396 0.203256 0.026014 0.146316
0 0.531487 0.171097 0.0421484 0.104138
0 0.808575 0.481482 0.0543581 0.105805
0 0.748323 0.50873 0.0517753 0.138461
0 0.578467 0.181877 0.0368212 0.129269
0 0.937554 0.541945 0.0228962 0.0802833
0 0.886314 0.639637 0.0444733 0.0864379
0 0.889318 0.48938 0.0308201 0.076664
0 0.879406 0.584092 0.0546816 0.0912062
0 0.807293 0.410052 0.042536 0.0797716
0 0.752032 0.433585 0.0491997 0.0894133
0 0.91132 0.555229 0.0240421 0.130983
0 0.974872 0.917412 0.0333565 0.165177
0 0.890443 0.546381 0.0357004 0.0877117
0 0.49892 0.236824 0.0282741 0.0994824
0 0.00596959 0.669003 0.0119332 0.124092
0 0.965141 0.655485 0.0323903 0.117042
0 0.0698237 0.677971 0.0337587 0.156596
0 0.937131 0.460517 0.0173651 0.12257
0 0.0541874 0.237034 0.0291955 0.148267
0 0.0130428 0.674735 0.0202119 0.098565
0 0.0736185 0.618602 0.0351458 0.163736
0 0.0353259 0.315021 0.0311607 0.127843
0 0.81351 0.405639 0.0384523 0.0889928
