0 0.520199 0.541508 0.0607872 0.185073
0 0.467938 0.387203 0.0351564 0.20114
0 0.643625 0.54217 0.0514896 0.165757
0 0.545063 0.21624 0.0295192 0.103528
0 0.837001 0.583345 0.030793 0.184426
0 0.660015 0.480641 0.0497554 0.154141
0 0.860904 0.496778 0.0257817 0.107591
0 0.638893 0.395368 0.0525044 0.103223
0 0.882135 0.438785 0.0286652 0.0764773
0 0.933405 0.632421 0.0235495 0.15706
0 0.657118 0.303595 0.0409458 0.107892
0 0.818801 0.389691 0.032213 0.115501
0 0.53853 0.321182 0.0650751 0.152214
0 0.605986 0.363118 0.0471888 0.13096
0 0.628938 0.26508 0.0382776 0.107613
0 0.576602 0.178432 0.0343958 0.128619
0 0.531085 0.17078 0.041905 0.102184
0 0.748482 0.508372 0.0518829 0.138093
0 0.80841 0.481834 0.0542675 0.105611
0 0.49658 0.205539 0.0259454 0.151223
0 0.936224 0.54114 0.023896 0.0817874
0 0.884127 0.63994 0.0487609 0.086085
0 0.887877 0.486607 0.0285408 0.0721085
0 0.912339 0.5558 0.0225422 0.143195
0 0.807456 0.41121 0.0422372 0.0817807
0 0.752416 0.434633 0.0498148 0.0947748
0 0.887846 0.540971 0.0364148 0.0817244
0 0.879316 0.586367 0.0537884 0.08568
0 0.499173 0.246322 0.0285862 0.107618
0 0.498424 0.225611 0.0278685 0.124276
0 0.938075 0.463764 0.0197733 0.130957
0 0.967384 0.652475 0.0304314 0.112228
0 0.00583643 0.670022 0.0116729 0.12697
0 0.0697236 0.677861 0.0339316 0.156013
0 0.0351653 0.314792 0.0309661 0.126276
0 0.875917 0.712341 0.0554333 0.158439
0 0.0539953 0.237014 0.0295105 0.144226
0 0.814145 0.406452 0.0389711 0.093385
0 0.0137212 0.677225 0.0199176 0.0939368
0 0.974759 0.917206 0.0335411 0.165587
