0 0.5193 0.540956 0.0613751 0.183423
0 0.467239 0.392286 0.0352831 0.210376
0 0.641659 0.539587 0.0566813 0.163712
0 0.836292 0.580651 0.0310629 0.176221
0 0.54512 0.215605 0.0295391 0.100142
0 0.933708 0.63114 0.0228971 0.16174
0 0.661921 0.491247 0.0513294 0.164864
0 0.497338 0.207866 0.0274563 0.154414
0 0.861216 0.500139 0.0257343 0.111755
0 0.818723 0.386363 0.0307232 0.110002
0 0.607387 0.36203 0.04664 0.128565
0 0.656931 0.303954 0.0415178 0.106685
0 0.543709 0.320596 0.0644836 0.14173
0 0.584428 0.19896 0.0359861 0.135267
0 0.88206 0.438147 0.0283577 0.074848
0 0.629691 0.263716 0.039549 0.107238
0 0.749381 0.504681 0.051498 0.130292
0 0.531427 0.169665 0.0404587 0.102334
0 0.809245 0.484443 0.0552349 0.108454
0 0.64047 0.398733 0.0573469 0.103566
0 0.889632 0.488026 0.0317841 0.0749436
0 0.938661 0.550197 0.0226651 0.0881183
0 0.878601 0.586814 0.0543129 0.0921141
0 0.884903 0.640108 0.0471306 0.0836346
0 0.806592 0.410097 0.0442528 0.0820486
0 0.753243 0.438399 0.0491613 0.0988997
0 0.889185 0.551394 0.0338701 0.0995292
0 0.966885 0.651903 0.0310266 0.124892
0 0.906254 0.555945 0.0307148 0.133665
0 0.901291 0.55669 0.0388607 0.118976
0 0.553055 0.170994 0.0291692 0.100822
0 0.00515901 0.665126 0.010317 0.121212
0 0.92897 0.410406 0.0179894 0.142685
0 0.0541735 0.242541 0.0296947 0.156213
0 0.0737966 0.61708 0.0353311 0.166247
0 0.034732 0.312533 0.0311773 0.121763
0 0.0690849 0.675014 0.0345506 0.164506
0 0.00959036 0.74215 0.0191683 0.121189
0 0.0125073 0.672034 0.0201013 0.100991
0 0.874701 0.71461 0.057847 0.160493
