0 0.520501 0.540981 0.0594119 0.183025
0 0.467331 0.387131 0.0359579 0.200725
0 0.642541 0.542687 0.0542068 0.168383
0 0.545055 0.214625 0.0293641 0.0979743
0 0.83698 0.581231 0.0307732 0.177632
0 0.933792 0.631909 0.0232386 0.154804
0 0.660681 0.481149 0.0494248 0.150417
0 0.657401 0.304225 0.0412415 0.108799
0 0.818064 0.389682 0.0322726 0.116085
0 0.861199 0.498366 0.0257817 0.109225
0 0.881935 0.438019 0.0285305 0.0745069
0 0.607298 0.362899 0.046673 0.128833
0 0.496119 0.206248 0.0257421 0.149899
0 0.6407 0.397576 0.0547218 0.103359
0 0.542227 0.319189 0.0644246 0.144174
0 0.748604 0.50609 0.0516441 0.129999
0 0.531039 0.170533 0.0415555 0.103914
0 0.628956 0.263793 0.0411722 0.105922
0 0.808978 0.486378 0.0545328 0.114324
0 0.584783 0.192088 0.0347593 0.12747
0 0.889655 0.490242 0.0314505 0.0786572
0 0.937063 0.547008 0.0249748 0.0838835
0 0.886184 0.639192 0.0444692 0.0838019
0 0.807697 0.412263 0.0418825 0.0839165
0 0.752222 0.434992 0.0481217 0.0914144
0 0.903826 0.557042 0.0357475 0.13143
0 0.499364 0.245422 0.0289667 0.098591
0 0.890597 0.551731 0.0336105 0.0975629
0 0.878024 0.589127 0.0502483 0.0868197
0 0.897912 0.556651 0.0449703 0.118804
0 0.974972 0.91731 0.0327374 0.165381
0 0.00509511 0.665075 0.010183 0.120191
0 0.55714 0.171558 0.0263966 0.102875
0 0.0542847 0.240975 0.0298567 0.154536
0 0.965891 0.65367 0.0303566 0.116578
0 0.928492 0.411605 0.0184344 0.144453
0 0.00961528 0.742072 0.0192145 0.121092
0 0.0737421 0.61718 0.035586 0.166715
0 0.0289644 0.34284 0.0282956 0.0730035
0 0.0126987 0.672477 0.0200132 0.0985429
0 0.0696886 0.678934 0.0342238 0.155224
0 0.0341335 0.312143 0.0313604 0.120858
0 0.813367 0.406757 0.0383434 0.0912317
