0 0.468096 0.388594 0.034902 0.205648
0 0.520524 0.541714 0.0601925 0.184397
0 0.643381 0.542116 0.0519699 0.16576
0 0.545011 0.216473 0.0297668 0.103685
0 0.836841 0.583501 0.0305638 0.185594
0 0.660061 0.480437 0.0498612 0.153696
0 0.638968 0.39523 0.0524626 0.1037
0 0.93316 0.631626 0.0239665 0.156076
0 0.861045 0.494137 0.0252789 0.10237
0 0.819357 0.391475 0.0331577 0.117752
0 0.882285 0.4392 0.0284475 0.0772819
0 0.657323 0.303292 0.0401894 0.106943
0 0.538595 0.321658 0.0655379 0.149977
0 0.605653 0.363286 0.0470587 0.130713
0 0.628858 0.265215 0.038442 0.107086
0 0.575622 0.173185 0.0340487 0.120502
0 0.531407 0.168603 0.0427066 0.10196
0 0.80866 0.480897 0.0545246 0.102536
0 0.748391 0.508271 0.0521058 0.137349
0 0.496227 0.204464 0.025396 0.149151
0 0.936226 0.54004 0.0234321 0.0826477
0 0.884181 0.639948 0.0485756 0.0853128
0 0.911143 0.555051 0.0247261 0.145102
0 0.887622 0.486516 0.0272343 0.0720702
0 0.752406 0.434502 0.0498161 0.0945948
0 0.807047 0.412123 0.0424177 0.0835496
0 0.887141 0.537742 0.036124 0.0792282
0 0.878892 0.585421 0.0528553 0.0814192
0 0.499653 0.251837 0.0280982 0.106753
0 0.968064 0.65167 0.0293266 0.109502
0 0.937581 0.463 0.0196014 0.12984
0 0.0058205 0.670053 0.011641 0.126963
0 0.0697197 0.677791 0.0339398 0.156111
0 0.815612 0.403539 0.0391302 0.101294
0 0.0351587 0.31473 0.0309818 0.126257
0 0.87499 0.712826 0.0570381 0.159415
0 0.884118 0.457513 0.0288959 0.0600211
0 0.0539922 0.236993 0.0294945 0.144158
0 0.974743 0.917238 0.033332 0.165524
0 0.0137816 0.677383 0.019946 0.0939508
0 0.880519 0.571827 0.0486773 0.0973577
