0 480.636672 353.712608 509.659648 293.251872 1
0 294.614464 391.64384 348.122176 287.09792 2
0 324.060736 249.37216 370.901184 160.80256 3
0 519.018272 489.43616 564.038368 421.62304 4
0 287.460768 313.80064 309.990752 184.72352 5
0 400.285376 346.87648 438.026304 258.82976 6
0 383.635744 385.67168 425.802976 283.84256 7
0 549.958112 416.249856 576.937248 378.348544 8
0 339.039232 173.02112 357.543168 107.50496 9
0 377.693568 258.33408 413.581952 191.152 10
0 460.34864 409.74752 505.89008 337.76352 11
0 547.409248 391.764 579.652512 352.06192 12
0 363.615264 205.720128 404.251616 160.174272 13
0 338.425472 146.7728 376.842368 78.39712 14
0 572.950912 386.321664 593.792128 335.328256 15
0 578.57536 265.965312 596.22656 216.401408 16
0 406.094848 316.85888 446.826752 234.3168 17
0 464.794304 284.04768 497.180736 218.7888 18
0 548.87136 316.213472 574.91104 259.137568 19
0 347.390784 106.857152 376.088256 63.366208 21
0 541.820576 367.313472 562.505824 317.988288 22
0 502.660864 345.12 535.896576 272.63232 23
0 613.89072 436.191936 631.2216 373.950784 26
0 518.607264 300.552 542.392416 219.22272 28
0 570.768768 352.717312 593.919872 301.925888 32
0 534.416896 468.76992 573.473024 392.20416 30
0 467.118016 323.68352 494.012224 257.86016 27
0 506.57008 291.101536 534.54992 243.399584 20
0 574.416096 435.762304 605.651744 383.834496 25
0 590.198176 360.558976 607.341664 311.281024 29
0 595.661056 445.06688 616.715264 351.2352 31
0 521.02848 420.24544 545.43296 318.24416 24
