0 459.994208 357.07936 494.275232 284.6128 1
0 309.828064 404.8944 352.734496 287.70464 2
0 323.008832 255.15008 365.083328 159.79648 3
0 538.002304 489.52 578.389376 407.18784 4
0 288.459008 309.82432 310.696192 183.7808 5
0 400.5536 352.2432 439.76896 261.82528 6
0 393.90064 383.89376 429.13168 296.48896 7
0 547.533504 417.786784 580.958016 380.239456 8
0 339.26016 172.79136 357.94688 106.68256 9
0 370.773056 266.76832 407.017664 192.13088 10
0 313.11536 178.68288 331.48624 95.2064 11
0 547.515456 389.920768 577.082304 352.315392 12
0 392.741728 221.300992 425.092512 169.137408 13
0 327.23664 133.058688 358.17776 79.640192 14
0 559.60576 358.603552 577.33632 299.494368 15
0 540.070272 322.862176 559.174528 273.930144 16
0 391.374656 285.684064 426.828224 223.740576 17
0 385.573632 191.70096 416.702208 136.2632 18
0 555.027104 302.885376 574.511456 257.570304 19
0 502.414944 286.763936 530.976416 239.975264 20
0 353.10272 124.7992 378.48256 69.21168 21
0 542.203168 362.422784 566.320352 319.181056 22
0 498.635968 338.58816 534.187072 275.04384 23
0 524.001088 432.51904 545.435072 320.98368 24
0 571.615552 477.32992 590.089408 412.66048 25
0 600.73984 430.974112 630.88128 374.657888 26
0 516.501696 290.71968 539.142464 221.2752 28
0 587.689568 281.7312 601.669792 214.56448 29
0 585.024512 355.105728 596.996608 294.459712 30
0 591.738048 388.24992 606.576192 315.20608 31
0 574.866304 382.81312 590.992256 314.95712 32
0 467.04576 328.98848 498.3776 256.77792 27
