0 479.55264 366.73504 506.53376 285.38912 1
0 309.972544 405.27488 352.689856 288.81024 2
0 325.36224 241.85856 366.84 160.4032 3
0 535.8216 485.36928 575.42192 412.22944 4
0 287.021792 305.27488 309.372448 179.71072 5
0 402.699328 351.66048 439.801792 258.40672 6
0 392.775424 381.27168 424.299776 288.83776 7
0 547.479424 417.600448 578.132096 375.189312 8
0 339.67856 172.1008 357.65776 106.84192 9
0 371.293056 265.99872 408.098944 192.24512 10
0 308.029152 244.06176 326.370848 140.63456 11
0 549.075104 386.892 576.937056 351.47472 12
0 375.921376 209.738208 412.078624 165.608992 13
0 327.219488 140.69248 363.600352 79.54176 14
0 563.400416 400.61376 584.145184 312.12224 15
0 566.28608 269.824352 586.80832 230.692768 16
0 401.870208 281.38624 437.223552 224.352 17
0 408.087936 226.75648 429.416064 140.05056 18
0 547.660672 317.599712 574.658688 257.853728 19
0 349.599328 123.510432 376.926112 65.057888 21
0 543.1944 359.877184 566.56432 318.698176 22
0 505.09856 354.27776 536.11104 279.27616 23
0 528.28784 429.11968 546.84944 322.856 24
0 605.088768 427.591072 630.765312 374.244448 26
0 517.677856 301.39616 540.530144 220.69408 28
0 588.166656 281.00352 601.662464 214.10816 29
0 591.187936 361.895424 606.949664 302.903296 31
0 572.366784 366.738624 590.455616 308.604736 32
0 589.340768 445.5776 605.139872 356.50496 25
0 539.992224 434.094208 575.139936 392.011392 30
0 465.758688 322.36 497.475872 257.38528 27
0 504.473536 291.362464 534.027584 244.006496 20
