0 479.524288 366.72064 506.381632 285.44448 1
0 310.12912 406.13216 352.3912 290.16608 2
0 324.910112 236.41728 366.597088 159.70176 3
0 534.499488 484.06816 575.712352 412.77792 4
0 287.310592 307.0864 309.881088 180.3376 5
0 402.560384 348.04064 438.061696 258.34656 6
0 393.123232 379.26176 424.133728 287.76544 7
0 546.149184 419.962048 578.238656 375.159872 8
0 339.544352 171.66592 358.151648 107.22944 9
0 371.523296 264.95936 407.544864 191.85856 10
0 306.944128 262.4944 343.384192 166.57824 11
0 548.623584 387.99616 577.173536 351.03872 12
0 370.394048 210.94224 410.743872 164.3512 13
0 326.675904 141.494112 363.932736 79.021728 14
0 564.702368 405.51232 585.360992 314.59008 15
0 572.179424 271.757792 588.573216 229.235488 16
0 401.817312 285.491904 437.926688 225.669696 17
0 408.654656 226.95008 428.492224 143.56512 18
0 548.034112 317.792544 574.335168 258.581216 19
0 349.186752 123.489632 377.447488 64.331168 21
0 542.820768 359.609184 566.789472 319.115936 22
0 505.533248 355.05888 536.811712 276.77728 23
0 528.368832 430.7984 546.877248 324.64352 24
0 605.38864 429.130272 630.89424 374.749408 26
0 517.654592 299.74176 540.376768 219.87936 28
0 589.387232 280.96928 601.938208 206.32416 29
0 591.989856 362.870816 607.010464 302.871264 31
0 571.966656 364.772992 590.380864 309.130368 32
0 589.794144 448.34048 605.546656 357.83552 25
0 538.44848 432.33328 574.79824 392.1224 30
0 464.510432 322.78144 494.939168 256.78592 27
0 504.83184 290.410688 534.17616 244.549952 20
