0 478.25472 369.05184 505.27936 285.8576 1
0 310.057088 406.52608 352.446592 288.25408 2
0 324.060256 258.63936 366.413984 159.06816 3
0 532.012672 484.27936 576.307328 415.08576 4
0 288.594656 313.43744 309.920544 181.7728 5
0 400.88192 351.4256 438.89792 259.09344 6
0 395.966464 375.99776 424.838656 286.9488 7
0 543.182912 416.596928 577.579968 375.676992 8
0 338.409376 173.55936 358.582624 106.60192 9
0 371.887488 261.536 409.327232 191.88608 10
0 355.483648 370.712 396.251392 248.93344 11
0 550.478976 390.932576 579.713664 353.573024 12
0 363.55424 210.359072 405.63104 159.855328 13
0 326.542048 140.181664 365.646112 79.450976 14
0 572.986656 384.84016 593.056224 333.82864 15
0 579.54736 264.400064 595.47728 215.286336 16
0 405.95008 309.46272 443.0752 229.18432 17
0 409.443072 228.37856 427.199488 144.84512 18
0 546.589568 316.929184 574.184832 259.178336 19
0 350.318976 125.164736 378.140544 64.764224 21
0 542.42976 366.558912 565.26944 317.491008 22
0 504.241664 353.11808 536.728576 274.79744 23
0 529.024256 434.9456 547.807744 321.47552 24
0 606.081152 430.272448 630.864768 374.801472 26
0 518.277664 303.2944 540.712416 219.89024 28
0 582.655072 297.959968 606.084768 243.122912 29
0 590.60768 365.071232 606.92448 310.128768 31
0 567.149664 348.341248 590.781856 310.314752 32
0 591.008768 445.2528 605.681152 360.62624 25
0 539.169152 434.44848 575.730048 394.33872 30
0 464.22368 322.41664 494.2608 256.29312 27
0 505.368448 289.337792 534.113152 245.008448 20
