0 477.99632 368.5888 505.56464 285.76128 1
0 309.665408 406.26976 352.401792 287.92544 2
0 324.03568 258.47552 365.26224 159.02976 3
0 531.866752 483.42688 575.169408 417.95424 4
0 288.51344 309.1552 310.02736 181.84 5
0 401.131968 351.91488 438.912832 258.91392 6
0 396.34064 373.22656 424.8024 286.85024 7
0 542.534816 417.110048 577.544544 375.396832 8
0 337.867936 173.57216 358.309984 106.60064 9
0 371.98032 266.86816 409.09232 192.09376 10
0 367.02288 388.38368 409.06032 275.22976 11
0 551.3064 391.098752 579.77968 352.788608 12
0 363.544256 211.467872 405.373504 159.913888 13
0 326.627168 140.443968 366.230432 79.260352 14
0 572.982816 384.385056 593.313504 333.601504 15
0 579.20928 265.100832 595.22784 215.152608 16
0 406.005856 312.04224 443.487904 229.85216 17
0 409.294624 228.36672 427.132896 145.22176 18
0 545.493664 316.083744 574.279776 259.153376 19
0 349.958944 125.010656 378.212576 64.872224 21
0 542.457056 365.514432 565.284384 315.315008 22
0 504.734656 353.15392 536.624704 275.01248 23
0 529.083648 434.62784 547.992832 320.76416 24
0 606.491872 429.733984 630.936608 374.879136 26
0 518.320672 303.2576 540.695008 220.47616 28
0 586.454496 297.73984 603.794464 245.38848 29
0 590.650112 368.335744 606.952448 310.317696 31
0 567.172384 348.358208 590.481376 310.735552 32
0 589.950944 448.16128 605.835296 364.192 25
0 538.901984 437.522912 576.076576 394.388768 30
0 464.300128 321.38976 494.765472 256.40992 27
0 505.515136 289.539872 533.929344 245.378528 20
