0 479.054336 366.71968 506.598144 285.61696 1
0 309.309472 406.36832 352.266208 290.1616 2
0 324.54048 240.51392 369.04672 158.7104 3
0 532.34736 484.29856 575.80112 411.95488 4
0 287.3208 305.90144 309.21296 179.73184 5
0 402.63888 348.19296 438.35824 258.15712 6
0 394.82768 380.32768 424.64368 288.22528 7
0 546.12832 418.75808 578.82144 374.91232 8
0 339.655744 171.4144 358.383296 107.01248 9
0 371.560608 265.22208 406.612832 191.44736 10
0 312.337344 271.48704 358.271296 180.52576 11
0 548.985152 386.97088 577.065408 353.74592 12
0 366.970656 216.331712 409.280224 161.243968 13
0 326.717056 141.61648 363.654784 79.13488 14
0 565.004352 405.81248 586.207168 318.73408 15
0 579.180032 265.940096 593.192448 217.340544 16
0 401.045728 288.127648 438.115872 225.682272 17
0 409.192224 227.20032 428.496096 144.84704 18
0 547.822304 317.729824 574.634016 259.029216 19
0 349.42768 123.834784 377.8952 64.373856 21
0 542.670752 363.921952 565.892448 318.037728 22
0 505.047168 353.26912 536.458112 274.6208 23
0 528.24272 434.18816 547.76752 321.63904 24
0 605.39408 430.099264 630.83888 374.767296 26
0 517.716608 303.24704 540.232832 220.21664 28
0 590.717344 279.5168 602.566496 207.73056 29
0 592.645632 363.314912 607.002368 303.499808 31
0 571.900928 367.280448 590.885632 310.409152 32
0 590.36736 446.35488 605.41888 359.68416 25
0 538.387072 434.26848 575.307648 392.96992 30
0 464.540448 322.44736 496.765152 256.6272 27
0 505.87184 291.567264 534.60176 245.632096 20
