0 477.419104 367.4032 506.826656 286.51296 1
0 311.398848 406.6784 352.223552 288.48448 2
0 324.013024 234.1808 364.345376 159.21056 3
0 532.992416 485.80352 575.621984 413.3632 4
0 287.774368 310.24096 309.999712 182.4592 5
0 402.262304 351.85216 438.235616 259.02144 6
0 395.747488 379.10752 424.663392 288.04384 7
0 545.3072 417.26192 577.85184 376.14992 8
0 339.287072 171.41792 358.503648 106.83744 9
0 372.27392 261.60352 407.75808 190.96608 10
0 341.339552 320.84864 378.038368 209.56544 11
0 549.951712 387.85664 577.953568 350.08512 12
0 365.015936 212.211392 407.251584 159.951168 13
0 326.761152 140.2888 365.915968 79.25936 14
0 565.589024 400.98912 588.082656 318.15328 15
0 579.718944 265.50112 594.910176 215.27456 16
0 403.96576 297.3312 440.94304 226.37568 17
0 409.504864 226.63104 428.186016 144.9632 18
0 547.668896 316.6336 574.219104 259.50592 19
0 349.977696 124.709024 377.529504 64.658016 21
0 542.367776 363.674816 566.035424 317.807424 22
0 504.521024 350.66464 536.574656 273.96384 23
0 528.509888 436.5648 547.577152 321.32192 24
0 605.544992 428.560768 630.886368 374.526592 26
0 518.406432 303.20128 540.951008 220.02432 28
0 590.82768 296.49952 606.92208 223.77056 29
0 592.618816 363.419008 607.057344 306.992512 31
0 572.36144 359.493472 591.47728 310.622368 32
0 590.380192 440.424 605.697888 359.19584 25
0 538.976064 434.39216 575.308736 394.31184 30
0 464.81472 322.51392 493.4944 255.87712 27
0 505.582368 290.521472 534.686432 244.893568 20
