0 480.795232 352.783872 509.602208 294.302208 1
0 295.104896 391.65984 348.288384 286.88352 2
0 324.429376 248.82816 370.789824 160.90752 3
0 512.26192 486.95328 556.94384 415.928 4
0 287.557152 311.89696 310.018528 184.49856 5
0 400.124928 348.02752 438.205952 259.15328 6
0 378.6648 383.0512 424.94736 289.0896 7
0 546.672 414.885312 576.07232 376.030528 8
0 338.969248 172.44864 357.357152 108.10176 9
0 377.995296 258.49888 413.889504 191.32768 10
0 460.096576 409.55168 505.237184 338.67232 11
0 547.939488 390.207072 579.027552 353.735328 12
0 363.8544 205.7248 404.16992 160.17856 13
0 338.52736 146.00064 377.19232 78.41024 14
0 573.818592 387.056704 593.661728 335.870656 15
0 578.520672 266.139008 596.213408 216.441472 16
0 406.219744 318.67712 446.928416 234.28928 17
0 464.46336 283.1584 496.7168 218.90624 18
0 548.36144 315.601504 574.82576 258.733216 19
0 346.198144 103.144224 376.062336 59.390176 21
0 541.762784 367.706272 560.762656 316.655968 22
0 501.641792 343.9168 532.924608 270.47296 23
0 613.752864 434.917952 631.336416 373.839808 26
0 518.6176 302.35488 541.49888 219.36288 28
0 570.498176 353.129376 594.008704 301.434464 32
0 534.46192 476.96256 573.31664 392.96128 30
0 467.375456 322.81472 494.399904 257.69728 27
0 507.48176 319.04064 535.74128 243.82784 20
0 572.543968 437.300032 602.177312 386.195648 25
0 590.201248 360.64032 607.264352 311.19584 29
0 595.766816 446.8928 616.533984 351.30368 31
0 517.53184 416.1552 548.20768 321.23104 24
