0 460.507296 356.07648 497.150304 284.96928 1
0 310.664032 405.95584 352.162208 288.2688 2
0 326.531296 239.34848 367.836704 159.14624 3
0 538.490048 484.07008 578.879552 406.03936 4
0 288.243584 312.83488 310.400896 184.02912 5
0 405.081632 360.39456 440.942048 263.67456 6
0 391.595456 384.6992 429.397824 295.86912 7
0 546.792736 431.950176 582.517984 383.263904 8
0 339.322208 167.575488 358.209952 106.935872 9
0 372.16976 266.98368 406.30064 192.60928 10
0 309.503328 172.24352 329.324192 85.272 11
0 546.043616 392.240128 578.785824 349.322752 12
0 409.043904 226.71968 433.992256 162.24032 13
0 328.2536 136.989024 363.14224 76.360096 14
0 558.89216 326.316352 578.91136 287.990208 15
0 543.655968 358.74912 559.971552 284.68896 16
0 389.1952 288.26032 429.37632 225.044 17
0 389.774368 201.44864 419.788512 134.99296 18
0 554.830208 298.872416 574.419072 256.939424 19
0 503.755328 288.273504 531.809472 239.295136 20
0 361.873504 166.19648 385.640096 86.44608 21
0 556.993792 389.59552 587.827968 321.52512 22
0 499.504736 337.162624 537.119904 278.471296 23
0 525.299232 434.1312 546.420448 319.93216 24
0 590.040544 445.696 605.247776 353.22112 25
0 608.80576 433.165184 629.9552 377.924736 26
0 511.816288 280.752 534.542752 214.03456 28
0 589.55568 282.0688 601.4088 215.7872 29
0 583.821248 333.911488 597.128512 290.654272 30
0 593.140992 378.352992 608.251648 324.822688 31
0 569.623744 356.86464 591.189056 309.87584 32
0 467.04576 328.98848 498.3776 256.77792 27
