0 479.701184 366.82304 506.542656 285.69408 1
0 308.780256 406.17376 352.141344 289.85952 2
0 324.50416 239.024 367.88112 157.81184 3
0 532.417376 484.40288 575.861664 412.78624 4
0 287.360192 305.3808 309.403968 179.59968 5
0 402.31984 349.08032 438.58384 258.10432 6
0 394.591328 379.96384 424.278432 288.08352 7
0 546.820256 421.10464 578.820704 374.87616 8
0 339.605664 171.41376 358.357856 107.06688 9
0 371.710432 264.79616 407.588128 191.53152 10
0 309.560992 271.56128 351.830368 176.65376 11
0 547.849728 388.566112 577.276672 352.442528 12
0 366.761184 219.055904 409.777696 161.764576 13
0 326.753248 140.931488 363.767072 79.056992 14
0 565.21232 406.9456 586.00048 318.57376 15
0 578.260448 269.952704 591.861792 222.314816 16
0 400.675808 288.584832 438.246432 225.987968 17
0 408.889312 227.10912 428.438048 144.43648 18
0 547.705632 317.481184 574.602208 258.883616 19
0 349.52464 123.438464 377.70096 64.187776 21
0 543.020352 362.007488 566.251968 318.033472 22
0 505.352032 352.43328 536.639648 274.98048 23
0 528.224 430.21056 547.66592 323.808 24
0 605.323232 429.881696 630.815008 374.518944 26
0 517.773408 302.40928 540.222112 220.36704 28
0 590.583616 279.31104 602.599104 205.22656 29
0 592.587808 362.858688 607.088352 304.549952 31
0 571.773792 362.868896 590.548128 309.837664 32
0 589.975392 449.2816 605.565088 359.08064 25
0 539.003744 433.463776 575.145376 393.075744 30
0 464.391904 322.9712 494.623776 256.98272 27
0 505.60272 290.144672 534.06704 245.470048 20
