0 460.632256 356.11648 494.951744 284.57088 1
0 312.190848 405.88096 352.204672 288.3296 2
0 323.23344 244.98816 366.59184 159.0208 3
0 537.742848 484.67168 578.918912 406.13536 4
0 288.497344 312.83072 310.822976 184.24704 5
0 404.321088 351.98944 439.276992 261.12544 6
0 393.92112 385.45824 428.65168 296.17632 7
0 545.971712 430.82976 582.021888 382.83936 8
0 339.32928 172.53216 358.0928 107.01344 9
0 371.506944 265.39168 407.950336 192.05728 10
0 309.516896 173.99616 328.861344 84.72512 11
0 545.94992 390.78208 579.23792 349.46624 12
0 407.632224 225.096768 433.537696 162.210752 13
0 327.819552 134.753664 359.545568 77.269376 14
0 559.371008 324.43728 576.919552 288.98352 15
0 543.591712 348.61696 560.549088 284.41088 16
0 390.792736 288.32992 428.590304 224.29216 17
0 389.155072 200.50464 418.275328 136.19808 18
0 554.727264 295.67776 574.643616 257.07232 19
0 503.86512 287.650688 531.87248 240.335232 20
0 356.532416 146.99296 379.576384 77.28608 21
0 553.072256 360.316064 578.605184 322.380896 22
0 499.194848 339.245664 536.455712 277.233056 23
0 525.524448 432.55616 545.900832 318.55552 24
0 589.449984 448.59296 605.150976 360.9392 25
0 604.905536 426.568192 631.418304 385.282048 26
0 511.333632 286.55488 536.309248 214.39488 28
0 588.937216 282.33888 601.458944 214.80288 29
0 584.090048 335.3424 596.958272 291.384 30
0 593.56288 368.863232 606.68288 319.340288 31
0 570.4152 382.0112 590.75344 309.76608 32
0 467.04576 328.98848 498.3776 256.77792 27
