0 479.608928 366.45824 506.399392 285.5712 1
0 309.68688 406.47072 352.3432 290.05024 2
0 324.06944 235.32512 366.43424 158.91104 3
0 532.31408 485.06208 575.7704 412.74656 4
0 287.243808 307.31328 309.561312 180.36928 5
0 402.339456 348.69408 438.020224 258.55456 6
0 393.87456 379.61824 424.14016 287.95552 7
0 545.855264 422.418464 578.659296 375.492576 8
0 339.557184 171.035008 358.175936 107.089792 9
0 371.969632 265.45344 407.645088 192.02368 10
0 306.559168 270.6032 345.561152 171.9504 11
0 548.809312 388.173504 577.241248 351.194176 12
0 369.787424 212.723808 410.768096 163.716512 13
0 326.812512 141.194816 363.788448 79.029184 14
0 565.165248 404.67904 585.749312 315.88672 15
0 572.9768 270.727104 589.58064 226.213696 16
0 401.123552 294.06048 438.767648 225.32256 17
0 408.642272 226.92576 428.230688 143.54208 18
0 548.041824 317.638112 574.363296 258.848288 19
0 349.351136 122.79024 377.682464 64.02832 21
0 543.20208 359.903584 566.82032 318.312096 22
0 505.526592 350.51168 536.623808 275.7552 23
0 528.18 421.41504 546.97392 322.05376 24
0 605.365664 429.714368 630.864736 374.696512 26
0 517.69952 301.33408 540.38176 219.92672 28
0 589.50336 280.16256 601.9808 206.62912 29
0 592.116448 362.531872 607.050272 303.079648 31
0 572.014784 362.915744 590.565696 309.333856 32
0 590.015328 447.46784 605.674912 358.12192 25
0 539.391904 432.149696 574.927456 393.039424 30
0 464.268832 323.18336 495.694048 257.35808 27
0 504.937888 289.977216 533.899872 245.083264 20
