0 460.742624 355.83712 496.132896 284.49312 1
0 311.145696 406.28256 352.214304 288.36576 2
0 323.117472 246.54112 366.473568 157.43072 3
0 539.108896 483.56096 578.753504 406.10816 4
0 288.520288 310.80096 310.729632 184.2992 5
0 405.215264 351.90912 439.295456 261.21344 6
0 394.075936 385.74976 428.905184 296.20992 7
0 545.60944 431.316 582.02832 381.95504 8
0 339.417632 171.5904 358.133728 106.95168 9
0 371.874304 265.28576 409.037056 191.93792 10
0 309.538816 170.40768 330.257664 85.05344 11
0 546.13664 391.381184 579.18688 349.397056 12
0 407.615296 224.792512 433.710784 162.355008 13
0 328.155424 135.017856 359.399136 77.369984 14
0 558.808032 322.894848 577.044768 289.171712 15
0 543.685984 347.684192 560.184736 283.860128 16
0 390.874656 288.76128 427.699424 223.0416 17
0 389.151456 200.52448 418.364704 136.0656 18
0 554.768608 295.170304 574.567712 257.020416 19
0 504.213536 287.600448 531.846624 240.130752 20
0 357.810528 147.29312 379.539872 77.75648 21
0 552.976544 360.545568 579.330656 320.383712 22
0 498.781824 340.70992 536.816256 277.6504 23
0 525.842976 434.7664 546.285024 320.03808 24
0 589.884416 447.45152 605.246464 356.37952 25
0 604.002976 427.960928 630.941024 384.037792 26
0 511.319552 288.06272 535.985408 214.4128 28
0 588.83664 282.51616 601.4456 214.90336 29
0 584.046496 334.37952 596.983904 291.40864 30
0 593.143424 365.449504 606.842496 319.433696 31
0 570.004224 386.80544 590.972416 309.9344 32
0 467.04576 328.98848 498.3776 256.77792 27
