0 477.877408 368.09824 506.652512 286.90336 1
0 311.355552 406.44032 352.431968 288.80832 2
0 324.087648 237.59648 364.855712 159.48512 3
0 532.538528 484.8688 575.663712 413.95488 4
0 288.103776 311.7728 310.202784 182.13312 5
0 401.150752 350.34176 438.444768 259.10208 6
0 396.015968 381.10816 424.792992 288.1552 7
0 543.909632 416.959648 577.660928 375.935072 8
0 339.010976 171.7056 358.471264 106.74688 9
0 371.93968 259.54016 408.82064 190.9712 10
0 343.975584 339.24672 383.150176 223.14688 11
0 550.53296 388.789216 579.00048 352.129824 12
0 364.06944 212.71504 406.55584 159.91216 13
0 326.83936 140.17792 365.09536 79.1296 14
0 568.404736 390.72032 591.140864 329.78016 15
0 579.54432 263.991296 595.56608 215.218944 16
0 405.131712 310.77792 442.221888 227.65536 17
0 409.56192 228.16576 428.13664 145.18592 18
0 547.583072 316.159648 574.208928 259.266912 19
0 349.979488 124.491168 377.347232 64.809312 21
0 542.888512 364.836192 565.833408 317.933728 22
0 504.61088 351.60128 536.664 274.12544 23
0 528.661152 431.4912 547.795808 320.09664 24
0 605.857248 427.815584 630.933792 374.602336 26
0 518.4488 304.04928 540.97776 220.10688 28
0 587.369216 300.95392 608.372224 233.8928 29
0 592.129888 365.331168 606.994592 308.230432 31
0 567.888096 348.296768 590.973984 308.619712 32
0 590.8 444.8944 605.77984 359.67648 25
0 539.08944 434.453984 575.48208 394.449696 30
0 465.019936 322.12384 493.501664 255.85888 27
0 505.819104 291.890176 534.962976 245.108224 20
