0 460.415456 356.6544 496.447264 285.3424 1
0 310.160384 405.096 352.668416 287.91392 2
0 322.930048 255.42848 365.183872 160.4704 3
0 535.389024 484.2976 575.735456 408.2592 4
0 288.618016 308.18464 311.076064 183.42368 5
0 400.553888 352.27328 439.817312 262.53248 6
0 394.77008 384.48352 428.49008 295.99776 7
0 544.304416 413.881952 576.837344 376.034208 8
0 338.964448 173.10336 357.963552 106.28224 9
0 371.364544 266.74368 407.227456 191.90464 10
0 312.23344 179.696 333.2936 101.51872 11
0 547.934048 387.5928 576.704672 350.50256 12
0 392.869824 220.276096 424.902976 169.843584 13
0 326.730304 135.214144 358.703296 79.742656 14
0 559.007168 355.646176 577.116992 299.570464 15
0 540.697888 316.631968 556.617952 257.052512 16
0 391.50832 286.927712 427.5048 223.152288 17
0 384.052928 192.332768 416.368192 136.323872 18
0 554.823008 310.448832 574.409632 257.287488 19
0 502.630272 287.44576 531.846528 240.07168 20
0 353.369536 131.100128 378.938944 69.724192 21
0 541.155584 359.092288 564.792576 316.654272 22
0 498.555232 348.50752 534.011808 274.9856 23
0 525.89984 430.32576 545.92352 323.41888 24
0 601.198528 429.43552 630.983232 374.31104 26
0 516.64992 291.25952 539.33088 221.26144 28
0 587.774592 282.44192 601.397888 214.80992 29
0 591.400224 357.289152 606.810336 311.066688 31
0 574.421056 379.864224 591.072704 316.385376 32
0 588.641952 404.71808 603.227488 328.03712 30
0 542.516192 434.695968 576.903968 395.440352 25
0 465.557888 312.415712 497.579392 256.066848 27
