0 479.517472 365.72736 504.055008 285.98336 1
0 298.486112 389.74624 348.569248 287.38912 2
0 323.591136 247.9808 369.699104 159.87456 3
0 520.963648 486.6272 566.675392 416.80448 4
0 287.37744 315.78176 309.90256 184.7328 5
0 401.39888 350.2704 437.95088 259.34496 6
0 395.071456 375.35904 424.434464 283.9216 7
0 549.18672 419.504832 579.66448 377.543488 8
0 338.812832 173.5136 358.380128 106.36224 9
0 377.867904 257.88896 413.097856 191.53184 10
0 440.897216 398.99616 479.686464 324.39584 11
0 547.979168 392.592096 579.659872 354.047264 12
0 363.634624 207.520192 403.854656 160.221248 13
0 334.91856 135.937664 374.0952 74.454656 14
0 572.978432 387.426048 594.110208 334.954752 15
0 578.644064 265.900256 596.189856 215.944224 16
0 406.63632 310.73632 444.72368 234.44 17
0 460.14768 278.486272 493.81584 217.360128 18
0 549.81616 314.96 574.79824 258.9984 19
0 344.258816 101.098816 372.390144 63.226304 21
0 542.870912 363.095488 566.720128 313.960512 22
0 502.920352 353.75072 536.540768 274.85856 23
0 520.209824 427.50944 548.798816 320.99232 24
0 612.678208 429.71264 631.186112 373.98656 26
0 518.926016 305.36128 541.909824 220.33344 28
0 569.859168 350.830816 593.133472 302.802464 32
0 541.649696 467.6576 576.180704 395.04704 30
0 466.232352 320.75968 495.089888 251.58336 27
0 504.71376 290.058368 534.13424 244.341632 20
0 577.3336 433.285984 604.1064 380.041376 25
0 593.218752 348.765312 607.006528 312.078208 29
0 594.51024 440.44992 614.6328 340.75072 31
