0 478.199712 370.55616 506.252128 284.03072 1
0 311.109408 404.97024 352.299232 287.28704 2
0 324.291072 258.68672 365.828608 159.42784 3
0 521.741376 487.94528 567.122624 413.72768 4
0 288.387968 310.8128 310.347392 181.65696 5
0 402.29808 351.06336 438.6376 260.16864 6
0 394.952704 375.45536 424.933376 286.06912 7
0 547.00048 422.26528 579.6952 375.76992 8
0 334.380352 174.88576 358.699968 105.5392 9
0 374.510208 262.75264 414.809472 191.3376 10
0 405.717888 435.96032 454.494592 347.02464 11
0 547.331616 389.642272 580.051424 352.725728 12
0 363.481024 209.403232 404.968256 159.695008 13
0 334.473824 144.93184 375.135136 73.77536 14
0 574.095488 388.66448 593.639552 334.75056 15
0 579.070048 265.83968 595.624352 216.03552 16
0 406.727968 298.26784 439.953632 231.25152 17
0 408.971744 228.78784 425.492256 145.60192 18
0 547.04192 315.299424 574.7552 259.704736 19
0 351.05568 119.9088 377.43584 65.92032 21
0 541.408032 363.100768 564.343008 313.418912 22
0 504.100128 351.59904 536.576992 274.55904 23
0 528.439328 427.64352 547.627232 322.53504 24
0 604.424736 430.5776 630.620384 374.85472 26
0 519.103488 305.168 541.320192 221.29216 28
0 581.727072 324.53824 595.846048 260.3232 29
0 592.117056 380.74912 606.928064 311.59648 31
0 568.294784 350.475552 590.727296 311.640288 32
0 543.155808 469.4544 576.205472 394.85408 30
0 464.081056 324.07456 491.945824 256.56928 27
0 505.75168 291.20928 534.86656 245.24768 20
0 585.868672 431.366688 604.044928 380.099552 25
