0 479.485888 368.01984 506.556992 285.94496 1
0 310.049312 405.34176 352.674528 289.016 2
0 325.941984 240.65056 366.529056 160.2544 3
0 535.749696 485.31456 575.597504 412.3136 4
0 287.048672 305.40256 309.221408 179.79936 5
0 402.454048 350.58272 439.051232 258.32992 6
0 393.080224 381.36448 424.467296 288.8064 7
0 547.088384 417.800928 577.908736 375.105312 8
0 339.627488 172.152 357.907232 106.97248 9
0 371.359808 265.95328 407.623872 192.13056 10
0 308.277216 252.3968 331.543584 147.06432 11
0 548.685088 387.173184 576.871392 351.258816 12
0 375.035136 207.893312 411.848704 164.997568 13
0 327.15264 140.655712 364.20352 79.468448 14
0 563.877312 401.96992 584.263488 313.05856 15
0 567.820448 270.968224 586.743392 229.309536 16
0 402.418176 285.061952 437.634304 224.000448 17
0 408.50112 226.8736 430.11008 142.85952 18
0 547.606592 318.144 574.557888 258.31808 19
0 349.474432 124.570144 376.889728 64.703456 21
0 543.211808 360.613056 566.618592 318.695744 22
0 505.450272 355.50496 536.803808 280.19552 23
0 528.535072 428.29248 546.940128 323.2608 24
0 605.46432 427.628384 630.79424 374.236576 26
0 517.627808 301.04224 540.394592 220.30048 28
0 588.012352 281.54368 601.844928 214.35136 29
0 590.041216 362.424128 606.803584 302.907072 31
0 572.03616 364.353792 590.36896 308.690688 32
0 589.569472 449.14688 605.567808 357.51296 25
0 539.634592 432.237824 574.844768 391.949056 30
0 464.961088 322.49248 495.493312 256.77536 27
0 504.583744 291.409344 534.036416 244.222016 20
