0 477.916512 366.9696 505.206688 285.19424 1
0 309.373344 405.048 352.696416 288.83488 2
0 324.742208 244.49824 367.312832 160.18528 3
0 537.558336 485.08896 575.607744 412.11808 4
0 286.99344 302.75936 309.26128 178.56416 5
0 403.643616 356.98752 439.948064 260.21824 6
0 392.278976 383.19232 424.770624 288.80256 7
0 546.795104 417.147456 578.504096 375.062464 8
0 339.53744 173.7024 357.81808 105.97632 9
0 371.209056 266.46688 409.203104 192.79584 10
0 311.330848 227.00928 328.509152 123.456 11
0 548.278336 386.92192 576.899264 351.32704 12
0 380.190272 221.108064 415.374528 168.774816 13
0 327.439328 139.051776 363.872032 79.623424 14
0 563.133888 396.83904 583.962432 311.00864 15
0 560.747552 267.09712 583.585248 233.66448 16
0 396.379232 284.304576 435.011488 227.202624 17
0 404.91792 223.57696 425.95184 132.3872 18
0 546.556 317.996864 574.58704 257.538496 19
0 349.848416 125.854144 377.121184 65.345856 21
0 542.931872 357.939008 566.354528 318.809792 22
0 502.315232 355.46464 533.138208 275.95168 23
0 528.635136 431.1248 546.669824 323.48512 24
0 605.404192 427.226464 630.860768 374.121376 26
0 517.725568 304.22912 540.529792 221.27488 28
0 587.150688 281.97344 601.545632 213.8512 29
0 589.668416 361.350368 606.912704 306.886432 31
0 572.705056 370.800352 590.880224 308.956448 32
0 589.635328 447.56864 605.537792 354.54976 25
0 538.949472 432.013312 575.442848 392.749568 30
0 467.190336 321.92416 497.239744 256.82528 27
0 504.117792 293.132544 533.962208 246.285056 20
