0 478.687776 368.6624 505.776864 285.68896 1
0 309.505536 406.14784 352.396544 287.87968 2
0 324.058848 258.95904 365.240352 159.05568 3
0 530.708128 484.90816 574.776672 419.34784 4
0 288.492928 309.31968 310.059392 181.7984 5
0 401.590336 351.98176 438.874304 259.04544 6
0 396.3552 373.74016 424.62656 286.69632 7
0 541.69184 416.965504 577.54656 375.433856 8
0 337.610272 173.49344 358.295008 106.53856 9
0 372.09344 266.80928 409.14176 192.14368 10
0 368.755328 407.71872 412.988032 280.64864 11
0 551.301024 391.34944 579.781216 352.7504 12
0 363.614624 210.86096 405.394016 159.89488 13
0 326.69824 140.293376 366.72384 79.337984 14
0 573.012832 387.26016 593.493408 333.52832 15
0 579.351072 261.529376 595.365088 214.963424 16
0 406.118432 312.0368 443.384288 229.94976 17
0 409.294624 228.49824 427.145696 145.30656 18
0 545.282432 315.957056 574.177408 258.862784 19
0 350.002016 125.134592 378.207904 64.918528 21
0 542.098336 364.285216 565.215584 314.456544 22
0 504.627072 353.21088 536.577408 275.02848 23
0 529.127616 434.92288 548.145984 320.40128 24
0 606.708032 429.39072 630.847168 374.92928 26
0 518.377696 303.76448 540.789024 220.7808 28
0 585.3328 296.135424 603.40704 243.522816 29
0 590.420416 370.459168 606.942784 310.330592 31
0 567.213792 348.403488 590.474528 310.694112 32
0 587.538048 454.53088 605.800832 367.36608 25
0 538.641984 437.924672 575.948736 394.339008 30
0 464.32176 322.25792 495.38896 256.20352 27
0 505.258176 289.409248 533.917504 245.512992 20
