0 477.353312 366.77056 504.825248 284.82624 1
0 309.336704 404.97984 352.716416 288.80576 2
0 324.656096 245.08096 367.366944 160.17216 3
0 537.450432 485.15328 575.620928 412.06144 4
0 286.991552 302.60768 309.299008 178.53536 5
0 403.926176 356.53088 439.982944 260.45216 6
0 392.451904 383.28416 424.796096 288.95904 7
0 546.93056 417.157952 578.54784 375.086528 8
0 339.514592 173.54656 357.776928 105.8992 9
0 371.184576 266.5344 409.310784 192.78976 10
0 311.551648 226.36448 328.850272 122.48928 11
0 548.254112 386.882816 576.929888 351.386624 12
0 380.159936 221.19296 415.649344 168.9856 13
0 327.485024 138.619936 363.869856 79.639264 14
0 563.094304 396.79968 583.909856 310.9712 15
0 559.771904 266.886272 582.814976 234.169728 16
0 396.31328 284.603616 434.64992 227.470624 17
0 404.46336 224.19584 425.84832 131.7376 18
0 546.545984 318.433696 574.604736 257.573984 19
0 349.863872 126.32096 377.112128 65.336 21
0 542.900576 358.08288 566.348704 318.776 22
0 502.220704 355.41504 532.962656 275.83488 23
0 528.611936 430.77472 546.629024 323.8096 24
0 605.41248 427.377568 630.86016 374.140512 26
0 517.707616 304.58336 540.482464 221.2688 28
0 587.117312 282.04896 601.575168 213.79744 29
0 589.688832 361.248608 606.924288 306.912672 31
0 572.691136 370.96416 590.862144 308.93984 32
0 589.70528 447.39968 605.55616 354.40256 25
0 538.96576 432.30304 575.4688 392.78624 30
0 467.080192 321.91072 496.956928 256.86688 27
0 503.992224 294.158432 534.137696 246.449568 20
