0 460.620704 356.86272 496.741216 284.448 1
0 309.554304 406.31584 352.177536 287.87552 2
0 322.973984 244.83456 365.499616 156.18176 3
0 538.536576 483.65664 578.833024 405.992 4
0 288.436768 308.76576 310.614752 184.2224 5
0 405.380096 352.056 438.864384 261.1088 6
0 394.201536 385.69184 428.789824 296.03104 7
0 545.04192 431.836448 582.42176 382.005472 8
0 339.369056 169.197184 358.206624 106.957696 9
0 371.821504 265.34144 406.846016 192.33024 10
0 309.432416 168.7264 329.822624 85.29216 11
0 546.101248 391.57056 579.163392 350.42496 12
0 408.35472 226.310656 433.93648 162.482944 13
0 328.295168 135.156992 359.250432 77.316608 14
0 558.833792 324.268256 578.174848 288.558624 15
0 543.492288 354.33984 559.874112 283.93216 16
0 390.822528 289.0864 427.695232 223.77376 17
0 389.725664 201.40128 419.698976 135.72512 18
0 554.850368 297.318944 574.453952 256.785376 19
0 504.268256 288.114944 532.349984 240.302336 20
0 358.327936 150.84768 380.824704 78.84832 21
0 556.365856 365.454464 582.158304 321.763456 22
0 498.836128 339.757344 536.434272 277.589216 23
0 525.652736 434.21088 546.223104 319.7616 24
0 590.286304 447.944 605.295136 355.74496 25
0 602.943168 429.772512 630.201152 382.893088 26
0 511.389152 281.13472 534.966048 214.08448 28
0 588.785856 282.92096 601.401664 214.67904 29
0 583.635872 334.580672 597.087328 291.229248 30
0 593.779328 365.730272 607.116672 320.836128 31
0 569.90064 380.94464 591.15024 309.70496 32
0 467.04576 328.98848 498.3776 256.77792 27
