0 480.509472 353.013088 509.836768 293.879712 1
0 294.690432 391.91008 348.157568 287.24128 2
0 324.44608 249.832 371.06624 160.74976 3
0 517.718464 488.80448 561.738816 419.92256 4
0 287.499776 314.26784 309.906944 184.39328 5
0 400.288192 347.21024 438.133568 259.07072 6
0 381.950784 384.99872 426.131136 288.0368 7
0 548.633664 416.126944 576.756416 377.886496 8
0 338.891808 172.48288 357.524192 107.72576 9
0 378.007776 257.9344 413.254944 191.1408 10
0 460.195456 410.27808 506.015104 338.14944 11
0 548.23536 390.262624 579.51376 352.513696 12
0 363.7616 206.0504 404.22688 160.1768 13
0 338.450336 146.49088 377.100384 78.27072 14
0 573.26064 388.441184 593.58992 335.368096 15
0 578.50688 265.976352 596.17344 216.399328 16
0 406.136352 318.05536 446.828768 234.25312 17
0 464.530368 283.42688 496.732992 218.776 18
0 548.224256 316.857888 574.840064 259.002592 19
0 346.45872 104.127008 375.8504 62.622432 21
0 541.446112 369.217696 562.669088 318.422624 22
0 502.487712 345.48672 534.226528 271.856 23
0 613.833984 434.530496 631.287296 374.035264 26
0 518.596256 300.7088 541.451104 219.29504 28
0 570.676096 352.888224 593.945984 301.771616 32
0 533.58736 474.7104 573.47824 393.02976 30
0 467.376096 322.40992 494.509344 257.6144 27
0 506.68704 290.745056 534.30624 243.677984 20
0 573.716544 439.181888 604.988096 386.284992 25
0 590.286176 360.955136 607.299744 311.399424 29
0 595.684544 448.3328 616.617536 351.2384 31
0 519.884032 419.27104 562.980608 317.89376 24
