0 459.9744 357.03424 494.16448 284.6976 1
0 310.246688 405.16096 352.717792 287.78624 2
0 323.10464 255.42528 365.45472 159.72224 3
0 537.758752 490.216 578.311648 407.5568 4
0 288.484896 309.24064 310.695904 183.75904 5
0 400.687328 352.48736 439.767072 261.76544 6
0 393.791616 384.95072 429.197184 296.57504 7
0 547.075232 419.527776 581.312608 380.054944 8
0 339.233952 172.47168 357.983328 106.61952 9
0 370.86992 266.66304 407.12944 192.10688 10
0 313.063328 178.9024 331.284832 95.10336 11
0 547.952256 389.68496 577.069184 352.17232 12
0 391.931104 221.505696 424.543776 168.471904 13
0 327.166656 136.016832 358.187584 79.670848 14
0 559.954656 358.660832 577.205024 298.305568 15
0 539.892 322.879904 559.38736 275.087456 16
0 391.626368 287.98976 427.313792 223.456 17
0 385.776768 191.676832 416.661632 136.367968 18
0 554.836608 302.479648 574.508672 257.423072 19
0 502.259296 287.129216 531.009184 239.757184 20
0 353.032576 123.986272 378.452864 69.150368 21
0 542.243936 361.977408 566.673824 319.471552 22
0 498.635296 338.560864 534.378464 275.310496 23
0 523.690912 430.43456 545.615968 320.81536 24
0 570.878304 477.537664 592.019616 414.263936 25
0 600.49712 430.716448 630.88336 374.668512 26
0 516.481472 289.568 539.221568 221.26336 28
0 587.631808 281.57216 601.600832 214.56992 29
0 585.028736 353.675104 597.003904 293.044896 30
0 592.079744 388.30848 606.503296 315.57504 31
0 574.648128 382.69856 591.051712 314.47904 32
0 467.04576 328.98848 498.3776 256.77792 27
