0 479.095584 364.12032 505.719776 285.7984 1
0 308.487168 406.80128 352.141312 288.39616 2
0 323.755456 253.11232 367.637824 159.43424 3
0 520.823328 486.63808 566.276832 416.4352 4
0 288.102144 315.72384 310.480896 185.32064 5
0 401.754688 347.63584 438.188992 258.46976 6
0 394.189376 377.87168 424.298944 285.20416 7
0 548.954976 419.067456 580.167584 376.507584 8
0 337.017216 173.7536 358.148224 105.46944 9
0 378.189728 260.13024 412.019552 191.7648 10
0 432.650496 405.19456 475.852544 322.3472 11
0 548.036832 392.091808 579.705888 354.676832 12
0 363.452064 205.91472 404.233056 160.00784 13
0 335.592384 146.12096 374.615616 74.21696 14
0 571.883424 385.671744 592.654176 332.427456 15
0 578.785344 266.750208 596.223936 215.336192 16
0 406.003232 314.32512 441.304288 230.45056 17
0 426.688512 271.07936 471.641088 190.57952 18
0 547.860832 316.100864 575.074208 259.516416 19
0 348.867616 118.46 377.182944 65.4376 21
0 542.708736 363.232128 565.845504 314.996352 22
0 504.65024 358.42976 536.11776 275.2944 23
0 521.94384 424.01088 549.68752 325.59424 24
0 605.79392 429.276096 630.54144 375.749184 26
0 518.83472 306.32128 540.9528 220.95936 28
0 592.841664 385.912352 607.249216 324.263648 31
0 571.071424 353.490848 594.537536 304.676192 32
0 541.803008 468.27264 576.268032 394.78912 30
0 464.208576 325.12544 494.675264 255.2624 27
0 504.153408 291.020256 533.953472 244.865824 20
0 576.476544 454.16384 603.899776 383.88032 25
0 590.79504 355.5448 609.35216 312.18512 29
