0 460.48912 355.97376 494.95536 284.64832 1
0 312.32112 405.79456 352.2024 288.32384 2
0 322.921792 243.40448 366.054848 159.85056 3
0 538.759168 484.62848 579.118592 406.33856 4
0 288.421376 313.6544 310.657024 184.77248 5
0 402.782016 351.02976 439.402944 261.184 6
0 394.297472 385.58592 428.635008 296.11648 7
0 545.044544 432.871904 582.187456 382.366496 8
0 339.228128 173.5136 358.065952 107.3376 9
0 371.672928 264.60672 408.022432 192.11264 10
0 309.48256 176.216 328.22112 85.01152 11
0 545.838752 391.300704 579.262048 350.431136 12
0 407.674368 225.504512 433.514752 162.405888 13
0 327.568928 133.301344 359.984352 77.737376 14
0 559.565792 324.623104 576.674848 289.194496 15
0 543.50496 347.543936 560.76256 284.681344 16
0 390.850656 289.63168 428.359584 224.57888 17
0 389.080704 200.65312 418.086016 136.50528 18
0 554.756224 296.452576 574.668416 257.377824 19
0 503.799776 288.036384 532.047904 240.231136 20
0 355.869152 147.6464 379.579168 76.27808 21
0 549.529408 360.225344 576.494272 324.721856 22
0 499.013728 340.003008 536.855712 277.317952 23
0 525.669312 434.07072 545.425728 318.54368 24
0 588.896896 444.31584 605.618304 367.89024 25
0 606.199744 425.337952 631.903296 384.095648 26
0 511.195872 287.52896 536.069408 214.35904 28
0 589.107008 282.39392 601.387712 214.79904 29
0 583.889376 336.65488 597.021984 291.76112 30
0 593.455904 374.487872 606.738656 319.174848 31
0 570.851136 381.6432 590.770624 310.05728 32
0 467.04576 328.98848 498.3776 256.77792 27
