0 460.641376 356.24672 496.511904 284.47776 1
0 310.228768 406.12736 352.180192 287.93344 2
0 322.751584 245.57696 366.025376 156.6144 3
0 539.298848 483.11008 578.769632 406.0752 4
0 288.36192 310.99264 310.6 184.34304 5
0 405.246944 351.83904 439.207456 261.24512 6
0 394.294272 385.13056 428.912128 296.056 7
0 545.479936 431.596096 582.166784 381.913024 8
0 339.326176 170.165856 358.135584 106.888864 9
0 371.65504 266.02816 406.68608 192.08 10
0 309.498272 169.22944 329.992288 85.07712 11
0 546.156704 391.778528 579.241056 350.144032 12
0 407.193504 225.164576 433.870176 162.387424 13
0 328.228 135.08688 359.78864 77.42512 14
0 559.004512 322.476704 577.945248 288.887136 15
0 543.514336 349.89536 560.000544 284.00544 16
0 390.86784 289.16672 427.68704 223.67424 17
0 389.343712 200.76832 418.710048 136.11104 18
0 554.850336 296.535872 574.494944 256.869568 19
0 504.174944 287.955552 531.944096 240.153248 20
0 358.017696 150.20832 379.917664 77.99136 21
0 553.794912 361.723552 580.236448 320.745568 22
0 498.851136 340.640384 536.663744 277.644416 23
0 525.708736 435.40608 546.210624 320.04864 24
0 590.290752 445.93728 605.233088 355.64992 25
0 603.23024 427.357792 630.68976 383.144608 26
0 511.325088 286.78144 535.341152 214.3168 28
0 588.872992 282.7136 601.446368 214.944 29
0 583.96256 334.469664 596.99616 291.359456 30
0 593.569568 365.804832 606.947552 319.920608 31
0 569.874688 384.20576 591.286272 310.0496 32
0 467.04576 328.98848 498.3776 256.77792 27
