0 462.211264 356.05472 498.591296 287.04416 1
0 309.3872 407.48864 352.2384 289.43424 2
0 323.4032 260.47424 365.88448 161.4752 3
0 538.39232 486.82816 576.352 411.9456 4
0 287.757472 308.3488 308.915808 179.85728 5
0 402.013792 355.81984 440.098208 262.23072 6
0 394.055136 383.592 425.141024 290.18848 7
0 546.717984 416.923616 578.705376 375.341344 8
0 338.878272 174.8384 358.162368 106.73216 9
0 370.78672 266.07424 406.25648 192.11456 10
0 312.030656 181.50272 334.046784 105.82528 11
0 548.7408 385.711424 576.77344 350.636736 12
0 391.620096 221.382304 424.617984 169.244256 13
0 327.417536 134.813856 360.581184 78.693984 14
0 560.63968 367.579296 581.256 306.059104 15
0 540.859296 288.239168 559.915104 235.842752 16
0 392.703328 285.44784 429.939872 222.60848 17
0 389.295168 187.184128 417.177792 133.462272 18
0 547.882272 316.42848 574.481888 257.95616 19
0 503.313344 288.55152 532.320576 241.30576 20
0 353.140864 129.696992 377.664896 68.623648 21
0 542.363904 356.95472 566.200576 317.73456 22
0 499.106592 349.82432 534.045408 275.18304 23
0 527.78112 431.30496 546.28224 322.2848 24
0 602.650336 429.036448 630.556704 374.043232 26
0 517.130496 304.1552 540.025344 220.85856 28
0 588.332608 282.8016 601.313472 215.5088 29
0 588.078144 357.93344 606.932416 308.60608 31
0 572.458336 383.81728 590.347424 307.15616 32
0 589.121472 417.27712 604.504128 337.29184 25
0 538.611072 432.621888 575.164288 392.663232 30
0 466.484 296.495904 496.64432 256.704736 27
