0 460.141184 355.93792 494.112896 285.20256 1
0 310.92112 406.33984 352.18672 288.11392 2
0 323.24576 250.36608 364.62624 160.27712 3
0 537.945312 488.29632 578.903328 407.04704 4
0 288.626976 310.832 310.409184 183.8624 5
0 400.208768 351.66176 439.469952 261.45056 6
0 394.397952 386.24544 429.160448 295.9024 7
0 549.4024 423.899744 581.8616 380.166816 8
0 339.038944 173.47264 357.941536 107.11872 9
0 371.983872 266.82848 406.600448 191.36928 10
0 312.003776 179.67712 330.561344 93.86016 11
0 547.18672 391.608512 576.9656 352.317248 12
0 390.817376 221.041984 424.069024 168.075456 13
0 327.46288 135.323424 358.6568 78.467296 14
0 560.47248 357.432288 575.13712 295.749152 15
0 541.465856 323.646816 560.172544 277.012384 16
0 392.153024 285.494368 427.382336 222.352032 17
0 388.189056 188.970688 416.545664 135.912512 18
0 555.023616 303.367488 574.491904 257.404352 19
0 502.601888 287.6784 531.141472 239.00832 20
0 353.42208 140.04192 379.0336 69.42752 21
0 542.569056 361.727488 567.504544 319.310592 22
0 498.702624 340.42848 534.349536 275.8928 23
0 524.833504 429.53504 546.033696 320.46816 24
0 573.058336 475.374112 594.411744 413.016288 25
0 600.598144 432.870688 630.891136 375.061472 26
0 516.411936 292.39584 539.314144 219.56576 28
0 587.981312 282.016 601.270528 215.83232 29
0 584.972256 347.752064 597.130784 292.128896 30
0 591.393376 387.86848 606.521504 315.59008 31
0 573.93312 381.83584 590.6736 313.67904 32
0 467.04576 328.98848 498.3776 256.77792 27
