0 467.412128 355.72544 501.643872 288.67904 1
0 308.734528 407.24768 352.423872 290.01312 2
0 323.682688 250.43008 366.630272 161.04896 3
0 537.721824 484.84864 576.108576 412.79744 4
0 287.321056 306.56032 308.553504 179.6208 5
0 403.505632 356.0624 439.906848 261.72448 6
0 394.500064 381.24128 424.575776 288.93216 7
0 546.762272 417.800544 579.027168 375.173536 8
0 339.054432 174.41088 358.107808 106.66432 9
0 371.620352 265.58912 406.947328 191.87264 10
0 312.050976 180.55936 334.059744 106.0608 11
0 548.607776 386.303936 576.801504 350.545984 12
0 387.1952 223.034976 421.02496 169.406624 13
0 327.468768 136.868224 360.968992 78.813056 14
0 561.957472 394.2592 583.171488 310.05568 15
0 544.750752 280.818816 568.640608 235.425664 16
0 394.12656 285.604416 433.86192 225.553344 17
0 393.08096 170.64672 415.74464 134.4016 18
0 546.628896 316.668256 574.643424 257.492384 19
0 503.190208 291.153856 533.372992 243.360064 20
0 352.38304 134.49792 376.08416 66.50816 21
0 542.667552 357.237216 566.561248 317.805344 22
0 499.317504 348.47392 531.700736 274.04256 23
0 529.010848 433.43296 546.509152 320.09536 24
0 606.209888 429.026432 630.723232 373.364608 26
0 517.549536 307.79872 540.690464 221.98432 28
0 588.7568 282.59616 601.51648 215.19968 29
0 589.694592 359.841696 607.104128 308.373344 31
0 572.416096 371.3488 590.533024 308.99168 32
0 590.04048 438.44896 606.60336 351.29568 25
0 538.707648 435.089152 575.912512 392.968448 30
0 465.73616 308.773696 494.38928 257.013184 27
