0 460.437696 355.92384 494.165824 285.01312 1
0 311.501184 405.94848 352.136576 288.1712 2
0 322.740704 243.6464 364.975136 160.38432 3
0 538.0024 491.13536 579.17136 406.28928 4
0 288.660512 313.4672 310.483168 183.89472 5
0 400.08032 350.99936 439.32192 261.0608 6
0 393.909888 385.4928 429.113472 295.72064 7
0 548.653632 428.848192 581.801408 380.963008 8
0 338.913504 172.91648 357.763616 106.85568 9
0 371.584544 266.63168 406.879456 191.69152 10
0 311.539968 181.62304 328.969472 92.6592 11
0 547.405408 391.720864 578.119072 352.814176 12
0 402.717152 221.657056 431.295008 165.984544 13
0 327.534912 134.109792 359.315648 78.549408 14
0 560.273856 334.152096 573.885504 287.354464 15
0 542.684128 324.276672 561.391392 280.803648 16
0 392.108128 287.888 427.953312 223.11872 17
0 389.010784 195.638304 417.515936 136.560096 18
0 554.651392 297.088768 574.408448 257.313792 19
0 503.15168 287.398368 531.1728 240.340512 20
0 354.00976 142.16896 379.47504 70.34816 21
0 543.012096 364.88912 568.652544 319.06864 22
0 498.994336 339.74288 534.381664 276.476 23
0 524.849632 434.2832 546.277408 321.04352 24
0 576.853504 473.83936 599.164416 404.10624 25
0 601.3984 429.78736 631.18528 375.38384 26
0 515.285856 296.19936 538.403744 217.0064 28
0 588.464352 281.49344 601.465888 215.34112 29
0 583.681312 335.628864 597.343968 292.193216 30
0 591.59984 394.42336 606.13456 316.86496 31
0 570.163328 383.02368 590.442112 310.89632 32
0 467.04576 328.98848 498.3776 256.77792 27
