0 462.013344 355.91936 498.110816 286.73792 1
0 308.97904 407.2608 352.2216 289.40096 2
0 323.476768 261.34656 365.840352 161.6576 3
0 538.1136 487.17376 576.27104 411.98912 4
0 288.016192 305.79136 309.428928 180.02496 5
0 401.755072 355.41728 440.095808 262.31328 6
0 393.989632 388.33184 425.232128 290.85408 7
0 546.858944 417.88688 578.789696 375.32144 8
0 338.909536 174.6016 358.213024 106.94848 9
0 370.961984 265.91104 406.248896 192.20608 10
0 311.980416 181.73888 333.975424 105.872 11
0 548.716896 385.812832 576.843424 350.560928 12
0 392.793504 221.361728 424.645216 169.486272 13
0 327.490304 134.759456 360.623616 78.798304 14
0 560.086592 367.050016 581.091008 305.623264 15
0 540.33408 302.32064 559.67872 237.13408 16
0 392.786816 284.896928 429.267584 222.964832 17
0 388.483296 188.395584 416.810784 133.771456 18
0 547.486848 316.684032 574.571392 257.794048 19
0 503.270176 288.366528 532.156384 241.186112 20
0 353.301824 126.286944 378.000576 69.016736 21
0 542.261664 357.205152 566.201696 317.610848 22
0 498.994432 349.06848 534.082048 275.4832 23
0 527.663424 430.64576 546.415296 322.91968 24
0 602.428224 429.212064 630.640576 374.293856 26
0 517.119808 297.78848 539.671232 220.72544 28
0 588.455904 282.69408 601.375776 215.48832 29
0 588.0136 358.260512 606.98544 308.597728 31
0 572.707008 385.78432 590.288192 306.60224 32
0 588.683584 417.35808 604.118976 335.19104 25
0 539.03776 432.353024 575.06272 392.626176 30
0 466.51312 296.157152 496.86736 256.447008 27
