0 460.636896 355.80192 495.150624 284.58336 1
0 312.26544 405.8976 352.148 288.24256 2
0 323.135872 243.76512 365.871488 160.02752 3
0 538.068064 485.70912 579.240096 406.42144 4
0 288.455904 313.80192 310.559776 184.78624 5
0 402.397792 350.85248 439.383968 261.2768 6
0 394.557312 385.31872 428.667008 296.2544 7
0 545.398976 432.88688 582.272064 382.43088 8
0 339.186016 173.39136 358.054304 107.2512 9
0 371.680864 264.39264 408.160416 192.08352 10
0 309.382912 176.92832 328.167168 85.26816 11
0 545.833216 391.269216 579.284224 350.195104 12
0 407.661856 225.213536 433.491424 162.512544 13
0 327.56416 133.510048 359.82016 77.712992 14
0 559.707744 324.510528 576.842656 289.237952 15
0 543.586048 345.550304 560.859392 284.612896 16
0 390.899456 289.47712 428.588544 224.62464 17
0 389.188288 200.33328 417.941312 136.61776 18
0 554.753248 296.473216 574.689312 257.311104 19
0 503.721472 287.732704 531.938048 240.300576 20
0 355.66528 147.26272 379.50784 76.40832 21
0 547.398816 362.727808 575.422304 324.881792 22
0 498.910048 339.683808 536.826272 277.153312 23
0 525.556992 434.70848 545.416448 318.25408 24
0 588.098176 445.20384 605.271424 370.69248 25
0 606.25872 425.947712 632.04784 383.671488 26
0 511.182656 287.84128 535.998144 214.47552 28
0 589.10912 282.45536 601.36384 214.67232 29
0 583.859136 336.96064 597.099584 291.83296 30
0 593.5576 375.282816 606.7176 318.949504 31
0 570.901408 381.37408 590.724192 310.03328 32
0 467.04576 328.98848 498.3776 256.77792 27
