0 460.227776 355.64256 494.201664 285.13184 1
0 311.86736 406.2128 352.244 288.24736 2
0 323.260768 245.3248 364.850592 160.25728 3
0 539.52112 488.71072 578.61008 406.79264 4
0 288.609088 311.5984 310.397632 183.71808 5
0 400.056192 350.8192 439.353728 261.06688 6
0 393.922304 386.03552 428.975616 295.77824 7
0 549.1568 428.697184 581.86912 380.855456 8
0 338.979456 173.28512 357.842304 107.09632 9
0 372.004928 266.7984 406.543552 191.48128 10
0 311.572416 183.28864 328.847424 93.36544 11
0 547.095904 391.630304 577.275296 353.165856 12
0 400.535904 221.123008 428.590496 166.537792 13
0 327.404768 134.691904 358.941472 78.475456 14
0 560.117952 348.024672 573.233728 291.739808 15
0 541.901856 324.136064 560.582624 279.222656 16
0 392.36928 285.006336 426.72064 223.046144 17
0 388.814208 193.741312 417.177472 135.825408 18
0 554.993952 302.135456 574.425568 257.521504 19
0 502.842656 287.48864 531.114464 239.48864 20
0 353.372896 140.2304 379.242784 69.62048 21
0 542.892544 361.041984 567.991296 318.791616 22
0 498.803584 341.55072 534.078336 276.4192 23
0 524.733344 430.23552 546.420576 321.10912 24
0 577.026336 474.50592 597.881824 407.21696 25
0 601.361632 431.3048 630.971168 374.75344 26
0 516.305184 295.45024 538.898656 218.68736 28
0 587.910752 281.56096 601.359008 215.78304 29
0 583.92368 335.945344 597.18864 291.643776 30
0 591.334848 389.04672 606.140992 316.27296 31
0 571.583584 382.64736 590.538656 311.67328 32
0 467.04576 328.98848 498.3776 256.77792 27
