0 460.468192 355.82272 494.221088 285.08352 1
0 311.126752 406.05664 352.120608 288.17824 2
0 322.721536 243.55424 365.040384 160.31904 3
0 538.004064 490.49312 579.421856 406.32608 4
0 288.676032 314.47904 310.471488 184.11552 5
0 400.296544 351.1056 439.310496 261.00704 6
0 393.968832 385.50656 429.096768 295.73376 7
0 549.2704 429.419456 581.74528 381.199424 8
0 338.909088 172.88832 357.743712 106.85568 9
0 371.69824 266.67808 406.90784 191.64896 10
0 311.540992 181.4784 328.976128 92.44288 11
0 547.488928 391.36016 578.434912 352.52848 12
0 403.380352 221.479616 432.010368 165.153344 13
0 327.525056 134.798112 359.578944 78.548448 14
0 560.19632 331.636608 574.19728 287.212672 15
0 542.872064 324.365376 561.061376 281.339584 16
0 392.110592 287.74272 427.801088 223.05792 17
0 389.192064 196.479808 417.612416 136.405952 18
0 554.669504 297.019968 574.444096 257.237952 19
0 503.19168 287.616384 531.18272 240.479616 20
0 354.201856 142.29376 379.615744 70.91712 21
0 543.111072 365.22352 568.956768 319.63792 22
0 498.97456 339.77312 534.21968 276.40736 23
0 524.892704 436.57248 546.190816 321.07744 24
0 577.45264 472.24128 599.79408 401.66976 25
0 601.138368 429.505664 631.138112 376.059776 26
0 514.82464 295.06112 538.1264 216.528 28
0 588.506816 281.45216 601.464384 215.34144 29
0 583.69824 336.137152 597.3296 292.301888 30
0 591.758368 394.69472 606.197472 316.9904 31
0 570.01088 382.64928 590.50368 310.65632 32
0 467.04576 328.98848 498.3776 256.77792 27
