0 478.144096 370.06848 506.207904 284.8704 1
0 311.475488 405.51104 352.501472 288.44736 2
0 324.276 259.23616 365.88464 159.48512 3
0 523.230688 488.00512 567.706912 411.48544 4
0 288.266784 313.1168 310.460896 181.62496 5
0 401.751424 350.9952 438.534016 260.04224 6
0 395.411744 362.78496 424.345056 286.30304 7
0 544.059616 421.563424 579.325984 375.653856 8
0 335.242496 173.3168 358.317824 105.64 9
0 372.972352 264.58016 413.149888 191.65536 10
0 401.827968 428.00352 452.449152 353.11008 11
0 547.296032 389.161984 579.900128 352.736256 12
0 363.680192 208.470624 404.866368 159.551136 13
0 334.26304 145.41312 372.88832 73.84704 14
0 574.088576 389.797472 593.867904 334.399648 15
0 579.898048 263.396544 595.843392 215.785536 16
0 406.786688 309.61952 442.082432 230.4624 17
0 409.336032 227.62016 427.033888 146.15264 18
0 547.56608 314.43136 574.78912 259.35552 19
0 351.414144 120.565056 377.399936 65.525184 21
0 541.531168 362.934016 564.155872 312.999424 22
0 504.178272 350.46816 536.187808 274.32672 23
0 528.994112 425.98016 547.652288 322.29376 24
0 604.931264 432.192448 630.619456 374.935872 26
0 518.641536 306.51456 541.001344 221.42656 28
0 581.51376 315.884704 595.3912 252.864096 29
0 591.754336 379.93664 606.859424 311.88288 31
0 568.020992 349.678048 589.882368 310.955552 32
0 544.298976 465.6128 576.357664 394.75968 30
0 464.048128 324.36448 492.020992 256.66464 27
0 505.583648 290.634176 534.880992 245.601344 20
0 588.733696 435.681696 604.123904 379.250784 25
