0 478.404064 367.89312 506.632736 286.40448 1
0 311.036992 406.40512 352.543168 288.81792 2
0 323.309024 228.82976 365.292576 158.04256 3
0 532.349216 484.76992 575.625184 412.39872 4
0 287.272704 308.104 308.822016 180.29536 5
0 403.116224 350.68 438.194496 258.53856 6
0 395.595136 380.35712 425.064064 286.63424 7
0 545.569952 416.609056 578.432608 374.846944 8
0 339.451456 171.3296 358.430144 106.52256 9
0 371.797792 264.25696 406.865888 190.93408 10
0 321.288224 280.00256 371.644896 197.08416 11
0 549.3544 386.77536 577.5384 352.18528 12
0 365.817792 218.134464 409.130048 161.019456 13
0 326.757568 141.903264 363.546432 79.058016 14
0 565.129408 398.46688 586.596672 318.80288 15
0 579.438688 265.729856 593.825952 215.221184 16
0 403.34384 300.56256 440.83536 225.76576 17
0 409.520768 227.20544 428.211072 144.43104 18
0 547.455456 317.394016 574.198304 259.148704 19
0 349.89376 124.907488 377.47264 64.787232 21
0 542.65776 364.448992 565.90032 317.712928 22
0 504.687712 353.80544 536.414368 274.3136 23
0 528.57872 433.61408 547.6312 320.92544 24
0 605.414592 429.875936 630.847808 374.890784 26
0 517.893504 303.12736 540.454016 220.15072 28
0 590.938944 291.55392 604.281536 214.92928 29
0 592.582752 363.544928 607.108768 307.832992 31
0 572.51408 366.215648 591.3528 311.544352 32
0 590.551744 443.6144 605.662016 359.47424 25
0 538.917216 434.54032 575.532704 392.95792 30
0 464.47232 322.20736 493.66016 256.17856 27
0 505.602624 291.2072 534.742976 245.12688 20
