0 479.3296 368.50912 506.52256 285.6848 1
0 310.769248 405.52896 352.677792 288.98624 2
0 325.651936 238.17248 366.833184 159.38016 3
0 535.720416 485.02496 575.701024 412.69536 4
0 287.13296 307.5344 309.64016 179.14464 5
0 401.962144 347.95456 438.844256 258.416 6
0 392.786496 378.79872 424.503744 288.6304 7
0 546.647424 418.458816 577.970816 375.175744 8
0 339.544448 173.04544 358.032512 106.9584 9
0 371.444512 265.58432 407.500768 192.04128 10
0 308.184576 260.51424 341.076224 162.39136 11
0 548.312832 387.962304 577.015808 351.189056 12
0 370.885472 211.771392 411.051168 164.324608 13
0 327.03504 140.699936 363.90384 79.229664 14
0 564.698336 404.13952 585.156384 314.03264 15
0 570.419744 271.178816 587.487456 229.884864 16
0 402.300192 283.198752 437.415648 224.929248 17
0 408.586848 225.86272 429.015712 144.024 18
0 547.722496 318.499328 574.548224 258.304512 19
0 349.417536 124.186688 376.928704 64.814272 21
0 542.852864 361.548096 566.729216 319.081664 22
0 505.526848 355.04384 537.208512 278.15424 23
0 528.048544 428.00512 546.994016 323.94496 24
0 605.4344 427.800576 630.74864 374.454784 26
0 517.69536 300.44 540.6048 219.8032 28
0 588.987296 281.9072 601.995104 207.2 29
0 590.476736 362.865888 606.877504 302.060832 31
0 572.13424 366.923584 590.49104 309.176256 32
0 589.715296 450.45984 605.315744 357.80256 25
0 538.865824 431.753248 574.667616 391.965152 30
0 465.301888 321.98912 495.384192 256.89856 27
0 504.71296 290.543424 534.13888 244.414656 20
