0 457.715616 356.93056 494.821984 284.51968 1
0 311.114464 406.27776 352.465696 288.72896 2
0 327.685824 237.62528 371.523136 160.136 3
0 539.190848 485.1184 578.731712 406.27232 4
0 285.724544 306.69856 307.862656 182.73376 5
0 404.6912 361.19808 443.2 267.00032 6
0 390.86976 384.84448 429.10208 295.18368 7
0 544.80224 434.749792 582.88288 384.277408 8
0 339.704576 164.752864 358.179584 107.038496 9
0 372.437952 267.57056 405.817408 192.18496 10
0 309.23232 174.53376 327.44736 85.75424 11
0 545.39888 394.462272 579.7736 351.881408 12
0 407.625504 230.65184 434.359776 163.05056 13
0 329.148416 137.621024 363.629824 78.476256 14
0 559.468 324.309792 581.7864 287.018208 15
0 543.438336 361.6928 560.011264 285.32544 16
0 387.384576 288.44448 423.684864 224.28256 17
0 391.407456 201.7584 419.353504 134.52064 18
0 554.291808 299.515776 575.152032 257.185664 19
0 504.28128 288.617184 532.98592 238.613536 20
0 364.115168 166.65088 385.054752 88.928 21
0 557.206848 379.469632 587.015872 320.006848 22
0 499.229376 340.3672 536.167744 277.84592 23
0 525.37872 432.39168 545.82 318.25536 24
0 588.826272 434.8832 604.639328 344.78016 25
0 609.852448 429.941184 630.887392 375.172416 26
0 467.665248 316.413408 499.364512 256.294432 27
0 511.744288 274.234944 534.464992 214.050496 28
0 589.332352 283.50784 602.892928 219.19168 29
0 583.185184 333.170688 597.157856 290.220032 30
0 593.07168 381.790336 608.69856 324.779904 31
0 570.339168 378.26336 591.516832 310.07456 32
