0 479.048704 365.19264 505.675776 286.31456 1
0 309.27216 406.7936 352.26896 288.23872 2
0 323.801472 252.84512 367.527808 159.44928 3
0 521.69776 486.68928 566.17936 416.15232 4
0 288.422048 315.02144 310.685792 185.70816 5
0 401.739712 347.67968 438.256448 258.29664 6
0 394.230944 377.52864 424.364896 285.25024 7
0 549.139936 418.547296 580.241184 376.399264 8
0 336.766816 173.76448 358.241184 105.43552 9
0 378.034464 261.15872 411.710176 191.8384 10
0 428.366208 405.32736 475.353472 324.02048 11
0 548.004768 392.141824 579.666272 354.626816 12
0 363.516032 205.819488 404.225408 160.131232 13
0 335.540992 143.49024 374.952448 74.15584 14
0 572.2688 386.859968 593.056 332.921152 15
0 578.735808 266.643456 596.209472 215.317504 16
0 406.380832 313.6384 443.660768 231.31008 17
0 425.476704 267.99456 469.317536 186.7024 18
0 547.780096 316.140512 575.006464 259.632928 19
0 348.68416 117.665664 377.34592 65.517696 21
0 542.381728 363.603136 565.806432 314.720064 22
0 504.775936 360.32544 536.141824 275.18432 23
0 521.737504 424.2112 549.636576 325.70112 24
0 605.708096 429.19632 630.467264 375.4808 26
0 518.786144 305.75552 540.969376 220.87872 28
0 593.363744 385.438336 606.986976 322.210944 31
0 571.074944 354.08048 594.462336 305.05808 32
0 541.710464 467.92256 576.299136 394.87936 30
0 464.113024 325.54144 494.747776 255.57856 27
0 505.025504 291.38112 534.055456 245.11424 20
0 576.476448 454.40096 603.835872 383.67264 25
0 590.040416 356.723744 609.314464 311.651296 29
