0 478.15984 369.33312 505.33456 285.98848 1
0 308.962784 406.36192 352.440096 288.22368 2
0 323.980224 258.33376 365.636416 158.90656 3
0 532.531456 485.05792 575.974144 416.15424 4
0 288.522624 313.77792 309.970816 181.824 5
0 401.125568 351.544 438.912832 258.97632 6
0 396.01344 374.72128 425.05664 287.13344 7
0 542.927808 417.065792 577.575232 375.496128 8
0 338.115776 173.54688 358.357824 106.6272 9
0 371.905952 262.43648 409.202528 192.06592 10
0 363.931424 376.67872 401.110496 259.13952 11
0 550.684704 390.979936 579.714016 353.270944 12
0 363.501248 211.652032 405.415232 160.002368 13
0 326.59792 140.16016 365.996 79.44816 14
0 572.863584 384.382528 593.216416 333.664192 15
0 579.316672 264.862624 595.434048 215.146336 16
0 405.807392 309.85472 443.393248 229.48992 17
0 409.343296 228.42528 427.161024 145.1952 18
0 546.109632 316.46528 574.209088 259.26848 19
0 350.06992 124.645184 378.25776 64.847296 21
0 542.34144 366.075264 565.31296 316.543616 22
0 504.367904 351.02944 536.709856 274.9072 23
0 528.766432 432.81568 547.864608 321.02624 24
0 606.17968 430.180832 630.81744 374.926368 26
0 518.28976 303.15584 540.70032 220.14784 28
0 583.108736 297.664544 604.898944 244.506336 29
0 590.746176 366.26368 606.947264 310.41216 31
0 567.185536 347.609856 590.525824 310.618624 32
0 590.975776 445.19712 605.578464 362.03744 25
0 539.370016 435.368768 575.822304 394.365632 30
0 464.3616 321.568 495.52192 256.6336 27
0 505.394304 289.372192 533.974656 245.236448 20
