0 478.438656 367.89472 506.316544 285.98304 1
0 313.064288 406.79072 351.971232 288.53472 2
0 324.245504 258.0256 366.567936 159.36192 3
0 521.579072 488.416 566.794688 415.12064 4
0 288.653216 311.74368 310.450784 182.16992 5
0 402.267744 351.29248 438.376096 259.21248 6
0 394.672384 378.3072 425.078016 285.46112 7
0 548.773248 418.726784 579.522432 376.093056 8
0 333.5184 175.09664 358.44192 105.23872 9
0 376.75696 262.55008 413.6648 192.06752 10
0 415.94592 437.02048 458.10336 344.19552 11
0 547.882528 390.513152 579.985632 353.910528 12
0 363.40704 211.298624 404.10656 160.046016 13
0 335.325536 144.10112 374.150304 74.72512 14
0 573.229056 389.987616 593.498624 335.113184 15
0 578.541632 266.454976 596.159168 215.517504 16
0 405.802816 312.31296 442.692544 231.80736 17
0 413.512256 252.69824 439.186624 164.43968 18
0 546.989408 315.593312 574.677152 259.929248 19
0 350.859488 120.562816 377.612832 65.034624 21
0 542.56368 362.486944 565.83312 314.823776 22
0 504.48192 355.99456 536.0096 274.63456 23
0 527.103744 430.29568 548.793856 324.39232 24
0 604.708128 429.49824 630.488032 374.704 26
0 518.881152 306.79328 541.066368 220.8496 28
0 584.430432 349.43056 598.823328 288.09008 29
0 595.180224 381.0288 606.871616 311.23488 31
0 570.369824 355.16784 594.519776 311.844 32
0 541.14544 467.21888 575.80688 394.50912 30
0 463.774464 324.46272 493.295616 256.62272 27
0 505.403936 290.887456 534.404064 245.084384 20
0 585.631648 430.193504 603.897952 380.362656 25
