0 459.967264 357.00704 494.185696 284.6608 1
0 309.90112 404.97216 352.72928 287.68576 2
0 323.013536 255.30048 365.230944 159.7536 3
0 537.879328 490.26912 578.367712 407.28352 4
0 288.47168 309.18304 310.69376 183.7744 5
0 400.645504 352.4848 439.776896 261.76544 6
0 393.823904 384.50176 429.176416 296.56192 7
0 547.136736 418.66032 581.184544 380.08144 8
0 339.230848 172.44992 357.968512 106.64896 9
0 370.808448 266.74976 407.092352 192.13024 10
0 313.141568 178.76128 331.300032 95.19712 11
0 547.823552 389.613312 577.069888 352.242688 12
0 392.337888 221.724192 424.884512 168.674528 13
0 327.16848 134.635744 358.13712 79.695136 14
0 559.697664 358.43888 577.339136 298.91664 15
0 539.972352 322.9632 559.239168 274.64192 16
0 391.49696 287.020512 427.08992 223.796768 17
0 385.851584 191.738528 416.710976 136.345952 18
0 554.885888 302.549248 574.495232 257.420032 19
0 502.299872 286.973248 530.921248 239.804352 20
0 353.011808 124.354112 378.451872 69.153728 21
0 542.196128 361.984064 566.546272 319.211456 22
0 498.670112 338.710656 534.360288 275.289984 23
0 523.88432 431.0592 545.516 320.66176 24
0 571.42448 477.57104 591.3672 413.91952 25
0 600.585888 430.76832 630.889312 374.61152 26
0 516.496032 290.08064 539.154528 221.2832 28
0 587.6416 281.6576 601.64224 214.528 29
0 585.080576 354.30336 597.026304 293.45216 30
0 592.186816 388.14112 606.561344 315.28544 31
0 574.654656 382.54208 591.077184 314.60608 32
0 467.04576 328.98848 498.3776 256.77792 27
