0 463.843168 355.87232 501.889952 288.8944 1
0 309.257504 407.54016 352.447456 290.03936 2
0 323.548672 252.02624 366.409728 161.08096 3
0 537.944832 485.0064 576.739328 412.81248 4
0 287.327648 307.13248 308.559712 179.58368 5
0 403.35728 356.01728 439.89392 261.47264 6
0 394.756448 380.55808 424.664992 289.08288 7
0 546.452736 417.580256 578.988544 375.276064 8
0 338.918688 174.81184 357.949152 106.46944 9
0 371.583744 265.57024 406.743296 191.8672 10
0 312.124576 180.22752 334.038624 105.83968 11
0 548.784128 385.795264 576.817152 350.476096 12
0 389.142272 222.65824 421.525248 169.32 13
0 327.463968 135.653728 359.834592 78.852512 14
0 561.721568 393.77088 583.142432 308.99392 15
0 543.256352 280.611904 566.766048 234.520256 16
0 393.217952 286.450368 433.103968 224.747072 17
0 390.221024 176.840704 417.087776 130.977536 18
0 547.305568 316.461088 574.555552 257.800672 19
0 503.235296 289.86496 533.199904 242.78272 20
0 352.540832 138.25504 376.040288 66.35552 21
0 542.749952 357.002752 566.597888 317.567488 22
0 499.272096 349.648 531.815264 274.0384 23
0 528.41104 434.98176 546.57008 320.40768 24
0 606.190784 429.31104 630.706496 373.44992 26
0 517.459616 307.7648 540.615264 222.01952 28
0 588.696928 282.69664 601.443232 215.36544 29
0 588.60448 360.18112 607.0512 308.49856 31
0 572.35152 371.319392 590.5208 308.427168 32
0 590.128512 436.58112 606.846848 350.98368 25
0 538.604608 434.46592 575.908032 392.91712 30
0 466.817952 300.106912 494.719328 257.201248 27
