0 478.943264 368.68096 506.128096 285.83168 1
0 309.738464 406.32352 352.258336 287.448 2
0 324.122176 256.85632 365.189824 159.06432 3
0 528.526624 486.94752 571.774176 418.23648 4
0 288.492224 311.02784 310.163776 181.85664 5
0 402.308736 351.27104 438.592384 259.54496 6
0 395.937504 367.20992 424.742176 286.49504 7
0 542.224192 418.592224 577.693888 375.596576 8
0 337.367264 174.1264 358.278176 106.21792 9
0 372.463072 266.21248 409.811488 192.74816 10
0 370.821664 411.5248 423.538656 297.94208 11
0 549.445824 390.673984 579.643456 352.492736 12
0 363.558752 208.325024 405.397408 159.762016 13
0 326.804704 141.841984 368.219936 79.226816 14
0 573.22976 385.367424 593.52864 333.635456 15
0 579.348704 262.384288 595.445536 215.250272 16
0 405.856768 308.69408 443.281152 230.1616 17
0 409.208352 227.96064 427.178208 145.79808 18
0 545.740864 315.241856 574.420416 258.661504 19
0 350.104192 125.072256 378.313088 65.085824 21
0 541.780576 362.682112 565.246624 312.314368 22
0 504.623744 354.05088 536.658816 274.97312 23
0 529.130944 435.10112 548.210496 320.69664 24
0 605.22112 427.69392 630.69696 375.22832 26
0 518.405856 303.90464 540.821024 220.91328 28
0 581.76704 295.410816 599.52448 243.869824 29
0 590.335808 374.62064 606.913472 310.69904 31
0 567.179072 348.840928 590.347968 310.572832 32
0 585.504576 462.72448 604.352704 374.93952 25
0 538.67952 442.940288 576.22864 394.247552 30
0 463.80176 323.07456 494.28848 256.66432 27
0 504.92576 290.04752 534.02208 245.5992 20
