0 478.155648 369.96096 506.306432 285.28 1
0 311.418592 405.56256 352.498208 288.36512 2
0 324.279968 259.23424 366.022752 159.51648 3
0 523.18672 487.80352 567.78544 411.344 4
0 288.284544 313.05056 310.448256 181.62976 5
0 401.71168 351.35808 438.56608 260.05952 6
0 395.40816 360.81728 424.39856 286.21504 7
0 543.836416 421.34672 579.276544 375.83344 8
0 335.391808 173.37056 358.287552 105.62464 9
0 372.806656 265.2016 413.112064 191.75968 10
0 397.643104 428.76256 452.890016 353.24576 11
0 547.337312 389.16 579.851168 352.78176 12
0 363.761376 207.970848 404.868384 159.532512 13
0 334.286496 145.13696 372.692064 73.91328 14
0 574.097984 389.830304 593.855936 334.423136 15
0 579.903584 263.359648 595.867296 215.760992 16
0 406.641728 306.7584 442.322112 230.51136 17
0 409.323488 227.61056 427.016992 146.14688 18
0 547.514304 314.386304 574.812736 259.424896 19
0 351.443584 120.548256 377.385856 65.538144 21
0 541.39792 363.050208 564.19568 312.974112 22
0 504.231392 350.72352 536.244768 274.37088 23
0 528.936064 425.75616 547.639936 321.71392 24
0 604.892128 432.05424 630.682912 375.03824 26
0 518.62592 306.35936 541.03104 221.41792 28
0 581.56032 315.535008 595.37536 252.214112 29
0 591.781856 379.82528 606.876704 311.90208 31
0 567.998336 349.603328 589.844864 310.857472 32
0 544.301376 465.53088 576.384704 394.74944 30
0 464.0336 324.35136 492.45152 256.90944 27
0 505.623232 290.535008 534.881088 245.627552 20
0 589.742976 436.326112 604.124544 378.708768 25
