0 479.692512 366.91808 506.512928 285.21888 1
0 309.565888 406.37376 352.389952 289.82464 2
0 324.032704 235.51392 366.728256 158.17184 3
0 532.60512 484.56992 575.87232 412.47456 4
0 287.271072 306.54528 309.491808 179.76256 5
0 402.43088 349.65216 438.09008 258.40032 6
0 394.352128 379.8912 424.220672 288.17024 7
0 545.624288 422.35056 578.566432 375.42352 8
0 339.606624 171.27136 358.244256 106.97632 9
0 371.880576 265.3792 407.494784 191.9328 10
0 308.2392 270.68544 348.94736 175.4816 11
0 548.764992 387.956448 577.198528 351.178272 12
0 368.38032 216.954848 410.53808 163.375392 13
0 326.836736 141.5464 363.788544 78.99248 14
0 565.331616 406.90048 586.265184 317.08672 15
0 573.538592 269.110176 589.759968 224.937824 16
0 401.270752 289.75584 438.022688 225.41472 17
0 408.697728 226.91264 428.432512 143.75488 18
0 547.88752 317.456096 574.40496 258.890784 19
0 349.431488 122.79456 377.740352 64.10208 21
0 543.10816 360.654656 566.61216 318.047424 22
0 505.569856 350.73984 536.551104 275.632 23
0 527.742528 427.80384 547.088832 324.16928 24
0 605.377344 430.072992 630.850496 374.591328 26
0 517.704096 301.54464 540.379744 219.93504 28
0 589.99776 279.74528 601.94464 206.80576 29
0 592.185696 362.842176 607.091104 301.197504 31
0 571.581728 362.132576 590.605792 309.062304 32
0 590.032928 448.3408 605.570272 358.776 25
0 538.758304 433.178176 574.858336 392.703424 30
0 464.289568 322.77376 494.521312 257.41056 27
0 505.38416 289.779648 533.89904 245.413952 20
