0 460.745664 355.76768 496.042816 284.57408 1
0 312.212576 406.16544 352.179104 288.63136 2
0 323.132192 246.11232 366.780128 157.81216 3
0 538.947808 483.90496 578.753312 406.23392 4
0 288.537504 310.64384 310.777696 184.30272 5
0 405.21008 351.8992 439.2968 261.208 6
0 394.170432 385.76032 428.891328 296.21344 7
0 545.344672 431.498336 582.021728 381.932704 8
0 339.471232 172.11872 358.142848 106.89824 9
0 371.893024 264.92736 409.182176 191.98144 10
0 309.566656 170.93024 330.167104 85.02752 11
0 546.27392 391.277344 579.21216 349.243616 12
0 407.634464 224.756928 433.628896 162.274112 13
0 328.129152 135.273632 359.458688 77.336928 14
0 558.79408 322.98432 577.04336 289.16928 15
0 543.645152 347.935648 560.283168 283.952992 16
0 390.926144 288.73408 427.715776 222.94336 17
0 389.10192 200.57632 418.33872 136.03552 18
0 554.80064 294.796736 574.56384 257.048384 19
0 504.249696 287.513696 531.905184 240.144544 20
0 357.78112 146.91136 379.52448 77.8848 21
0 552.363808 360.576736 579.336672 320.691744 22
0 498.776064 340.284576 536.788736 277.632864 23
0 525.864992 434.04736 546.367968 319.82528 24
0 589.801888 447.25408 605.148512 356.74464 25
0 604.252576 427.269696 631.126624 384.425664 26
0 511.3432 287.54752 535.9848 214.36608 28
0 588.871392 282.51808 601.442848 214.88608 29
0 584.065632 334.508 596.975008 291.39792 30
0 593.140096 365.91648 606.807424 319.47744 31
0 570.067936 386.53568 590.892064 309.96608 32
0 467.04576 328.98848 498.3776 256.77792 27
