0 478.715456 368.40256 505.897664 285.44576 1
0 308.902496 406.3024 352.235424 287.74688 2
0 324.14848 257.416 365.28512 159.04992 3
0 528.961952 483.828736 573.128288 419.903744 4
0 288.467808 310.0976 310.051232 181.84352 5
0 402.110208 351.4624 438.605312 259.3472 6
0 395.921888 370.47552 424.634912 286.49216 7
0 542.017984 418.367616 577.662016 375.626624 8
0 337.695008 173.99808 358.258912 106.62144 9
0 372.305504 266.33472 409.601696 192.1792 10
0 370.292512 410.62048 418.552288 290.15008 11
0 550.978176 391.153952 579.684224 352.636128 12
0 363.632992 209.899456 405.315488 159.828544 13
0 326.784832 142.797536 368.058048 79.167264 14
0 573.11808 386.813408 593.48672 333.628192 15
0 579.234144 261.308416 595.462816 215.066624 16
0 405.628544 310.98368 443.198336 229.952 17
0 409.404608 227.8512 427.172672 145.44544 18
0 545.390464 315.465632 574.330496 258.665568 19
0 349.980032 125.6096 378.279808 64.74816 21
0 541.8936 363.30528 565.24368 312.71904 22
0 504.598656 353.616 536.614784 275.18272 23
0 529.204288 435.2176 548.503232 321.38656 24
0 605.959968 427.975648 630.819552 375.128352 26
0 518.307136 304.49824 540.766144 220.88928 28
0 582.162272 291.40688 600.587168 242.78576 29
0 590.434784 373.494848 606.946336 310.594752 31
0 567.153632 348.93328 590.480928 310.65072 32
0 585.962752 458.6736 605.064448 372.80416 25
0 538.696096 441.786688 576.264544 394.607552 30
0 463.958272 323.22112 493.188608 256.22592 27
0 504.863232 289.862336 533.950208 245.662784 20
