0 479.189024 370.0464 506.121696 286.11872 1
0 309.975616 405.72384 351.940544 287.88256 2
0 324.185792 256.44704 365.964608 159.53888 3
0 527.254336 482.68384 569.840064 414.7472 4
0 288.250144 311.21344 310.380256 182.0128 5
0 401.274176 351.69952 438.700224 260.10848 6
0 395.239616 360.69664 424.952384 286.48672 7
0 543.107968 419.149248 578.102912 375.473472 8
0 336.45552 173.32064 358.51024 106.34912 9
0 371.970816 266.7088 410.271744 193.18368 10
0 380.080576 422.016 433.231424 313.696 11
0 547.942144 389.913824 579.599616 352.687136 12
0 363.690432 210.458048 404.950848 159.659072 13
0 329.4808 142.881824 368.98704 79.900896 14
0 573.984864 389.10576 593.756576 333.91504 15
0 579.492864 265.942144 595.965696 215.831936 16
0 406.723904 312.3936 443.033536 230.70656 17
0 408.581376 227.28192 427.325184 146.23104 18
0 546.956416 314.484928 574.290304 258.766912 19
0 349.903808 124.66704 377.763392 65.56272 21
0 541.063584 362.67472 565.132896 312.44848 22
0 504.372608 354.78272 536.262272 274.99904 23
0 528.049696 433.1984 547.826144 322.74784 24
0 604.947008 429.137216 630.657472 375.157184 26
0 518.570016 304.19904 541.093344 221.61344 28
0 581.501824 308.230592 597.764736 246.275648 29
0 590.410432 375.98784 606.846528 311.39008 31
0 567.293536 349.073344 590.102944 310.620736 32
0 586.146144 461.44224 604.006816 375.74432 25
0 539.93792 450.487392 576.44224 394.091168 30
0 464.448352 323.40512 490.566048 256.31968 27
0 504.847264 290.505664 534.598496 245.306176 20
