0 460.73216 355.99392 496.34944 284.47072 1
0 310.560832 406.22208 352.214208 288.05376 2
0 322.90976 246.05728 366.21152 156.96096 3
0 539.254016 483.87552 578.738944 405.9536 4
0 288.441568 310.73888 310.616352 184.28704 5
0 405.225312 351.83936 439.213728 261.27552 6
0 393.870144 385.23776 428.898496 296.17536 7
0 546.3432 431.344128 582.09712 381.897472 8
0 339.327232 170.598528 358.172928 106.943872 9
0 371.838336 265.67328 407.590784 192.06112 10
0 309.4976 169.47264 330.24768 85.02848 11
0 546.129888 391.724384 579.217952 349.578656 12
0 407.190912 224.681152 433.817728 162.376768 13
0 328.176032 135.047424 359.214688 77.467136 14
0 558.831072 322.588064 577.198368 289.107296 15
0 543.611072 347.759392 560.035648 283.902688 16
0 390.846848 288.92576 427.724672 223.3072 17
0 389.296384 200.45344 418.529536 136.05216 18
0 554.8176 295.64048 574.5648 256.98672 19
0 504.2 287.82224 531.90368 240.12016 20
0 357.904992 148.87904 379.399328 77.75136 21
0 553.523136 360.6712 579.582784 320.2056 22
0 498.777344 341.91936 536.621056 277.6288 23
0 525.826112 435.61664 546.305728 320.56384 24
0 590.107488 446.65888 605.328032 355.62336 25
0 603.583712 426.940384 630.651168 383.473696 26
0 511.303072 288.29728 535.876448 214.42272 28
0 588.871104 282.54848 601.440576 214.92352 29
0 584.08688 334.424864 596.99472 291.409376 30
0 593.559392 365.424992 606.897568 319.542688 31
0 569.769216 386.39136 591.222784 310.03488 32
0 467.04576 328.98848 498.3776 256.77792 27
