0 479.05776 364.83008 505.73456 286.01152 1
0 308.871264 406.76832 352.221856 288.30752 2
0 323.776672 252.8576 367.601248 159.43552 3
0 521.256288 486.90208 566.268832 416.24032 4
0 288.243456 315.35296 310.641664 185.70688 5
0 401.73056 347.67712 438.23744 258.28 6
0 394.195936 377.49536 424.370464 285.2016 7
0 549.0528 418.648384 580.22464 376.421056 8
0 336.841664 173.77472 358.212416 105.45216 9
0 378.126432 260.78432 411.689888 191.81344 10
0 430.364768 405.05344 475.635872 323.34208 11
0 547.972128 392.246016 579.705312 354.627584 12
0 363.538976 205.960448 404.251104 160.122112 13
0 335.568992 144.23584 374.778528 74.18976 14
0 572.120192 386.27872 592.952448 332.71264 15
0 578.737312 266.624608 596.206688 215.317152 16
0 406.197184 313.99104 442.307136 230.89728 17
0 425.973536 265.77664 470.290144 188.17024 18
0 547.814208 316.1104 575.045312 259.6208 19
0 348.72656 117.930848 377.32784 65.472672 21
0 542.424224 363.598368 565.829216 314.755552 22
0 504.7192 360.36064 536.15248 275.18496 23
0 521.878112 424.92224 549.612448 325.6032 24
0 605.864096 429.222336 630.528864 375.668544 26
0 518.812448 305.872 540.969952 220.8864 28
0 593.323808 385.53136 607.051232 322.87696 31
0 571.072064 354.184768 594.559936 304.937152 32
0 541.810848 468.3536 576.298592 394.85664 30
0 464.18896 325.59936 494.52848 255.5488 27
0 504.90448 291.364096 534.03824 245.103104 20
0 576.4504 453.94816 603.876 383.82208 25
0 590.270624 356.5408 609.350496 312.04288 29
