0 478.16416 369.27232 506.32352 284.89088 1
0 311.643456 405.92896 352.159424 287.43296 2
0 324.26704 260.19968 366.12528 159.424 3
0 521.767552 487.83904 567.078528 414.01568 4
0 288.517728 309.03232 310.385312 181.68512 5
0 402.040736 350.46976 438.619744 260.08 6
0 394.605184 374.08832 424.843136 286.23168 7
0 547.323232 422.14672 579.733408 375.7784 8
0 334.309792 174.94752 358.669408 105.80384 9
0 376.038912 262.88864 414.824448 191.57792 10
0 406.28368 435.7504 454.75312 346.94656 11
0 547.411104 389.32816 580.105056 352.87984 12
0 363.333184 212.507712 404.807616 159.825088 13
0 334.504768 143.12384 375.038912 73.5072 14
0 574.223424 387.072704 593.748416 334.994496 15
0 578.751552 265.519712 595.631808 215.986848 16
0 406.324608 300.56224 440.177792 231.25216 17
0 408.477696 229.0592 425.115904 146.05632 18
0 546.901504 314.903424 574.739456 259.796096 19
0 351.509792 120.278464 377.484768 65.738816 21
0 541.606144 362.797568 564.759296 313.546752 22
0 504.13584 352.59232 536.3736 274.47968 23
0 528.306912 426.71776 547.574048 322.35104 24
0 604.5464 429.614336 630.59728 374.742784 26
0 519.128992 305.79264 541.356128 221.21536 28
0 581.099168 325.457888 595.932512 261.937952 29
0 592.41872 380.89376 606.94256 311.42624 31
0 568.255616 350.227776 590.925184 311.998144 32
0 543.494592 469.7824 576.184128 394.72192 30
0 463.977472 324.65952 493.486848 256.9328 27
0 505.829504 292.117056 534.914176 245.052864 20
0 584.552896 431.957856 604.094784 380.266144 25
