0 460.392256 356.87744 496.257984 286.27904 1
0 310.342752 406.44768 352.445088 288.23648 2
0 327.689248 237.79456 370.859232 159.95392 3
0 538.664704 486.76704 578.684416 406.47328 4
0 287.218496 310.44928 309.273024 183.88544 5
0 405.398912 361.95424 442.967168 266.75872 6
0 390.624128 385.24928 429.264512 295.20896 7
0 547.227648 434.47168 583.057152 385.7536 8
0 339.636512 164.892928 358.219488 107.410432 9
0 372.223232 266.45408 405.727488 192.13152 10
0 309.29904 173.30592 328.25232 85.51008 11
0 545.277024 395.377984 579.272096 353.007296 12
0 407.612768 228.61888 434.084512 162.79616 13
0 329.009792 137.62512 363.966848 77.62864 14
0 559.501728 324.22384 581.048672 287.86704 15
0 543.485184 362.40384 560.011776 285.5872 16
0 388.857152 288.74912 427.279808 223.8256 17
0 391.312736 201.44256 419.446944 134.5344 18
0 554.415328 300.353504 574.965792 256.830496 19
0 504.13616 287.741984 532.04944 238.674656 20
0 363.751168 165.55904 385.348352 88.53632 21
0 557.848416 386.93952 587.009184 320.16704 22
0 499.302528 339.978592 536.586112 277.946528 23
0 525.530304 431.48448 545.952576 319.30208 24
0 588.991936 436.0512 604.824384 345.99168 25
0 609.560864 431.27952 630.322656 374.8056 26
0 467.438752 330.14048 498.894688 256.76512 27
0 511.891552 279.14848 534.641568 214.13536 28
0 589.232512 281.92448 602.282368 217.52768 29
0 583.501152 335.017472 597.182368 290.170368 30
0 593.315552 382.553696 608.639008 325.002144 31
0 570.740864 376.34208 591.494016 310.20384 32
