0 479.705376 366.47264 506.555104 285.81792 1
0 308.845024 406.32928 352.136736 289.88192 2
0 324.20384 237.06976 366.93856 158.07776 3
0 532.613952 484.52544 575.866048 412.688 4
0 287.352416 305.83744 309.391264 179.56544 5
0 402.293376 349.15648 438.515584 258.0832 6
0 394.547552 380.00288 424.254368 288.07136 7
0 546.464512 421.369568 578.825728 375.246112 8
0 339.643296 171.37376 358.357344 107.07872 9
0 371.552416 264.97792 407.583584 191.53024 10
0 309.435872 271.03744 350.918688 176.61952 11
0 547.908576 388.291008 577.265184 351.825472 12
0 366.902656 219.066176 409.963904 161.966784 13
0 326.776416 140.91168 363.816864 79.06144 14
0 565.285952 406.02144 586.045888 318.1936 15
0 576.921952 270.462432 591.499168 221.861408 16
0 400.540768 288.593184 438.200992 225.829856 17
0 408.930272 226.94688 428.417568 144.50016 18
0 547.695136 317.434752 574.565344 258.877568 19
0 349.525984 123.442976 377.666336 64.212704 21
0 542.987808 362.45904 566.329312 318.06064 22
0 505.38352 353.08384 536.452 275.15296 23
0 528.121184 430.35712 547.474336 324.3808 24
0 605.345056 429.855328 630.821344 374.485152 26
0 517.763744 302.38336 540.217696 220.28544 28
0 590.18288 279.01984 602.64144 205.43968 29
0 592.520448 362.865632 607.086592 305.052448 31
0 571.604928 362.87152 590.542912 309.91824 32
0 590.019648 449.68128 605.578432 359.13792 25
0 538.561856 433.209824 575.091904 393.095456 30
0 464.407936 322.96928 494.550144 256.93216 27
0 505.443392 290.004384 533.935808 245.392736 20
