0 460.209536 356.6272 494.678144 284.54016 1
0 310.354016 405.12224 353.002144 287.95296 2
0 322.937952 257.07072 365.183648 160.03136 3
0 537.766272 488.93568 582.840448 404.22656 4
0 288.379296 309.62176 310.701664 183.66464 5
0 400.4376 352.05792 439.85168 261.85056 6
0 393.748608 383.6688 429.066112 296.49632 7
0 546.515328 418.032672 580.107392 379.880928 8
0 339.07504 173.27616 357.91824 106.53952 9
0 371.131456 266.76928 407.086784 192.40256 10
0 313.331136 177.02272 332.355904 95.3088 11
0 546.99472 391.110496 576.99376 352.184224 12
0 394.10624 220.532288 425.53152 170.300352 13
0 327.183136 135.578656 358.461664 79.799264 14
0 559.435808 357.795456 577.319392 300.084864 15
0 540.251872 321.492416 559.097888 271.623744 16
0 391.963168 288.99616 427.413472 223.34944 17
0 385.950304 192.177856 417.014176 136.373824 18
0 555.14112 302.525472 574.53696 257.413088 19
0 502.613632 286.419392 530.942848 239.937088 20
0 353.2616 131.582336 378.71152 69.450624 21
0 542.062688 361.795936 565.888672 319.194784 22
0 498.354144 339.23424 534.718496 275.27456 23
0 524.321952 432.208 545.089888 322.61568 24
0 600.87504 430.684608 630.87664 374.580032 26
0 516.536608 291.18304 539.193312 221.28672 28
0 588.027552 281.59424 601.573728 214.8192 29
0 585.94432 360.594976 597.37856 297.838304 30
0 592.22688 387.50656 606.53152 314.78336 31
0 574.766208 381.10272 590.890112 316.10048 32
0 569.413056 474.930816 587.256384 411.453824 25
0 467.04576 328.98848 498.3776 256.77792 27
