0 480.165056 364.85664 505.149504 285.60096 1
0 304.936224 406.76864 351.049696 289.67168 2
0 323.695264 248.55936 369.223776 159.51744 3
0 518.879264 486.94464 566.377696 416.81344 4
0 287.469504 314.91456 310.031936 184.99328 5
0 403.54016 348.6032 438.30048 258.4176 6
0 393.672448 380.17568 424.027392 286.01696 7
0 549.154624 420.238784 580.234176 376.543296 8
0 338.377056 173.15968 358.394784 105.79328 9
0 378.349632 259.0128 412.188608 191.47552 10
0 441.616288 401.7888 478.143072 323.64736 11
0 547.675808 393.365504 579.567712 354.665216 12
0 363.475168 204.45744 404.229152 160.24144 13
0 335.22672 132.033312 373.94704 73.780448 14
0 572.428416 387.212448 593.326464 333.230432 15
0 578.961984 266.118784 596.200896 215.675776 16
0 406.433152 311.5264 444.724608 231.60192 17
0 438.996864 283.10016 475.364736 203.61216 18
0 549.168896 315.605408 575.052544 259.360352 19
0 345.678528 102.180128 372.492352 64.370912 21
0 543.026912 363.602912 566.022688 314.914848 22
0 504.241472 355.8 535.942848 275.03392 23
0 520.36912 426.82304 549.43824 323.6384 24
0 610.94672 426.349536 630.98224 373.949984 26
0 518.703296 306.98304 540.967744 221.06816 28
0 568.977184 349.215584 593.438176 302.980256 32
0 542.096832 467.95296 576.222528 395.08192 30
0 465.75744 324.5616 494.24128 254.47712 27
0 504.228608 289.787616 533.783552 243.863584 20
0 576.441088 443.134176 603.927552 381.979424 25
0 593.750976 345.086016 607.808064 311.818944 29
0 593.740352 435.81536 611.479488 333.95616 31
