0 478.107776 367.8784 505.935744 285.63072 1
0 312.67696 406.58528 352.0808 288.60064 2
0 324.209728 259.81184 366.337472 159.39072 3
0 521.417952 487.3344 566.716448 414.8544 4
0 288.70768 309.2752 310.23504 181.6752 5
0 402.35232 349.84 438.52576 259.45664 6
0 394.588416 373.03296 424.520704 285.83936 7
0 549.4592 419.982208 579.61472 375.783552 8
0 333.882112 174.87904 358.466048 105.82368 9
0 377.155136 262.71232 415.904704 192.38272 10
0 406.55104 435.91232 454.496 346.89472 11
0 547.681408 390.509216 580.065152 353.448544 12
0 363.535776 211.871808 404.176224 159.841472 13
0 334.632352 141.75968 374.371168 74.11488 14
0 573.754272 389.669152 593.315168 334.914528 15
0 578.6744 266.507488 595.98416 215.559712 16
0 406.176608 313.21376 441.426592 231.61696 17
0 410.578016 235.88896 428.527264 151.92672 18
0 547.042304 314.979424 574.521856 259.411616 19
0 351.944736 120.512032 377.825504 65.096928 21
0 542.565408 362.123104 565.740512 314.712736 22
0 504.35568 355.84384 535.7544 274.6432 23
0 527.6184 427.63264 548.94352 324.35072 24
0 604.537728 429.917184 630.526592 374.479616 26
0 518.944384 306.64384 541.049216 221.16544 28
0 581.487168 335.984288 596.524992 273.037152 29
0 593.4816 383.1872 607.01376 311.68768 31
0 568.89824 350.180544 592.90016 311.706176 32
0 541.998688 468.23936 575.925152 394.44224 30
0 463.828224 324.44608 493.825536 256.54976 27
0 505.30512 290.431776 534.3224 245.259744 20
0 584.831008 432.445088 603.933152 380.160352 25
