0 478.986176 368.4096 506.106944 286.05184 1
0 309.412416 406.27776 352.201664 287.45664 2
0 324.134592 257.24384 365.072448 159.23232 3
0 527.623744 483.84608 571.187136 417.13568 4
0 288.481248 312.00192 310.197792 181.83488 5
0 402.43088 350.81344 438.66864 259.62496 6
0 396.007648 365.6 424.942112 286.30272 7
0 542.636192 418.937024 577.782368 375.537216 8
0 337.367744 174.06368 358.350656 106.41376 9
0 372.274464 266.7168 410.252256 192.70336 10
0 372.039616 416.928 426.370624 303.01824 11
0 549.453728 390.764832 579.627872 352.486368 12
0 363.549664 207.591424 405.406496 159.741696 13
0 326.955072 140.391488 368.433088 79.285952 14
0 573.254048 385.391392 593.499232 333.556448 15
0 579.451936 262.035904 595.579104 215.450176 16
0 406.12688 308.78368 443.50128 230.42144 17
0 409.225152 227.84128 427.212608 145.8304 18
0 545.905344 315.144832 574.358336 258.869888 19
0 350.089888 124.831456 378.309472 65.102624 21
0 542.12048 362.664224 565.16016 312.352736 22
0 504.724928 354.41984 536.686912 274.92672 23
0 529.10208 434.34912 548.13824 320.72288 24
0 605.17472 427.642656 630.67168 375.225824 26
0 518.40528 303.57408 540.8472 220.90976 28
0 581.688672 299.684416 598.959008 244.520384 29
0 590.495136 375.27904 606.943584 311.02752 31
0 567.053664 349.324128 590.386336 310.880672 32
0 585.377728 461.42272 604.123712 375.56928 25
0 538.901664 443.99456 576.204896 394.1776 30
0 463.924032 323.37632 494.292928 256.776 27
0 504.961472 289.897824 534.068288 245.547936 20
