0 478.147232 367.976 506.318688 285.42048 1
0 312.33648 406.42784 352.02832 288.13984 2
0 324.189056 260.99968 366.103424 159.49184 3
0 521.22256 486.90784 566.95792 414.376 4
0 288.590464 307.91904 310.280576 181.7168 5
0 401.813088 349.3936 438.552992 259.78656 6
0 394.570944 373.31488 424.670016 286.12448 7
0 547.61504 421.796064 579.672 375.477536 8
0 334.066208 175.2368 358.627552 105.90496 9
0 376.719168 262.78976 415.006912 191.79328 10
0 406.496576 435.82976 454.875584 346.9568 11
0 547.998528 388.944384 580.068032 353.062656 12
0 363.271712 214.269984 404.565728 159.938016 13
0 334.63808 142.09568 374.88384 73.5024 14
0 574.341248 386.539808 593.588352 335.165152 15
0 578.886624 265.765728 595.791136 215.724192 16
0 405.838304 304.76576 441.332256 231.37248 17
0 408.199584 229.07712 424.920416 146.30464 18
0 546.99264 314.809216 574.6624 259.835264 19
0 351.597984 121.370432 377.854816 65.123008 21
0 541.906048 362.77136 565.099392 313.79056 22
0 504.366624 351.4768 536.455136 274.37024 23
0 527.883616 426.25024 547.878304 321.01888 24
0 604.563648 429.144832 630.412352 374.608128 26
0 518.999296 305.52256 541.343744 221.10016 28
0 580.771712 326.01552 595.794048 262.99056 29
0 592.92272 380.63424 606.93136 311.80224 31
0 568.165536 350.565056 591.671904 312.585024 32
0 543.68128 470.176 576.19712 394.59072 30
0 463.943744 324.30592 494.160576 256.92416 27
0 505.854208 293.378272 534.973952 245.276448 20
0 584.43744 431.744864 604.1296 380.371616 25
