0 464.245376 356.45728 501.814144 288.86752 1
0 309.124128 407.42912 352.440032 290.05696 2
0 323.58 251.12608 366.38608 161.01856 3
0 537.943072 485.35936 576.510688 412.75904 4
0 287.3248 306.58592 308.56768 179.59904 5
0 403.455744 355.64608 439.881216 261.44064 6
0 394.667616 380.99776 424.652704 288.83136 7
0 546.373184 417.746752 579.006656 375.246528 8
0 339.01088 174.6128 357.976 106.56096 9
0 371.547936 265.56032 406.731744 191.82464 10
0 312.074208 180.34624 334.021152 105.97952 11
0 548.775072 386.001664 576.814688 350.469376 12
0 388.6408 222.757056 421.2984 169.673024 13
0 327.430784 135.739872 360.050816 78.870048 14
0 561.771392 394.3088 583.203968 309.57344 15
0 543.6864 280.6904 567.17056 235.028 16
0 393.277024 286.209664 433.345696 224.998016 17
0 390.410144 174.562048 416.183136 134.226432 18
0 547.154304 316.557248 574.526336 257.777472 19
0 503.14 290.191392 533.33232 243.028448 20
0 352.494624 138.08864 376.028896 66.57184 21
0 542.697024 357.160256 566.570176 317.672384 22
0 499.326432 349.91424 531.743008 274.06912 23
0 528.596704 434.72512 546.668576 319.87328 24
0 606.208032 429.073024 630.728928 373.424256 26
0 517.520096 307.7648 540.685344 222.01696 28
0 588.735936 282.6736 601.468224 215.31808 29
0 588.781632 360.095168 607.072448 308.537152 31
0 572.354176 370.931488 590.555264 308.643552 32
0 590.105728 437.01984 606.703232 351.25792 25
0 538.635584 434.748224 575.919296 392.949696 30
0 466.65408 302.133728 495.0304 257.163552 27
