0 460.536544 355.85792 494.979616 284.63872 1
0 312.440768 405.91744 352.199232 288.352 2
0 323.18304 243.46208 365.86912 159.7328 3
0 538.821184 483.81184 579.016896 406.46144 4
0 288.454688 313.50944 310.695392 184.6448 5
0 403.014688 351.15488 439.417312 261.09728 6
0 394.415776 385.82464 428.643424 295.95456 7
0 545.047424 432.277632 582.087296 382.514048 8
0 339.286656 173.33312 358.082944 107.37216 9
0 371.5344 264.71392 407.99456 192.07328 10
0 309.55088 176.40128 328.5304 84.9248 11
0 546.03776 390.732192 579.26912 350.437728 12
0 407.625344 225.528352 433.508736 162.323168 13
0 327.714496 133.309248 360.128064 77.796032 14
0 559.56256 324.666272 576.71136 289.244768 15
0 543.500608 348.440096 560.668352 284.626144 16
0 390.878656 289.28544 428.574784 224.53088 17
0 389.013344 200.51008 418.236576 136.47296 18
0 554.73488 296.679232 574.63344 257.353408 19
0 503.881504 288.047616 532.055776 240.281344 20
0 355.929472 147.5712 379.604608 76.10496 21
0 552.650848 359.290112 577.660832 323.808768 22
0 498.999296 340.116704 536.705024 277.333536 23
0 525.655008 432.86944 545.751072 318.36512 24
0 588.5848 447.21856 605.77296 365.59424 25
0 606.016544 427.124352 631.844576 384.428928 26
0 511.183872 287.50528 536.190208 214.35712 28
0 589.175424 282.32192 601.403776 214.7712 29
0 583.838592 336.328384 596.903808 291.678016 30
0 593.34432 374.285696 606.74784 319.301504 31
0 570.805408 381.39392 590.804832 310.0608 32
0 467.04576 328.98848 498.3776 256.77792 27
