0 461.727136 357.63904 497.684064 286.37248 1
0 310.078336 406.99488 352.325504 288.84896 2
0 323.716608 261.13088 365.516032 161.6416 3
0 537.198016 487.2432 575.503424 412.4944 4
0 289.44384 307.19008 310.9696 182.95008 5
0 401.07424 354.18464 440.16096 262.44128 6
0 395.147392 387.7584 426.953088 293.2976 7
0 546.30896 421.94896 578.7688 375.37328 8
0 339.136928 174.78208 358.283872 106.8704 9
0 371.166272 265.96416 406.249408 192.1376 10
0 311.94032 183.02848 333.71856 105.75104 11
0 548.876032 387.041216 577.223168 350.535744 12
0 390.686112 220.549024 424.713568 170.519136 13
0 327.450304 133.4984 360.278336 78.93168 14
0 558.947264 365.22448 579.608896 302.31984 15
0 540.911616 310.74944 557.465344 241.75104 16
0 392.66624 285.390816 428.04928 223.135264 17
0 392.40912 172.378432 416.50608 133.811648 18
0 547.01024 314.278624 574.49376 257.985056 19
0 502.763648 287.824064 531.912832 240.763456 20
0 353.444384 127.64704 378.748896 69.27584 21
0 541.248224 357.365312 566.134816 316.984768 22
0 499.144608 349.94944 533.439072 275.55456 23
0 527.31472 430.61376 546.56688 323.872 24
0 601.628992 432.166528 630.635968 374.474112 26
0 516.988448 301.6464 539.651552 220.8304 28
0 588.842656 282.5152 601.461344 215.34336 29
0 587.90784 360.01504 606.77504 308.99616 31
0 574.070272 380.3456 590.446848 310.83136 32
0 588.201952 413.47168 603.845408 327.9824 25
0 539.51952 431.434336 573.98704 393.206944 30
0 466.55904 295.893888 495.13056 255.887232 27
