0 478.889344 368.12608 506.708096 286.11008 1
0 311.09952 406.12608 352.54464 288.832 2
0 323.41936 226.88544 364.70608 158.56992 3
0 532.732928 485.95232 575.645952 412.64736 4
0 287.337632 308.04704 309.404768 180.78368 5
0 402.209856 350.98112 438.148544 258.68672 6
0 395.589216 379.80832 425.017504 287.62336 7
0 545.899232 416.931328 578.186528 375.286272 8
0 339.447168 171.15584 358.500992 106.51584 9
0 371.980832 263.58208 406.945248 191.05216 10
0 325.236448 289.94816 374.214432 200.53888 11
0 549.405792 386.984992 577.604768 351.614688 12
0 365.373248 216.035456 409.088192 160.966784 13
0 326.79232 141.627872 363.50272 79.027488 14
0 565.23296 397.23392 586.79264 318.95296 15
0 579.479008 265.69376 594.615072 215.1728 16
0 403.473696 300.03392 441.588704 225.70688 17
0 409.597728 227.11136 428.181472 144.42144 18
0 547.568224 317.058656 574.145696 259.478944 19
0 349.878656 125.14816 377.436544 64.75648 21
0 542.45376 363.706592 565.98784 317.424928 22
0 504.699488 352.21088 536.700832 274.15968 23
0 528.391328 435.35904 547.342432 322.23072 24
0 605.468064 429.658592 630.853216 374.599968 26
0 517.977888 302.2432 540.674272 219.72672 28
0 592.28208 293.92928 604.46416 216.98272 29
0 592.524608 363.406176 607.115712 308.353184 31
0 572.540096 365.806816 591.393344 311.462944 32
0 590.492032 445.06336 605.574528 359.4576 25
0 538.596832 433.984576 575.225888 393.046464 30
0 464.447456 322.14432 493.215264 256.0496 27
0 505.80064 290.292864 534.6448 244.955776 20
