0 460.367328 356.51648 496.792352 284.59584 1
0 310.262048 405.91328 352.135392 288.46112 2
0 326.423584 240.24768 368.053216 159.14176 3
0 538.101632 484.79936 578.747008 406.28288 4
0 288.185312 313.44896 310.264608 183.98848 5
0 405.124416 360.29024 440.231104 263.0672 6
0 392.977504 384.9984 429.628576 296.03072 7
0 547.044512 431.82064 582.472288 382.89808 8
0 339.346368 167.636576 358.156352 106.965664 9
0 372.063872 266.9888 406.388608 192.70656 10
0 309.512384 170.86944 329.705536 85.21376 11
0 545.853344 392.335008 579.192416 349.368672 12
0 408.888096 226.5168 433.980384 162.34208 13
0 328.227392 136.83136 362.795968 76.3872 14
0 558.953216 327.314176 579.046144 288.427264 15
0 543.746432 358.78432 559.952768 284.58592 16
0 391.233344 288.175424 428.702656 225.518016 17
0 389.900224 201.70432 420.053056 134.87296 18
0 554.912384 298.755584 574.438016 256.925696 19
0 503.867392 288.404672 531.785728 239.307328 20
0 361.715552 166.43328 385.489568 86.43712 21
0 557.96896 389.23712 587.8128 321.68 22
0 499.157664 337.806176 537.074016 278.323104 23
0 525.207808 433.09792 546.424832 320.25248 24
0 590.112384 445.41344 605.269376 354.42272 25
0 607.564096 430.54 630.119104 379.06384 26
0 511.62096 280.58816 534.51408 214.0512 28
0 589.517568 282.11872 601.390592 215.8448 29
0 583.849504 333.869216 597.115616 290.647904 30
0 593.164064 374.651552 608.115936 324.335968 31
0 569.814944 356.912256 591.065696 309.919104 32
0 467.04576 328.98848 498.3776 256.77792 27
