0 477.277408 368.53728 506.108192 286.60384 1
0 310.637824 406.29472 352.359936 288.35232 2
0 324.00032 241.66944 365.33856 159.09216 3
0 532.43824 485.38368 575.77552 414.76864 4
0 288.503904 313.42464 309.953696 181.9264 5
0 401.161792 352.03936 438.699968 258.7856 6
0 395.925088 377.52736 424.562592 288.1008 7
0 542.731904 416.920448 577.648256 375.518592 8
0 338.695776 173.84288 358.524064 106.6704 9
0 371.849248 260.41472 408.978912 191.36 10
0 348.123072 352.61248 386.691648 233.07328 11
0 551.141536 390.275072 579.101024 353.425408 12
0 363.580544 213.196576 406.016896 159.562464 13
0 326.636832 140.983936 364.615648 79.133824 14
0 572.31984 387.404064 592.12944 334.038496 15
0 579.083264 265.261888 595.358976 214.768832 16
0 405.591904 309.1696 442.694816 228.456 17
0 409.51056 228.30848 427.97936 145.00224 18
0 547.402304 316.861696 574.227136 259.087104 19
0 350.115584 124.899744 377.701376 64.282976 21
0 542.463072 365.66064 565.476768 317.98992 22
0 504.524192 353.70944 536.876128 274.27648 23
0 528.739744 432.79648 547.979616 320.60384 24
0 606.061952 430.972608 630.900608 374.684992 26
0 518.398656 303.94336 541.123904 219.69312 28
0 585.088032 300.331808 608.958688 242.735072 29
0 590.80544 365.251328 606.95456 309.830912 31
0 567.185856 348.691648 591.137344 309.494592 32
0 590.506528 444.00992 606.042592 360.14368 25
0 538.661312 435.150816 575.635008 394.316064 30
0 464.313856 323.11744 494.825984 255.87136 27
0 506.268128 289.034336 534.583072 245.130144 20
