0 479.822272 366.37824 503.780928 285.94688 1
0 298.760704 387.51296 349.656576 288.46144 2
0 323.578368 247.4544 369.368832 159.816 3
0 520.649664 487.09888 566.705216 416.5504 4
0 287.39824 315.87232 309.92016 184.72416 5
0 401.643552 350.76992 438.064608 259.49824 6
0 395.077184 376.62112 424.473536 284.28512 7
0 549.341632 419.604448 579.925568 377.113632 8
0 338.770848 173.38752 358.384992 106.26304 9
0 377.877472 258.0064 412.750368 191.51808 10
0 441.652032 397.81184 480.000448 323.9264 11
0 547.380224 393.993984 579.824896 354.529536 12
0 363.595232 208.02992 403.836448 160.276 13
0 334.958336 135.653536 374.271744 74.505824 14
0 572.870048 387.55856 594.038112 334.63408 15
0 578.604928 265.81472 596.188032 215.91584 16
0 406.174784 309.8192 444.874176 234.584 17
0 456.134336 279.717952 491.088704 219.401408 18
0 549.641536 315.596704 574.802624 259.165536 19
0 344.155392 101.498528 372.525568 63.328352 21
0 542.911776 363.480224 566.616544 314.055776 22
0 503.15664 354.27328 536.2712 275.01312 23
0 520.198112 428.3792 549.346848 323.9664 24
0 612.74192 432.159904 631.09808 374.165856 26
0 518.900128 304.99712 541.592672 220.40704 28
0 569.783712 350.807328 593.223008 302.846432 32
0 541.433952 467.5824 576.159648 394.82144 30
0 466.844192 323.29632 494.855648 249.85056 27
0 504.65136 290.11568 534.1352 244.17936 20
0 576.923936 436.102144 604.181984 380.201216 25
0 593.330784 348.364736 607.026336 311.960384 29
0 594.37168 441.62496 614.9224 340.47552 31
