0 460.352384 356.42784 495.897216 285.10688 1
0 310.090976 404.99136 352.719904 287.9264 2
0 322.786208 254.9456 364.991072 160.35808 3
0 536.31904 483.90368 576.66912 404.86816 4
0 288.52816 307.81152 311.03408 183.40768 5
0 400.54528 351.69984 439.82592 262.51328 6
0 394.806144 384.248 428.580736 296.01568 7
0 543.98656 414.517536 576.93248 376.493024 8
0 338.995296 173.07648 357.918624 106.22848 9
0 371.27024 266.86112 407.396 192.14816 10
0 312.59088 179.38848 333.27408 100.73056 11
0 547.62576 388.004096 576.73264 350.866944 12
0 393.095168 220.083552 424.929792 169.941408 13
0 326.88688 135.13408 358.65936 79.7536 14
0 558.965728 355.628032 576.967712 299.794688 15
0 540.47408 316.92208 557.27824 259.23664 16
0 391.510624 286.797728 427.401376 223.245152 17
0 385.461856 191.8672 416.499104 136.4528 18
0 555.806272 307.276448 574.482368 257.074272 19
0 502.613632 287.3432 531.747968 240.06032 20
0 353.433952 132.542752 378.901408 69.793248 21
0 541.114208 360.093888 564.734112 317.031232 22
0 498.552416 348.80864 534.061984 274.97376 23
0 525.812192 431.82656 545.720608 323.28 24
0 600.98784 429.856896 630.98528 374.401664 26
0 516.639488 291.64 539.290112 221.352 28
0 587.795936 282.56224 601.391904 214.82528 29
0 592.980192 358.413728 606.739488 311.705952 31
0 574.294624 379.607744 591.032736 316.369216 32
0 465.557888 312.415712 497.579392 256.066848 27
0 588.435648 398.08928 602.050112 318.42016 30
0 544.425376 437.654432 578.796384 396.467808 25
