0 478.15152 367.92096 505.97776 285.62528 1
0 312.738336 406.57728 352.084704 288.54976 2
0 324.209856 259.79968 366.291264 159.39264 3
0 521.396128 487.29024 566.747232 414.76416 4
0 288.705568 309.09376 310.239712 181.68 5
0 402.345536 349.78496 438.561984 259.47712 6
0 394.566496 373.1072 424.421024 285.90464 7
0 549.3848 420.1576 579.63024 375.79376 8
0 333.884256 174.89216 358.483104 105.84 9
0 377.0808 262.744 416.18256 192.42528 10
0 406.619136 435.90272 454.468864 346.93376 11
0 547.674016 390.449408 580.084064 353.449472 12
0 363.534368 211.930528 404.192992 159.849312 13
0 334.633344 141.6928 374.371456 74.10368 14
0 573.7968 389.600832 593.30208 334.922688 15
0 578.687648 266.48144 595.986272 215.56144 16
0 406.189376 312.61888 441.444544 231.76128 17
0 410.458752 235.42944 428.386688 151.95872 18
0 547.005952 315.01936 574.539008 259.47664 19
0 351.934688 120.444832 377.847072 65.100128 21
0 542.558464 362.12624 565.741056 314.70192 22
0 504.407808 354.51328 535.775232 274.62592 23
0 527.562912 427.69696 548.863328 324.09696 24
0 604.541888 429.881888 630.530112 374.502112 26
0 518.947232 306.68256 541.069408 221.16384 28
0 581.547168 335.999296 596.502112 272.666304 29
0 593.4984 383.088 607.01232 311.6704 31
0 568.897472 350.3976 592.881728 311.74 32
0 542.35824 468.20768 575.93168 394.45728 30
0 463.837568 324.47328 493.860992 256.56992 27
0 505.3384 290.404128 534.31472 245.264352 20
0 584.83568 432.35056 603.93488 380.16016 25
