0 478.927296 368.07712 506.557504 286.0912 1
0 310.909568 406.10688 352.589952 288.69632 2
0 323.449408 226.57312 364.609472 158.648 3
0 532.94176 485.48192 575.6176 412.77728 4
0 287.432928 308.84992 309.534752 180.96512 5
0 402.392736 351.07104 438.179424 258.68896 6
0 395.61232 379.78688 424.99824 287.55904 7
0 546.001024 417.10576 578.114176 375.42672 8
0 339.440704 171.15136 358.513856 106.55104 9
0 371.91088 263.30272 407.01264 191.02816 10
0 325.7632 293.50272 374.99968 201.45408 11
0 549.558016 387.033024 577.616384 351.433536 12
0 365.20272 214.970368 409.01296 160.673792 13
0 326.80352 141.581568 363.50944 79.020032 14
0 565.105312 393.02912 586.840928 318.91072 15
0 579.681024 265.854688 594.747136 215.272992 16
0 403.1608 298.92 441.64944 225.78784 17
0 409.699104 227.07712 428.179936 144.55552 18
0 547.737504 317.114208 574.137696 259.500192 19
0 349.886592 124.936864 377.442688 64.720736 21
0 542.303488 363.461056 566.061312 317.436224 22
0 504.645216 351.83456 536.582304 274.15584 23
0 528.30768 436.11456 547.29808 322.95872 24
0 605.451616 429.589536 630.850464 374.638304 26
0 517.986112 302.18624 540.722368 219.66848 28
0 592.030432 294.36064 604.683808 218.47136 29
0 592.522016 363.3104 607.115744 308.87008 31
0 572.520384 365.765856 591.404096 311.466784 32
0 590.585504 445.1248 605.584736 359.56384 25
0 539.133152 433.699744 575.266848 393.112416 30
0 464.486016 322.05088 493.209984 256.06368 27
0 505.754912 290.195072 534.643168 244.919168 20
