0 479.115296 364.17856 505.687264 286.10624 1
0 308.345856 406.81216 352.135424 288.57088 2
0 323.767328 253.00416 367.565792 159.4464 3
0 520.741408 486.51744 566.284512 416.44704 4
0 288.017312 315.55424 310.354528 185.25472 5
0 401.743456 347.52064 438.177184 258.416 6
0 394.240032 378.0544 424.254688 285.3696 7
0 548.626144 419.070208 580.134176 376.603392 8
0 337.020608 173.75392 358.144832 105.54208 9
0 378.238176 259.90368 412.120864 191.77632 10
0 433.218656 405.3792 475.845024 321.77216 11
0 548.056608 392.098752 579.693792 354.667328 12
0 363.426112 205.884768 404.220608 159.977632 13
0 335.56336 146.5328 374.64848 74.17376 14
0 571.847168 385.66704 592.580352 332.42064 15
0 578.793088 266.788992 596.227712 215.331968 16
0 405.82672 315.68768 441.78928 230.41024 17
0 426.909984 273.17056 472.316896 191.48224 18
0 547.89152 316.052544 575.0832 259.463616 19
0 348.953344 117.116832 377.092096 65.440608 21
0 542.789376 363.13808 565.869824 315.06224 22
0 504.698976 358.01088 536.093344 275.36384 23
0 521.901376 423.8448 549.580224 325.36352 24
0 605.729088 429.283968 630.535872 375.716992 26
0 518.810784 306.54944 540.933216 221.0064 28
0 592.765024 385.249056 607.277216 324.208864 31
0 571.239648 353.219104 594.494752 304.557536 32
0 541.846208 468.29152 576.288832 394.78048 30
0 464.002016 324.90848 494.665504 255.00448 27
0 504.022624 290.993024 533.926816 244.804736 20
0 576.542272 453.99936 603.982528 383.65696 25
0 591.164992 354.89024 609.307328 312.4096 29
