0 480.786176 352.756416 509.691904 294.402624 1
0 295.20048 391.79584 348.17872 287.02656 2
0 324.420288 249.92448 370.915392 160.8096 3
0 512.896736 487.77824 558.025504 417.02176 4
0 287.526112 311.72544 309.981728 184.45504 5
0 400.150112 348.0512 438.224288 259.10528 6
0 380.180064 386.0992 425.560736 289.26336 7
0 547.000992 415.40144 576.293728 376.50896 8
0 338.950656 172.48896 357.487104 107.96416 9
0 377.860032 258.2432 413.834048 191.44128 10
0 460.133056 409.84032 505.356864 338.23136 11
0 547.899232 389.965856 579.197088 353.294304 12
0 363.809024 205.872544 404.169216 160.178016 13
0 338.497536 146.14784 377.141504 78.35264 14
0 573.659872 387.731136 593.669408 335.750464 15
0 578.527232 266.124672 596.186368 216.448128 16
0 406.197792 320.47616 446.909408 234.10944 17
0 464.491936 282.91648 496.761184 218.88192 18
0 548.11216 316.214656 574.83824 258.720384 19
0 346.216096 103.500576 375.982944 59.881184 21
0 542.117248 367.628992 561.240192 317.456448 22
0 501.759264 343.8672 533.266656 271.03072 23
0 613.759072 434.987328 631.346848 373.787072 26
0 518.61776 302.23072 541.3464 219.39104 28
0 570.510944 352.91344 593.979296 301.40464 32
0 534.053632 476.90208 573.384448 392.904 30
0 467.237984 322.36544 494.578336 257.63584 27
0 507.237888 315.8528 535.370752 243.4624 20
0 572.60128 438.295872 603.14144 386.411968 25
0 590.246944 360.784896 607.266016 311.194624 29
0 595.881952 447.83616 616.522528 351.19872 31
0 518.242816 417.6736 561.574144 316.86592 24
