0 478.873664 367.45024 506.670016 285.92448 1
0 309.292 406.488 352.26064 289.992 2
0 324.98704 239.56288 368.11888 158.1472 3
0 532.450528 484.41728 575.799072 412.2176 4
0 287.31712 306.21696 309.14752 180.3072 5
0 403.047456 348.59104 438.345184 258.33632 6
0 395.013472 379.52576 424.701088 287.67552 7
0 546.04112 417.9808 578.8344 374.84096 8
0 339.683648 171.14272 358.379712 107.01792 9
0 371.56656 265.1824 406.70032 191.33984 10
0 314.443904 272.71776 360.688256 183.07872 11
0 549.022752 386.709088 577.195488 353.932192 12
0 366.403808 217.007808 409.143072 161.182272 13
0 326.644544 141.774272 363.699136 79.094848 14
0 565.016864 404.93824 586.473696 319.05024 15
0 579.646016 265.180896 593.124544 216.134944 16
0 400.687328 288.693056 438.259232 225.584064 17
0 409.298944 227.14784 428.537856 144.85472 18
0 547.872032 317.704992 574.621408 259.075808 19
0 349.139424 123.889568 377.802016 64.321632 21
0 542.660608 363.993696 565.804032 318.122144 22
0 505.078432 353.9728 536.661088 274.4752 23
0 528.307616 435.41856 547.597664 320.70432 24
0 605.318144 429.88352 630.809856 374.77056 26
0 517.698464 303.19424 540.226656 220.16448 28
0 590.790784 282.63232 602.783616 210.59776 29
0 592.700992 363.24256 607.057088 306.53408 31
0 572.029888 366.500864 591.067712 310.584576 32
0 590.4904 448.34176 605.53776 359.52384 25
0 538.398048 435.801184 575.542432 393.140896 30
0 464.495776 322.76864 496.209504 256.50304 27
0 506.00656 291.958336 534.67312 245.436864 20
