0 479.558112 366.49376 506.495008 285.752 1
0 309.15264 406.31584 352.23488 290.04768 2
0 324.275008 240.13984 369.097152 158.47904 3
0 532.55408 484.056 575.87088 412.29216 4
0 287.448032 305.91392 309.482528 179.57344 5
0 402.84848 349.008 438.36496 257.98208 6
0 394.707488 379.86176 424.364512 288.3328 7
0 547.828928 420.473408 578.866752 374.834112 8
0 339.617664 171.33728 358.431616 107.04864 9
0 371.630624 265.07808 407.075296 191.51072 10
0 310.274304 271.88224 354.643456 177.46432 11
0 548.38 388.506464 577.29808 353.601696 12
0 366.846112 220.195328 409.495648 161.542912 13
0 326.757312 141.227328 363.705408 79.174592 14
0 565.03424 406.6368 586.00576 318.71488 15
0 579.100416 269.147392 592.852224 221.363968 16
0 400.506112 287.113504 438.181888 225.818336 17
0 409.121472 227.26784 428.392768 144.91648 18
0 547.610624 317.822496 574.592256 258.837984 19
0 349.422624 124.080992 377.900256 64.319648 21
0 542.780576 360.856096 566.137184 317.874144 22
0 505.100064 352.73344 536.547296 274.93632 23
0 528.129312 432.90464 547.784928 322.66016 24
0 605.346048 430.07632 630.842112 374.57008 26
0 517.700224 302.62848 540.294016 220.28864 28
0 590.476128 278.88992 602.527392 204.8464 29
0 592.654912 363.522208 607.028928 304.927072 31
0 571.79552 364.584288 590.61088 309.843872 32
0 590.173952 446.90624 605.543168 359.28384 25
0 538.976928 433.577408 575.200352 392.862272 30
0 464.47776 322.55488 495.24448 256.95744 27
0 505.700416 290.28976 534.277824 245.668 20
