0 479.148256 364.63712 505.525024 286.19552 1
0 307.450368 406.52096 351.991552 289.19488 2
0 323.767968 251.98816 367.780192 159.4192 3
0 519.762432 486.59296 566.248448 415.91968 4
0 287.507456 314.89408 310.098944 184.98304 5
0 401.987936 347.67168 438.151584 258.08064 6
0 394.376384 379.33056 424.184896 285.5168 7
0 548.780224 419.680352 580.274496 376.727968 8
0 337.015776 173.2784 358.492704 105.45568 9
0 378.022528 259.58656 412.968832 191.83616 10
0 435.705408 404.2656 475.110592 320.76352 11
0 547.91744 392.199168 579.65504 354.514432 12
0 363.653536 205.787744 404.181344 159.913376 13
0 335.359712 133.842656 374.445088 74.102304 14
0 571.557472 386.578048 592.172448 332.182912 15
0 578.94368 266.396256 596.2192 215.417504 16
0 405.69024 313.55008 441.65312 229.76 17
0 429.835328 275.48768 473.803712 195.55104 18
0 549.008576 315.832416 575.086144 259.504544 19
0 349.065248 111.444224 376.358112 64.894976 21
0 542.669536 363.314624 565.838624 315.416896 22
0 504.572512 357.86272 536.143008 275.2624 23
0 521.332096 423.9136 549.469824 324.85056 24
0 605.986912 429.170304 630.537888 375.747456 26
0 518.86848 306.47488 541.03168 221.06304 28
0 592.192832 388.5936 607.529408 323.61504 31
0 571.4792 351.360256 594.1976 304.222464 32
0 541.86624 467.84384 576.40064 394.90048 30
0 464.335968 323.18208 494.674592 254.86336 27
0 503.86784 290.275008 533.992 244.187712 20
0 577.28384 452.01376 603.92704 382.97376 25
0 593.355296 353.899584 608.412384 311.929536 29
