0 460.692064 355.7776 495.229856 284.57184 1
0 312.259424 405.9456 352.132256 288.23936 2
0 323.235584 243.90464 365.812736 160.07104 3
0 537.875072 485.95456 579.269248 406.43584 4
0 288.475712 313.82592 310.529728 184.78144 5
0 402.364064 350.77184 439.384416 261.28832 6
0 394.652576 385.14496 428.677984 296.26816 7
0 545.46 433.000928 582.29168 382.453792 8
0 339.177152 173.30912 358.052928 107.21824 9
0 371.656928 264.392 408.193312 192.07776 10
0 309.362432 177.18688 328.165888 85.36928 11
0 545.829408 391.219168 579.293152 350.164512 12
0 407.654048 225.176448 433.482592 162.524032 13
0 327.53648 133.663808 359.75696 77.723072 14
0 559.744704 324.472928 576.911936 289.243552 15
0 543.604416 345.157184 560.888384 284.583616 16
0 390.894816 289.3984 428.536864 224.62656 17
0 389.220256 200.20976 417.931104 136.64912 18
0 554.7624 296.503264 574.69936 257.296416 19
0 503.711232 287.652128 531.909888 240.345312 20
0 355.590912 147.1136 379.504128 76.42048 21
0 547.133824 363.103648 575.290496 324.840032 22
0 498.889184 339.595968 536.807456 277.133632 23
0 525.519808 434.95072 545.407552 318.38048 24
0 588.029056 445.25632 605.253504 371.1904 25
0 606.26064 426.182016 632.07152 383.581824 26
0 511.183776 287.90624 535.988064 214.51168 28
0 589.121184 282.5072 601.359456 214.62688 29
0 583.814656 336.9984 597.110784 291.8272 30
0 593.59072 375.450912 606.71136 318.890208 31
0 570.892512 381.13376 590.721568 310.02016 32
0 467.04576 328.98848 498.3776 256.77792 27
