0 478.227648 369.0432 505.334592 285.6704 1
0 309.349952 406.44256 352.462528 288.11744 2
0 324.027424 258.0688 365.744096 158.88992 3
0 532.265088 484.41344 576.161152 415.8016 4
0 288.535744 313.37056 309.926976 181.76416 5
0 400.900256 351.48512 438.932064 259.01856 6
0 396.05008 374.91808 425.0712 287.10176 7
0 543.24288 416.980192 577.5712 375.516448 8
0 338.302272 173.57312 358.424768 106.6112 9
0 371.759744 262.11584 409.250176 192.08704 10
0 362.594848 374.55712 399.805152 256.392 11
0 550.885632 391.021408 579.703808 353.324192 12
0 363.588416 210.550656 405.578944 159.886464 13
0 326.541344 140.154688 365.774816 79.467712 14
0 572.960448 384.250048 593.198912 333.755712 15
0 579.111104 265.94304 595.466816 215.26016 16
0 405.793344 310.19104 443.169216 229.39168 17
0 409.3872 228.32832 427.1632 145.12448 18
0 546.664896 316.776096 574.214464 259.156064 19
0 350.192352 124.766688 378.157088 64.847392 21
0 542.4104 366.421888 565.34 316.738432 22
0 504.324768 350.36672 536.752992 274.87872 23
0 528.75968 433.76192 547.92768 321.09888 24
0 606.195936 430.126912 630.797344 375.022528 26
0 518.227232 302.49216 540.660448 220.1344 28
0 582.554176 297.539872 605.472704 244.326368 29
0 590.61744 365.890656 606.92624 310.306464 31
0 567.19984 347.796128 590.61904 310.354272 32
0 591.063744 445.88512 605.608256 361.64128 25
0 539.18416 434.900896 575.80976 394.353504 30
0 464.50304 322.06624 494.85312 256.53216 27
0 505.331232 289.419648 534.146528 245.085312 20
