0 478.983264 368.4608 506.102176 285.98784 1
0 309.6168 406.32192 352.19824 287.4368 2
0 324.149568 256.90336 365.072832 159.14784 3
0 527.830848 484.4704 571.367872 417.4688 4
0 288.489632 311.50336 310.175328 181.82656 5
0 402.196832 350.94944 438.633888 259.60544 6
0 395.985472 366.05728 424.855488 286.25248 7
0 542.665056 418.89424 577.695904 375.64912 8
0 337.540544 174.0848 358.275136 106.49504 9
0 372.335488 266.61952 410.102912 192.66368 10
0 371.608576 413.91008 425.209344 301.42304 11
0 549.448384 390.765536 579.643456 352.458784 12
0 363.527168 207.956608 405.426432 159.756672 13
0 326.95024 140.531872 368.452 79.239008 14
0 573.2664 385.356768 593.5112 333.561632 15
0 579.43296 262.16912 595.55456 215.36816 16
0 405.975264 308.37344 443.490336 230.4144 17
0 409.227616 227.92704 427.194784 145.83168 18
0 545.55184 315.146304 574.3624 258.716096 19
0 350.081888 124.710752 378.312352 65.118368 21
0 542.023808 362.7128 565.236352 312.32848 22
0 504.696448 354.3248 536.691072 274.94624 23
0 529.113184 434.27296 548.138656 320.43552 24
0 605.15872 427.613824 630.66208 375.278976 26
0 518.407264 303.70784 540.846496 220.936 28
0 581.791232 297.492032 599.116288 244.340928 29
0 590.423808 375.17536 606.930432 310.95712 31
0 567.06672 349.355552 590.3528 310.809568 32
0 585.261344 462.28736 604.165856 375.51232 25
0 538.728736 443.551584 576.188384 394.143136 30
0 463.87536 323.36 494.3224 256.75264 27
0 504.986848 289.923328 534.016032 245.590272 20
