0 455.67888 356.18656 493.5192 282.58848 1
0 310.627136 406.34624 352.492224 288.73088 2
0 328.005024 237.26848 370.671456 159.88992 3
0 538.031584 485.89632 578.991136 406.04736 4
0 285.567936 310.79776 307.150144 182.51936 5
0 404.88736 363.81952 443.20608 267.06816 6
0 390.726496 384.07104 428.997024 295.23904 7
0 545.086656 434.525376 582.858304 383.699264 8
0 339.611616 164.71536 358.093344 107.13104 9
0 372.549504 266.92256 406.110336 192.07904 10
0 309.310144 181.85632 326.782016 85.33984 11
0 545.790496 394.344608 579.922144 351.163232 12
0 408.583616 234.57472 434.757184 163.05984 13
0 329.159552 138.22752 363.287168 78.5328 14
0 559.368512 324.048128 581.806528 286.689792 15
0 543.469216 361.03712 560.066144 285.51264 16
0 386.955488 288.61056 422.251552 223.86688 17
0 391.14736 201.96832 419.46128 134.14944 18
0 554.309664 299.540352 575.030496 257.226368 19
0 504.023872 288.899616 532.131008 238.697184 20
0 364.122112 165.84992 385.462528 89.47296 21
0 557.63328 379.159648 587.25632 319.978912 22
0 499.184928 341.143808 536.157152 277.956352 23
0 525.472256 430.11712 545.981184 317.01504 24
0 588.747104 436.11648 604.662176 345.14304 25
0 609.993664 429.783136 631.108416 375.348384 26
0 467.751456 324.54016 499.387104 256.36608 27
0 511.857152 279.12192 534.688768 214.0928 28
0 589.808704 283.88224 603.983296 219.0848 29
0 583.258656 333.6928 597.211104 290.33536 30
0 593.147136 382.691744 608.711424 324.841056 31
0 570.253344 375.70016 591.524576 310.09184 32
