0 463.260736 358.1776 501.523904 288.73312 1
0 308.914176 407.69216 352.333824 289.62624 2
0 323.327904 252.45024 367.164256 161.032 3
0 538.251072 485.376 576.717248 412.45184 4
0 287.332704 308.8912 308.504736 179.60544 5
0 402.682208 355.46592 439.976352 261.70016 6
0 394.795232 380.28704 424.742688 288.59744 7
0 546.667104 416.972832 578.857376 375.347168 8
0 338.81408 174.15456 358.0896 106.76064 9
0 371.50608 265.77696 406.37936 192.01248 10
0 312.06688 180.45728 334.11296 105.98496 11
0 548.952128 385.42192 576.741312 350.52432 12
0 390.364512 221.882304 422.737568 168.186176 13
0 327.377248 134.683808 359.126432 78.968672 14
0 561.3384 384.74368 582.0664 307.75424 15
0 542.73728 279.14896 563.55008 232.8408 16
0 392.648576 285.816608 432.042624 223.787232 17
0 389.452448 188.358304 417.569632 134.149216 18
0 547.817952 315.985024 574.648608 257.832576 19
0 503.20752 288.897216 532.29712 242.013504 20
0 352.188928 132.98432 376.902912 66.368 21
0 542.923776 356.545152 566.589184 317.383808 22
0 499.261856 350.25536 532.581984 274.3744 23
0 527.827904 431.76128 546.302016 320.57024 24
0 605.542944 430.666624 630.533856 373.675136 26
0 517.298496 307.08704 540.204224 222.0432 28
0 588.542048 282.69696 601.349792 215.3856 29
0 588.292608 358.527968 606.948352 308.445472 31
0 572.388672 369.369856 590.399168 307.643904 32
0 590.105888 432.968 606.289632 347.94464 25
0 538.367808 433.63728 575.623872 392.75248 30
0 466.812256 298.28672 494.897824 256.85184 27
