0 460.504672 355.95648 494.133408 284.94208 1
0 312.055648 406.16096 352.094112 288.21088 2
0 323.134592 245.54528 366.402688 159.68096 3
0 536.835904 490.48544 578.960576 406.34784 4
0 288.720608 314.19456 310.503712 184.36544 5
0 400.08912 351.34752 439.25936 260.74976 6
0 393.723488 385.97312 428.967072 296.05568 7
0 545.609344 430.784672 581.510016 381.205088 8
0 339.00016 172.31584 357.9688 107.0224 9
0 371.539456 265.89504 407.477504 191.90464 10
0 310.6672 176.53184 328.84128 91.16992 11
0 547.233952 391.215552 579.409248 350.154048 12
0 406.003872 223.518944 433.394528 162.994976 13
0 327.568416 136.999104 359.114464 78.304576 14
0 559.9544 325.139232 576.62416 288.770528 15
0 542.81216 328.402656 560.93056 283.370784 16
0 391.439296 288.83264 427.545664 223.6192 17
0 389.033184 199.165856 417.983776 136.246624 18
0 554.637536 295.722496 574.666784 257.370624 19
0 503.587712 287.775392 531.480448 240.451168 20
0 354.398336 147.06304 379.725184 73.88928 21
0 544.13328 368.652384 570.02224 320.585376 22
0 499.19776 342.62752 536.21088 276.18336 23
0 525.54784 436.12128 545.90304 320.4176 24
0 581.285696 453.792 601.340864 390.5024 25
0 603.501952 427.444064 631.323008 377.878176 26
0 511.71008 291.43328 536.56512 215.26368 28
0 588.751104 281.73376 601.390336 215.44768 29
0 583.569472 338.852288 597.381568 292.300352 30
0 592.703488 389.24096 606.729472 318.33792 31
0 570.366528 382.584 590.360512 310.02528 32
0 467.04576 328.98848 498.3776 256.77792 27
