0 460.634016 357.27904 496.743264 285.51904 1
0 309.714816 405.21216 352.600704 287.85408 2
0 323.038848 257.032 365.547392 160.39008 3
0 535.258112 484.70016 575.363328 411.74912 4
0 288.683296 309.24352 311.131104 183.33248 5
0 400.577728 352.26272 439.863872 262.52256 6
0 394.991104 384.34208 428.370176 296.00864 7
0 545.2368 415.804544 577.36928 376.117376 8
0 339.044064 172.95232 358.104096 106.2272 9
0 371.141824 266.6336 407.029056 191.93408 10
0 312.0216 180.01792 332.99984 102.87232 11
0 548.092416 386.55488 576.665344 350.57024 12
0 392.654624 220.359968 424.830176 169.821152 13
0 326.794912 135.962688 358.802528 79.657152 14
0 558.93504 355.941568 577.1456 299.378752 15
0 539.796448 316.712 555.898912 252.28256 16
0 391.685472 286.308352 428.132768 223.187968 17
0 383.07232 192.432512 416.3952 136.375168 18
0 552.919744 311.540128 574.282816 257.591392 19
0 502.512576 287.039968 532.165184 240.224032 20
0 353.402368 129.499584 378.870272 70.026816 21
0 541.492864 357.485504 565.145216 316.918336 22
0 498.505824 347.79936 533.893536 275.03456 23
0 525.826848 429.58752 546.238432 323.51712 24
0 600.727488 429.962688 630.975552 374.268992 26
0 516.666528 289.57504 539.275872 220.9184 28
0 587.792096 282.3136 601.459744 214.74624 29
0 589.616544 356.250656 606.775136 309.973984 31
0 574.308 379.575008 591.21008 315.921952 32
0 588.66096 407.51328 603.7064 335.86208 30
0 541.428704 434.844832 576.373536 395.173728 25
0 465.557888 312.415712 497.579392 256.066848 27
