0 478.899936 365.18976 505.651744 286.4352 1
0 309.548096 406.7936 352.291264 288.12352 2
0 323.824544 252.88768 367.582816 159.45152 3
0 521.685728 486.55456 566.307872 416.47648 4
0 288.581792 313.91904 310.747488 185.61888 5
0 401.854976 347.70496 438.248704 258.20096 6
0 394.205856 377.45824 424.443744 285.38336 7
0 549.13984 418.544128 580.20928 376.439552 8
0 336.71152 173.70048 358.27344 105.42144 9
0 378.03328 261.4896 411.79712 191.87488 10
0 426.686208 405.61024 474.811392 324.448 11
0 548.169408 391.668896 579.678272 354.568544 12
0 363.525696 205.93136 404.264384 160.14608 13
0 335.520704 143.16832 374.998336 74.16672 14
0 572.345824 386.86624 593.170976 333.048 15
0 578.715584 266.63952 596.207936 215.28944 16
0 406.408288 313.75872 443.798432 231.26784 17
0 424.842176 264.96608 468.620864 185.12416 18
0 547.75984 316.150624 575.01008 259.645856 19
0 348.575392 117.112224 377.326688 65.466976 21
0 542.32496 363.773664 565.812 314.667296 22
0 504.820832 359.50784 536.131488 275.2224 23
0 521.632544 423.1568 549.548256 325.61888 24
0 605.671584 429.117824 630.447456 375.408256 26
0 518.776736 305.57632 540.976224 220.88256 28
0 593.265632 384.0912 606.863648 322.28704 31
0 571.123488 353.792704 594.481632 305.190976 32
0 541.674656 467.4848 576.249184 394.7808 30
0 464.133472 325.57056 494.751648 255.52256 27
0 505.27088 291.398368 534.08272 245.148192 20
0 576.562464 454.02016 603.797216 383.61312 25
0 589.78 356.878432 609.24336 311.172768 29
