0 479.092608 365.30784 505.665152 286.74208 1
0 310.032384 406.72672 352.330496 288.05984 2
0 323.804224 252.82048 367.641536 159.44064 3
0 521.592288 486.67712 566.184992 416.12736 4
0 288.679424 314.02496 310.916096 185.65376 5
0 401.871136 347.84256 438.254304 258.22208 6
0 394.2232 377.55904 424.51984 285.39136 7
0 549.189344 418.603136 580.088096 376.294784 8
0 336.620544 173.74048 358.313216 105.40448 9
0 377.980256 261.88992 412.060064 191.87264 10
0 426.816064 405.60672 474.416576 324.9264 11
0 548.041152 391.511456 579.658048 354.555744 12
0 363.52576 205.985344 404.26816 160.193216 13
0 335.484032 142.56896 374.969728 74.10688 14
0 572.390976 385.702624 593.271744 333.078816 15
0 578.686784 266.6696 596.208576 215.31184 16
0 406.361568 314.2144 443.786272 231.1296 17
0 424.232768 258.35392 467.503552 183.62368 18
0 547.671072 316.248864 575.025888 259.666656 19
0 348.564768 117.24848 377.295072 65.47664 21
0 542.314528 363.742624 565.804512 314.727776 22
0 504.869728 359.63328 536.164512 275.22496 23
0 521.764992 422.56672 549.531008 325.35392 24
0 605.495136 429.156704 630.413984 375.368096 26
0 518.782752 305.76832 540.993248 220.91072 28
0 592.695648 383.350304 607.095712 320.384736 31
0 571.051744 353.355904 594.458656 305.483136 32
0 541.727488 467.72224 576.211712 394.6752 30
0 464.089568 325.744 494.704672 255.58336 27
0 505.330944 291.328448 534.103296 245.172032 20
0 576.654912 454.64896 603.704768 383.41056 25
0 589.510464 355.324896 608.970176 310.534944 29
