0 469.578496 358.10016 501.311744 288.22048 1
0 308.86864 407.05184 352.45616 289.85568 2
0 322.623392 249.55072 366.651488 160.78144 3
0 537.58032 484.2064 575.7432 412.79712 4
0 287.30896 302.73504 308.61168 179.53056 5
0 404.131232 358.53216 439.858528 262.1936 6
0 394.230624 383.01344 424.747936 288.91104 7
0 547.592064 417.786528 579.047296 375.379552 8
0 339.178144 174.3536 358.017376 106.66912 9
0 371.465344 266.33632 407.281536 191.672 10
0 312.600704 177.83968 333.881216 107.85376 11
0 548.46992 386.741216 576.82928 350.796064 12
0 387.465216 223.944704 420.392704 169.869056 13
0 327.475488 138.757952 363.648992 78.787008 14
0 562.134976 394.81792 583.417664 310.36992 15
0 546.673824 280.907296 572.833376 235.655904 16
0 394.106496 286.100064 433.752704 226.273696 17
0 397.25632 171.237568 417.8528 127.958592 18
0 546.450016 317.006368 574.737824 257.691872 19
0 503.479584 296.562944 533.672416 243.842816 20
0 351.447712 131.73696 376.044128 65.77088 21
0 542.645024 357.6272 566.614496 318.10144 22
0 499.196352 349.48896 531.706688 273.8736 23
0 528.931136 429.97344 546.646464 322.56544 24
0 606.003776 428.242464 630.762944 373.398496 26
0 517.599328 307.80768 540.568992 222.06752 28
0 589.168032 282.18208 601.548128 214.92128 29
0 590.561088 359.918176 607.119552 308.432544 31
0 572.363936 369.701952 590.473824 309.221568 32
0 589.79008 440.46176 606.64 351.61632 25
0 537.579808 436.349056 575.866592 393.174144 30
0 465.132704 312.520064 492.446816 257.030016 27
