0 460.297472 355.86688 495.318528 284.9472 1
0 310.606016 405.04864 352.967744 287.80768 2
0 323.087872 257.70752 364.914688 160.20992 3
0 537.554656 485.7872 578.492704 406.12832 4
0 288.396224 307.8192 310.739776 183.51136 5
0 400.372192 351.73088 439.778848 262.2288 6
0 394.496864 382.53024 428.840096 296.20512 7
0 544.33664 415.615872 578.65472 379.004288 8
0 339.011424 173.7376 357.887136 106.32 9
0 371.045312 266.77568 407.042368 192.39488 10
0 313.160128 177.76608 333.274432 98.43744 11
0 547.107264 389.82848 576.830016 351.68576 12
0 393.864832 219.739584 425.449088 169.851456 13
0 327.074464 135.87776 358.761056 79.79072 14
0 559.151424 356.84256 576.885696 300.17888 15
0 540.304736 319.845728 558.927264 266.591392 16
0 391.523392 283.977056 427.615168 223.283104 17
0 385.824544 192.301888 416.873696 136.610752 18
0 555.687872 303.051008 574.545728 257.098752 19
0 502.77344 287.024896 531.5216 239.949824 20
0 353.281248 133.517568 378.730272 69.623552 21
0 541.884064 362.647392 564.883296 319.655328 22
0 498.478432 340.09472 534.357408 274.8992 23
0 525.273728 432.88608 545.174912 323.40576 24
0 601.161984 429.30768 630.868736 374.47472 26
0 516.62896 292.15232 539.32624 221.39136 28
0 588.056736 282.01568 601.585504 214.94816 29
0 587.163616 372.27808 598.244384 306.3792 30
0 595.651776 374.652608 606.487104 313.072192 31
0 574.430752 379.26384 590.815968 316.84752 32
0 465.696768 315.515552 497.814272 256.090208 27
0 569.413056 474.930816 587.256384 411.453824 25
