0 461.00656 356.06912 497.55088 285.8048 1
0 310.31056 406.22912 352.21616 288.49216 2
0 327.202496 239.7824 368.803904 159.79264 3
0 537.876 484.768 578.79344 406.41536 4
0 288.601984 313.15872 310.694016 184.2096 5
0 404.730272 359.14112 441.947488 265.65888 6
0 390.76416 385.40384 429.2832 295.10944 7
0 547.576928 432.436448 582.705312 383.989792 8
0 339.400448 166.348992 358.081792 106.964288 9
0 372.087392 266.86432 405.808288 192.48544 10
0 309.472352 176.72 328.817568 85.33824 11
0 545.43504 392.53776 578.2552 349.70864 12
0 408.770592 227.05152 433.900768 162.20288 13
0 328.74192 138.00032 364.43696 76.47264 14
0 559.117408 325.595168 579.410592 287.779552 15
0 543.552128 359.12256 559.961472 285.5776 16
0 389.413568 288.21632 430.180672 223.62752 17
0 391.163936 202.29696 419.558624 134.92928 18
0 554.954976 300.017248 574.463264 256.940192 19
0 503.914624 288.017952 531.556736 239.077088 20
0 362.686112 166.74496 385.537888 86.992 21
0 557.8736 391.03936 587.46272 320.69952 22
0 499.719488 337.202976 537.483712 278.457824 23
0 525.112384 433.80704 546.028736 320.00032 24
0 589.788768 443.82208 605.741472 350.57792 25
0 609.032544 433.300768 630.237856 375.945952 26
0 511.858272 282.95712 534.576288 213.95424 28
0 589.34944 281.45952 601.41024 215.98816 29
0 584.143488 334.057344 597.218432 290.553216 30
0 592.974112 381.053216 608.376288 325.222624 31
0 570.002208 355.8128 591.348192 310.03808 32
0 467.04576 328.98848 498.3776 256.77792 27
