0 460.613504 355.94304 494.141056 284.97984 1
0 312.130624 406.1264 352.153536 288.34528 2
0 323.238944 245.84576 366.161376 159.44704 3
0 536.08592 488.49216 579.04368 406.25728 4
0 288.771424 313.46272 310.491296 184.31392 5
0 400.042944 351.15424 439.286336 260.90208 6
0 394.529728 386.2784 429.229632 295.83104 7
0 545.756768 431.917344 581.509792 381.701856 8
0 338.838848 172.39488 358.058432 106.97664 9
0 371.618336 265.54688 407.430624 191.64096 10
0 309.50864 176.28928 327.70864 89.94304 11
0 546.684384 391.132768 579.398176 350.906272 12
0 407.540256 223.8648 433.367264 162.81168 13
0 327.311264 137.891616 358.936416 78.283744 14
0 559.333632 323.319648 577.119488 288.830112 15
0 542.77728 332.801664 560.92576 283.861376 16
0 391.379456 288.92608 427.366144 223.80608 17
0 389.025344 199.72 417.964736 136.34144 18
0 554.544352 294.657472 574.667808 257.446208 19
0 503.739872 287.725792 531.512608 240.545568 20
0 354.462976 145.46144 379.672064 74.44 21
0 544.760864 364.779488 570.861536 320.469792 22
0 499.037888 343.04928 536.484672 276.43744 23
0 525.655584 436.50656 545.891296 319.6304 24
0 583.125984 449.74144 602.416416 383.27616 25
0 604.17584 427.612448 631.78192 379.450592 26
0 511.483296 290.89632 536.622944 215.07744 28
0 588.72656 281.79904 601.3944 215.48224 29
0 583.623744 339.302336 597.356736 292.329024 30
0 593.150944 383.62624 606.753056 318.49472 31
0 571.134944 382.6704 590.374176 310.21664 32
0 467.04576 328.98848 498.3776 256.77792 27
