0 478.672096 364.99968 505.805344 286.71232 1
0 312.041568 406.81952 352.277152 287.91072 2
0 323.803712 252.192 366.943168 159.46112 3
0 521.691264 487.264 566.407296 416.7552 4
0 288.994048 313.384 311.635712 184.91744 5
0 402.059904 347.6592 438.292096 258.68832 6
0 394.233952 377.97504 424.725408 285.40672 7
0 548.907776 418.24784 579.778304 376.0344 8
0 336.724256 174.47936 358.162144 105.6128 9
0 377.208448 263.17248 412.880512 191.9648 10
0 424.925696 420.4288 469.795584 328.38656 11
0 548.385824 390.519968 579.714016 354.198112 12
0 363.18464 207.588512 404.08576 160.300128 13
0 335.443648 145.53216 373.942592 74.42944 14
0 572.61296 385.602944 593.45552 334.105216 15
0 578.603456 266.477152 596.161344 215.453088 16
0 406.13312 311.92096 442.8128 231.00512 17
0 419.25568 255.07584 456.15168 176.736 18
0 547.31024 316.266528 575.06288 259.775712 19
0 348.798304 118.543552 377.417376 65.269568 21
0 542.547456 363.765792 565.793024 315.208928 22
0 505.205824 359.86976 536.125376 275.5184 23
0 524.1896 420.48448 549.5704 324.65856 24
0 604.577376 428.848576 630.429344 374.887744 26
0 518.78464 306.48192 541.10912 221.14048 28
0 592.581312 382.74304 606.673728 310.6496 31
0 571.2536 353.667008 594.47824 307.264832 32
0 541.711712 469.19744 575.989408 394.3712 30
0 463.87792 324.53088 493.68624 256.29088 27
0 505.171488 291.016288 534.201312 245.226912 20
0 581.476352 427.373376 603.844608 382.089664 25
0 576.854368 453.31616 603.406752 382.63904 29
