0 460.702624 355.99744 495.746656 284.63104 1
0 311.736832 406.02176 352.203008 288.3808 2
0 323.182432 245.09344 366.534048 158.17056 3
0 538.099584 484.37664 578.889856 406.10912 4
0 288.55888 310.69184 310.81776 184.24064 5
0 405.1064 351.63424 439.2776 261.1568 6
0 394.033824 385.48896 428.961376 296.09952 7
0 545.969248 431.384032 582.032032 382.626848 8
0 339.394976 172.18304 358.116704 106.82496 9
0 371.72288 264.92704 408.40768 192.00736 10
0 309.598464 172.37824 329.942016 84.9248 11
0 546.212224 391.301088 579.281536 349.079072 12
0 407.488544 224.965504 433.576416 162.248576 13
0 328.24512 135.197856 359.664 77.339744 14
0 558.843392 322.991104 576.971008 289.065216 15
0 543.867616 349.47808 560.403744 283.9824 16
0 390.70592 288.37632 427.92448 223.38176 17
0 389.073664 200.6656 418.290176 136.28032 18
0 554.771968 294.24528 574.529792 257.12624 19
0 504.12208 287.84432 532.00848 240.25296 20
0 357.684288 146.89568 379.255232 77.61632 21
0 552.77696 360.726496 579.32928 321.237024 22
0 498.799712 339.719072 536.574368 277.500768 23
0 525.689952 433.61824 546.349728 319.52224 24
0 589.5176 448.0816 605.06672 357.3968 25
0 604.09216 425.906144 631.36 385.026336 26
0 511.4256 287.46592 536.08032 214.33376 28
0 588.881184 282.44192 601.467616 214.824 29
0 584.020064 334.131232 596.994976 291.365088 30
0 593.509568 366.284768 606.729792 319.386912 31
0 569.968576 384.68128 590.977344 310.01952 32
0 467.04576 328.98848 498.3776 256.77792 27
