0 479.81296 356.50208 504.42128 286.76448 1
0 297.422176 391.17664 347.681184 286.93152 2
0 323.632288 248.68832 369.593952 160.03616 3
0 522.337376 487.24992 566.365344 416.15744 4
0 287.386944 314.00768 309.959616 184.76864 5
0 401.620736 350.97344 437.990144 259.37024 6
0 395.281408 377.95296 424.324352 284.1104 7
0 549.672576 417.775968 579.490944 377.868192 8
0 339.083776 172.9392 358.330624 106.38368 9
0 377.92144 258.33504 412.98288 191.81152 10
0 442.923328 398.97376 483.470272 326.88608 11
0 549.214592 391.685024 579.884928 353.285216 12
0 363.711328 207.611328 403.867552 160.406592 13
0 335.080768 141.15072 374.599872 75.09376 14
0 573.439552 386.162528 594.048448 335.419552 15
0 578.324832 266.031328 596.016288 215.726112 16
0 406.586496 312.3536 444.422784 233.75456 17
0 463.747328 279.020992 496.465152 218.995008 18
0 549.84112 316.252736 574.7528 259.062464 19
0 344.57248 101.906176 372.69472 63.513344 21
0 542.916704 364.34336 565.954976 317.2528 22
0 502.915552 349.75648 536.105248 274.41888 23
0 520.257376 423.62624 545.304224 320.01536 24
0 612.640224 431.651872 631.130656 373.777888 26
0 518.81232 302.3792 542.31536 219.49856 28
0 570.41888 351.371104 593.38144 302.711456 32
0 542.226144 467.76576 575.952416 394.97344 30
0 466.089632 321.20704 494.833248 252.30848 27
0 505.138784 290.591936 534.998176 243.933504 20
0 577.087072 432.972288 604.617888 379.514112 25
0 592.698656 351.836576 607.044064 313.291104 29
0 594.954912 444.53376 614.500448 343.48672 31
