0 453.902688 356.42208 492.944032 281.57216 1
0 311.726944 406.57024 352.417696 288.96 2
0 328.0016 237.08832 370.03744 159.7552 3
0 538.21856 485.33472 578.648 406.1968 4
0 286.464288 309.23264 307.721952 182.10176 5
0 404.394496 363.46784 443.273984 267.24704 6
0 391.70224 385.62176 429.812 296.11392 7
0 548.21376 434.568224 582.8032 383.708896 8
0 339.528096 164.204512 358.123104 107.159328 9
0 372.511616 267.12064 406.326144 192.29056 10
0 309.28192 182.64736 326.98816 85.43072 11
0 545.891296 394.17728 580.006944 351.1552 12
0 408.666656 233.67136 434.884064 163.19392 13
0 329.150272 137.921088 363.406528 78.597312 14
0 559.354528 324.4456 581.803872 286.7608 15
0 543.513664 360.8304 560.080576 285.8384 16
0 386.831136 289.1536 422.409184 223.82944 17
0 391.19312 202.85664 419.62288 134.04832 18
0 554.22112 299.749056 575.06656 257.169984 19
0 503.808512 289.048832 531.886848 238.399488 20
0 363.961152 163.69856 385.458368 89.40736 21
0 557.891136 378.529472 587.264704 320.294208 22
0 498.944224 341.433632 536.187936 277.880288 23
0 525.316864 431.15488 545.867776 316.3664 24
0 588.43248 436.43904 604.66192 345.16608 25
0 610.213088 429.494944 631.417632 375.060576 26
0 467.694976 326.79872 498.788224 256.0544 27
0 511.863296 283.52896 534.891264 214.16832 28
0 590.505344 290.31968 604.231296 222.92448 29
0 583.388128 333.53744 597.196832 289.58704 30
0 592.463104 382.198464 608.711936 325.033536 31
0 570.000992 377.22464 591.445408 310.15072 32
