0 479.672928 366.50048 506.568352 285.18976 1
0 308.881088 406.29376 352.244032 289.7408 2
0 324.249056 236.95264 366.703904 157.7072 3
0 532.771968 484.64448 575.944832 412.56512 4
0 287.313184 305.91552 309.438176 179.67424 5
0 402.588288 349.2 438.239872 258.25472 6
0 394.296448 379.73056 424.281472 288.20672 7
0 545.981952 422.1728 578.628608 375.3824 8
0 339.64752 171.592 358.24048 107.01664 9
0 371.761856 265.40064 407.508544 191.6784 10
0 308.757696 271.75264 350.200384 176.58016 11
0 548.572576 388.14688 577.253984 351.06208 12
0 368.271552 215.162944 410.507328 163.014336 13
0 326.79648 141.357632 363.65216 79.036608 14
0 565.19808 406.86208 586.05952 317.76896 15
0 573.93216 270.086944 589.95392 224.114656 16
0 401.382688 291.46976 438.409952 225.65536 17
0 408.578272 227.02272 428.420128 144.0672 18
0 547.776352 317.281728 574.499488 259.025472 19
0 349.444768 122.719872 377.638752 64.146048 21
0 542.856064 360.599648 566.527616 318.080672 22
0 505.574368 351.16544 536.601632 275.35744 23
0 527.586112 429.96288 547.087808 324.06592 24
0 605.382816 430.12912 630.853984 374.5544 26
0 517.705472 301.4848 540.179968 220.09216 28
0 589.980224 279.27168 602.142656 206.42176 29
0 592.432224 362.959424 607.068576 305.183936 31
0 571.647776 362.266496 590.529504 309.081984 32
0 589.983744 449.58624 605.545216 358.83616 25
0 538.590528 432.427392 574.754752 392.686208 30
0 464.216768 322.75232 493.310272 257.09536 27
0 505.353984 289.635008 533.808896 245.383232 20
