0 480.404384 355.240224 509.593696 293.459936 1
0 294.258752 391.56096 348.111808 286.92096 2
0 323.985216 248.5952 370.823104 160.82176 3
0 519.481792 488.28192 564.966208 420.19936 4
0 287.446752 315.30752 310.016288 184.75136 5
0 400.799104 346.41312 437.877376 258.72224 6
0 387.53984 382.76576 425.61088 283.61248 7
0 550.436352 415.253792 577.230848 378.136288 8
0 339.126976 172.88256 357.574464 107.41824 9
0 377.67648 258.31808 413.56576 191.2832 10
0 459.939136 408.27296 504.182464 337.22208 11
0 547.247456 391.816064 579.874464 351.835776 12
0 363.536576 205.802016 404.244544 160.183264 13
0 338.030848 145.97632 376.559872 78.912 14
0 573.017184 385.831872 593.734816 335.544128 15
0 578.533632 266.085568 596.191488 216.233792 16
0 406.246368 316.17408 446.181152 234.21312 17
0 464.821152 284.48704 497.105248 218.88576 18
0 549.654336 315.710816 574.887104 259.070624 19
0 346.871328 107.928416 376.224992 64.609184 21
0 542.350624 366.446464 562.242016 317.579136 22
0 502.54224 341.22656 536.59504 272.93152 23
0 613.835168 435.303616 631.201632 374.233664 26
0 518.674528 297.49856 543.908512 218.92512 28
0 570.847232 352.720352 593.897728 302.239008 32
0 535.163712 466.64384 573.576128 391.37216 30
0 467.165216 323.08928 493.888224 257.7312 27
0 506.426784 290.811072 534.867296 243.131968 20
0 574.805536 433.896288 605.427424 381.480352 25
0 590.212448 359.561216 607.323552 311.325184 29
0 595.197504 445.96608 616.619456 349.66656 31
0 521.272 418.72128 545.07424 319.08864 24
