0 460.645856 356.18368 496.936224 284.4192 1
0 309.922048 405.96832 352.068352 288.16544 2
0 325.79504 239.28608 368.38224 158.23328 3
0 537.530144 483.76672 578.683616 406.03424 4
0 288.199264 310.70976 310.295456 183.93728 5
0 405.388096 354.4816 439.326144 262.3376 6
0 393.82384 388.27456 429.26864 296.31552 7
0 548.269376 431.94688 582.526144 382.56064 8
0 339.282176 167.455936 358.228224 107.197504 9
0 372.367168 266.8064 406.415552 192.69184 10
0 309.45376 170.45312 330.17888 85.35872 11
0 546.16512 392.501376 579.85984 350.207104 12
0 408.594016 226.74464 433.945504 162.3536 13
0 328.089248 135.982752 361.866592 76.542048 14
0 558.86512 328.89232 579.00624 288.56816 15
0 543.692064 353.6816 560.059616 284.48288 16
0 391.252256 288.050112 427.970784 224.999488 17
0 389.019456 201.7664 420.278464 134.86336 18
0 554.915072 298.798464 574.423808 256.867456 19
0 503.894688 288.187552 531.668832 239.553888 20
0 361.322336 159.20256 385.456544 85.85728 21
0 558.681792 388.13952 588.121408 322.34496 22
0 499.099008 338.11808 537.265792 277.84096 23
0 525.475776 430.30944 546.862144 319.96256 24
0 590.171168 447.55456 605.295072 355.53792 25
0 605.861504 429.319104 630.171776 381.279296 26
0 511.470624 283.8032 534.828256 214.02976 28
0 589.256832 281.6016 601.344128 215.61312 29
0 583.778368 334.875616 597.255872 290.744864 30
0 592.71792 371.05408 607.98736 323.40736 31
0 570.176608 356.949248 590.797472 309.983232 32
0 467.04576 328.98848 498.3776 256.77792 27
