0 460.614624 356.11808 495.092256 284.58464 1
0 312.196192 405.88192 352.199328 288.30048 2
0 323.261088 245.21664 366.562912 158.74752 3
0 537.982016 484.53504 578.864064 406.1056 4
0 288.513024 312.23104 310.829056 184.1888 5
0 404.640768 351.8576 439.282432 261.1728 6
0 393.922624 385.6144 428.661696 296.10976 7
0 546.321888 431.031456 581.969952 382.775904 8
0 339.34832 172.42304 358.11856 106.96896 9
0 371.483456 265.40448 408.010944 191.99968 10
0 309.496032 173.99648 329.043488 84.69408 11
0 546.096224 390.58928 579.200416 349.35312 12
0 407.682464 225.079936 433.533536 162.216064 13
0 327.894144 134.941536 359.595136 77.268384 14
0 559.259584 324.260288 576.987456 288.991552 15
0 543.699968 349.75744 560.499712 284.38912 16
0 390.545408 288.183008 428.436992 224.208672 17
0 389.127712 200.51264 418.330848 136.22592 18
0 554.72512 295.34256 574.64832 257.09648 19
0 504.047616 287.651712 531.965184 240.306048 20
0 356.74528 146.83328 379.52608 77.30496 21
0 552.812736 360.126464 578.791744 322.249216 22
0 499.13472 339.172864 536.61824 277.253376 23
0 525.562464 433.23136 546.070176 318.2336 24
0 589.4456 448.25888 605.07472 359.63872 25
0 604.504 425.549664 631.40896 385.409696 26
0 511.505568 286.89728 536.289632 214.31488 28
0 588.953824 282.432 601.455136 214.81728 29
0 584.075584 334.972896 596.974016 291.331104 30
0 593.562688 367.840384 606.685632 319.300736 31
0 570.352544 382.69376 590.851936 309.79136 32
0 467.04576 328.98848 498.3776 256.77792 27
