0 478.028928 368.97792 505.313152 285.664 1
0 309.179104 406.30624 352.445216 288.2 2
0 323.96976 258.92512 365.52016 158.93088 3
0 532.523328 485.1056 575.899072 416.67488 4
0 288.552672 312.928 309.974048 181.84448 5
0 401.100736 351.6896 438.941504 258.95104 6
0 395.995744 374.14912 424.966816 286.99264 7
0 542.936832 417.171296 577.573888 375.439264 8
0 337.942592 173.55616 358.340288 106.62432 9
0 371.975616 264.20544 409.127744 192.02624 10
0 365.22704 379.67904 404.1016 264.71904 11
0 550.818144 390.984704 579.716256 353.138176 12
0 363.473664 211.504096 405.351936 160.044064 13
0 326.64288 140.215104 366.00992 79.440576 14
0 572.813312 384.565984 593.235968 333.563936 15
0 579.68112 260.728576 595.46 215.137024 16
0 405.919392 310.0528 443.580768 229.61696 17
0 409.300928 228.53248 427.161152 145.23776 18
0 545.371552 316.550624 574.245728 259.212576 19
0 350.028672 124.988576 378.270848 64.877664 21
0 542.312352 365.77456 565.290848 316.21968 22
0 504.4016 351.28544 536.776 274.94432 23
0 528.864352 432.06208 547.812768 320.87744 24
0 606.194016 430.198624 630.868384 374.850976 26
0 518.274496 302.94944 540.638784 220.32352 28
0 583.053504 297.817024 604.393536 244.644416 29
0 590.738688 366.757728 606.944512 310.440352 31
0 567.121856 347.570944 590.470464 310.770176 32
0 590.8648 444.87584 605.596 362.53792 25
0 539.223168 435.550592 575.878272 394.393728 30
0 464.28816 321.22368 495.6632 256.63872 27
0 505.361664 289.603392 533.913856 245.268928 20
