0 478.005152 368.4896 505.793888 286.93056 1
0 310.097696 406.36928 352.469984 288.38144 2
0 323.991968 250.22784 366.125152 159.13664 3
0 532.168416 484.40288 576.202784 414.68448 4
0 288.610208 312.728 309.926752 181.75648 5
0 401.058144 351.38624 438.926496 258.76032 6
0 395.987104 377.62912 424.969056 286.6384 7
0 543.068448 416.347424 577.595872 375.625696 8
0 338.48128 173.568 358.59008 106.61504 9
0 371.413248 261.2048 409.185792 191.59264 10
0 350.218848 363.35776 392.268192 242.70432 11
0 550.778496 390.878528 579.676544 353.647552 12
0 363.613536 210.148288 405.661344 159.749952 13
0 326.570688 140.485824 365.672512 79.438656 14
0 572.909344 384.440352 592.983776 334.005728 15
0 579.284576 264.94592 595.489184 215.12832 16
0 405.981632 308.12864 443.034688 228.95936 17
0 409.460544 228.5792 427.357376 145.03104 18
0 547.4256 316.649632 574.18976 259.131488 19
0 350.342624 124.91696 378.201376 64.77776 21
0 542.518112 366.438624 565.288608 317.603616 22
0 504.578432 352.78336 536.699008 274.64448 23
0 529.17216 433.55456 547.80064 320.7328 24
0 606.077856 430.289024 630.860384 374.851456 26
0 518.210016 304.1248 541.103904 219.84448 28
0 582.932384 298.770656 607.150176 243.341344 29
0 590.573536 364.923104 606.936864 310.028576 31
0 567.108544 348.300544 590.886976 310.205696 32
0 591.038304 440.35552 605.869216 360.63136 25
0 538.733952 434.432512 575.707008 394.358528 30
0 464.321536 322.088 492.614144 256.18272 27
0 505.426592 288.921632 534.179168 245.039328 20
