0 480.427104 352.907488 509.819296 294.077472 1
0 294.879776 391.90272 348.156384 287.21408 2
0 324.413984 249.89568 371.112416 160.78848 3
0 516.191712 488.55872 560.514848 418.86016 4
0 287.5024 313.90048 309.8928 184.39968 5
0 400.226912 347.31136 438.193568 259.008 6
0 381.467488 384.44736 425.987232 288.61632 7
0 548.063616 415.79904 576.665984 377.67424 8
0 338.923232 172.44256 357.518368 107.92608 9
0 377.872064 258.0704 413.254976 191.31968 10
0 460.145696 410.65376 505.723104 338.42016 11
0 547.960864 390.46144 579.446496 352.63872 12
0 363.773248 205.96176 404.215232 160.19888 13
0 338.452448 146.6032 377.144352 78.29408 14
0 573.317312 389.001184 593.581888 335.378976 15
0 578.527936 266.048032 596.174144 216.430048 16
0 406.219936 321.26048 447.034464 234.0752 17
0 464.532352 283.23264 496.674688 218.81664 18
0 548.239872 317.142112 574.825728 258.892448 19
0 346.243424 104.075392 375.932576 61.807488 21
0 542.07248 368.937152 562.1912 318.580288 22
0 502.334368 346.52288 533.848672 271.63136 23
0 613.826624 434.850944 631.303616 373.946496 26
0 518.608576 301.53216 541.276224 219.38816 28
0 570.636768 353.010496 593.963552 301.526464 32
0 533.5504 475.9488 573.42816 392.88064 30
0 467.314144 322.3856 494.334496 257.61312 27
0 506.970912 292.846528 534.792928 243.528512 20
0 573.317472 438.771968 604.514208 386.573312 25
0 590.391616 360.84224 607.282624 311.33056 29
0 595.830944 448.68 616.647776 351.21504 31
0 519.578848 419.35712 562.484512 318.1264 24
