0 460.461472 355.76448 493.973088 285.06368 1
0 311.802688 405.97792 352.149952 288.18912 2
0 322.88928 244.58624 366.104 160.06528 3
0 538.374208 492.39008 579.302592 406.25824 4
0 288.672288 315.048 310.493152 184.18016 5
0 400.319008 351.36832 439.314912 261.06688 6
0 393.662368 385.00736 429.139552 295.616 7
0 547.709152 430.405536 581.570848 381.188704 8
0 338.901312 172.69344 357.748928 106.82912 9
0 372.065664 266.61376 406.999936 191.76448 10
0 311.47536 180.54528 328.90608 92.1024 11
0 547.183936 391.024576 578.977984 350.351424 12
0 404.341184 222.983072 433.139776 163.936608 13
0 327.556736 134.554048 359.265664 78.414912 14
0 560.070272 327.791488 575.238528 287.780992 15
0 542.559744 324.83696 560.820736 282.26448 16
0 391.907392 289.3616 427.667648 222.90848 17
0 389.08832 198.609664 417.752 136.205056 18
0 554.617824 296.515424 574.523936 257.320096 19
0 503.376224 288.175616 531.489696 240.306944 20
0 354.437056 143.19264 379.829824 72.376 21
0 543.450048 364.869056 569.188672 320.577344 22
0 499.042944 342.29248 534.510976 276.39168 23
0 525.162112 435.50336 546.127488 321.63968 24
0 579.304288 462.47232 600.860832 397.41376 25
0 602.02384 427.869152 631.19088 377.070368 26
0 513.561792 293.8128 536.839488 215.60544 28
0 588.577792 281.56864 601.439488 215.45792 29
0 583.711808 338.363968 597.348032 292.331712 30
0 592.218528 393.63232 606.553952 317.74432 31
0 569.711008 382.3472 590.468192 309.80256 32
0 467.04576 328.98848 498.3776 256.77792 27
