0 480.675168 353.34304 505.712032 287.22656 1
0 296.748864 391.7488 347.708096 287.16448 2
0 323.616288 249.26272 371.337952 160.47424 3
0 522.514208 486.95136 566.525152 416.44448 4
0 287.339744 316.28992 310.011936 184.75712 5
0 401.88288 349.13248 437.84448 259.17472 6
0 395.258016 377.29664 424.272224 283.79392 7
0 550.503072 416.868288 579.301728 378.751552 8
0 339.076288 173.13088 357.931072 106.98304 9
0 378.152384 257.48896 413.813056 191.48768 10
0 446.857632 399.36256 487.998048 326.34112 11
0 550.145568 389.420576 579.801312 352.235744 12
0 363.591232 206.073088 403.860928 160.385792 13
0 335.528224 144.52128 374.983136 76.16736 14
0 573.660288 385.229952 593.749632 336.038528 15
0 578.426688 265.688256 596.123072 215.904064 16
0 406.224992 316.9152 444.971168 234.53056 17
0 464.333696 280.09968 497.112704 219.39984 18
0 549.719136 316.88144 574.840224 259.04944 19
0 345.456 104.853024 373.67104 63.957216 21
0 542.774656 368.359264 564.072064 319.935136 22
0 503.002272 348.57696 536.327008 274.44768 23
0 520.668096 424.99168 548.714304 319.1056 24
0 613.408544 432.728192 631.267296 373.428608 26
0 518.7744 301.104 542.74496 219.17376 28
0 570.574944 351.78448 593.480096 302.43888 32
0 540.464096 468.38144 575.967264 395.0464 30
0 466.285952 321.44672 494.220928 255.56192 27
0 505.435968 291.514368 535.154112 243.820032 20
0 577.6768 432.627296 604.82048 379.706784 25
0 590.786976 355.782336 607.040864 312.165184 29
0 595.091968 442.18112 615.793152 345.40032 31
