0 477.443392 368.48288 506.250688 286.49312 1
0 310.787776 406.57152 352.247104 288.65536 2
0 324.160992 238.70432 364.969248 159.24 3
0 532.450208 485.34048 575.667552 414.4432 4
0 288.388512 313.09632 310.042208 181.99744 5
0 401.3472 351.02784 438.57728 259.02784 6
0 395.840032 378.8832 424.655328 287.98912 7
0 543.813216 417.160032 577.701024 375.651488 8
0 338.831904 173.13664 358.482656 106.69312 9
0 372.014368 259.60096 409.063392 191.08704 10
0 345.283648 343.99776 384.057792 225.67776 11
0 551.07376 389.836032 579.09968 352.590848 12
0 363.687936 214.553856 406.120704 159.631104 13
0 326.690016 140.625536 364.870944 79.197824 14
0 569.362176 391.917056 591.436544 331.929344 15
0 579.096672 265.318016 595.354528 214.959744 16
0 405.22224 310.82112 442.70096 228.23936 17
0 409.564128 228.18848 428.067872 145.31936 18
0 547.457536 316.696256 574.152704 259.265344 19
0 350.059968 124.573056 377.571392 64.448384 21
0 542.763488 365.63536 565.670432 317.90512 22
0 504.485216 350.92576 536.707744 274.04448 23
0 528.459904 432.00544 548.084096 319.69376 24
0 605.920896 429.706048 630.820224 374.759872 26
0 518.44672 303.2928 540.87488 219.98144 28
0 586.605056 300.378176 608.729344 236.881344 29
0 592.04064 366.415648 606.9712 308.564192 31
0 567.546848 348.48368 591.060512 308.612 32
0 590.581952 443.73056 605.819968 360.43584 25
0 538.666176 434.869824 575.587904 394.382016 30
0 464.606944 322.41568 493.959456 255.81152 27
0 505.975264 289.6448 534.742816 245.11616 20
