0 460.738496 355.83456 494.666304 284.97952 1
0 312.282496 406.24128 352.089984 288.33024 2
0 323.586368 244.9952 366.305472 160.1184 3
0 536.7712 488.60064 579.2736 406.13216 4
0 288.68464 313.91104 310.42448 184.52224 5
0 399.908672 350.544 439.320768 261.09248 6
0 394.693696 385.25344 429.290944 295.91008 7
0 545.778208 432.296544 581.912032 382.170016 8
0 339.107904 172.15904 358.032576 107.07808 9
0 371.634176 265.79488 407.969024 191.72192 10
0 309.129568 178.45376 326.986912 88.56064 11
0 546.47952 391.058272 579.19344 350.740128 12
0 407.661664 224.895296 433.318816 162.652864 13
0 327.451488 137.446624 359.342752 78.034976 14
0 559.338688 322.951296 577.084992 288.865664 15
0 543.56592 340.963776 560.88592 284.564544 16
0 390.827296 289.5024 427.476704 224.11936 17
0 388.57536 199.627264 417.55584 136.224256 18
0 554.623616 295.636576 574.699904 257.381024 19
0 503.72528 287.573984 531.59248 240.386336 20
0 354.89184 146.25344 379.53504 74.82048 21
0 546.446272 363.808384 572.287808 322.050176 22
0 499.038016 341.67296 536.705984 276.77952 23
0 525.539392 434.70016 545.746368 318.57088 24
0 583.73792 450.7792 603.49408 378.2384 25
0 605.18016 429.661408 632.08704 381.351712 26
0 511.363328 289.66464 536.512512 214.89984 28
0 588.849408 281.66688 601.414912 215.29568 29
0 583.640672 339.428288 597.338528 292.265792 30
0 593.198912 379.939456 606.738368 318.693504 31
0 571.635104 381.55488 590.457696 310.31584 32
0 467.04576 328.98848 498.3776 256.77792 27
