0 478.858176 368.11584 506.749504 286.12288 1
0 310.85616 406.09728 352.54608 288.84032 2
0 323.4296 226.97888 364.79568 158.4048 3
0 532.596992 486.01376 575.641088 412.6128 4
0 287.31104 307.78496 309.35968 180.66176 5
0 402.307104 350.62976 438.165216 258.64384 6
0 395.559744 379.77856 424.958656 287.80672 7
0 545.964192 416.875296 578.209888 375.277024 8
0 339.450432 171.16064 358.490048 106.5072 9
0 372.011872 263.57344 406.884768 191.00064 10
0 325.02016 289.17952 374.01728 200.05312 11
0 549.369216 386.964704 577.586304 351.771936 12
0 365.417024 216.055872 409.093056 160.959168 13
0 326.790592 141.642464 363.486528 79.018016 14
0 565.179008 391.1552 586.666112 318.9824 15
0 579.449856 265.75936 594.593024 215.14688 16
0 403.441888 300.15712 441.605152 225.68992 17
0 409.544416 227.10272 428.189984 144.46464 18
0 547.55008 317.216416 574.1408 259.421024 19
0 349.877664 125.129024 377.411936 64.762816 21
0 542.45936 363.670816 565.91568 317.474784 22
0 504.70448 352.75296 536.7368 274.16416 23
0 528.543264 433.79488 547.593696 322.264 24
0 605.470048 429.589216 630.856352 374.620704 26
0 517.98128 302.59744 540.63376 219.73344 28
0 592.466688 293.48736 604.456192 216.42624 29
0 592.55104 363.434048 607.11616 308.573632 31
0 572.563968 366.017248 591.409152 311.499552 32
0 590.4024 445.29056 605.5208 359.28288 25
0 538.471648 433.97072 575.221792 393.03984 30
0 464.46528 322.12096 493.2128 256.04736 27
0 505.763136 290.361184 534.649024 244.979616 20
