0 457.2656 356.84064 494.2608 283.0416 1
0 310.78064 406.29664 352.52944 288.83808 2
0 327.977792 237.30528 371.448768 159.9952 3
0 539.160704 485.43392 578.711936 406.1296 4
0 285.55264 308.7072 307.3792 182.3904 5
0 404.49872 363.39584 443.18768 266.94912 6
0 390.954432 384.54656 429.137728 295.13472 7
0 544.84816 433.823552 582.9048 383.837888 8
0 339.705408 164.79104 358.205632 107.02848 9
0 372.446336 267.736 405.864064 192.2896 10
0 309.191488 174.50304 327.285952 85.71328 11
0 545.697184 394.340352 579.811936 351.411968 12
0 407.8856 233.09344 434.44272 163.05504 13
0 329.18256 137.744064 363.46384 78.564416 14
0 559.382592 324.205408 581.801408 286.792352 15
0 543.555456 361.25824 560.027264 285.35936 16
0 386.829568 288.4816 422.857472 224.03168 17
0 391.410976 201.97376 419.374304 134.35264 18
0 554.317344 299.384832 574.957536 257.306368 19
0 504.174592 288.518304 532.214528 238.630496 20
0 364.14752 167.03456 385.15552 88.88864 21
0 557.4168 379.493184 587.00688 320.118976 22
0 499.304576 339.691552 536.745344 277.884128 23
0 525.286304 431.87648 545.907296 318.0512 24
0 588.890176 435.41024 604.613824 344.65632 25
0 609.744448 430.387968 631.033792 375.334912 26
0 467.68064 320.14096 499.49888 256.31472 27
0 511.82576 277.6376 534.57424 214.08336 28
0 589.29728 284.064 603.15968 219.69152 29
0 583.274144 333.37312 597.122656 290.27872 30
0 593.182528 382.12976 608.745152 324.79504 31
0 570.33344 380.336 591.552 310.128 32
