0 477.872768 368.42944 506.550912 286.6144 1
0 310.987808 406.44 352.381152 288.80736 2
0 324.104032 238.02336 364.820128 159.37184 3
0 532.419552 485.1296 575.571488 414.18944 4
0 288.117664 311.87712 310.200416 182.12224 5
0 401.212736 350.31584 438.421184 259.2112 6
0 395.865408 380.15584 424.915392 287.91456 7
0 544.127296 417.172608 577.687744 375.738752 8
0 338.970176 171.81888 358.485184 106.70528 9
0 371.878688 259.45632 408.907232 191.0256 10
0 344.356096 342.3168 383.649024 224.4864 11
0 550.382368 389.054272 579.081952 352.353728 12
0 364.006464 213.852384 406.403776 159.857696 13
0 326.8472 140.191328 365.06192 79.081632 14
0 568.71536 392.219072 591.38448 331.067968 15
0 579.505312 264.178048 595.480928 215.125632 16
0 404.934784 310.47264 442.549376 228.03232 17
0 409.554176 228.37792 428.121344 145.12352 18
0 547.478624 316.440192 574.227616 259.193728 19
0 349.97888 124.305152 377.38368 64.515328 21
0 542.885696 365.460544 565.799104 317.944256 22
0 504.51728 350.82944 536.6808 274.01152 23
0 528.615328 431.5264 547.918432 319.49312 24
0 605.921952 427.859072 630.895968 374.636928 26
0 518.466464 303.18208 540.887136 220.1792 28
0 586.598016 301.143296 608.599424 237.281024 29
0 591.881824 365.596128 606.944416 308.253472 31
0 567.559648 347.50016 590.931232 308.69056 32
0 590.78 444.83008 605.87152 359.9008 25
0 538.775552 435.00288 575.566848 394.528 30
0 464.91552 322.1584 493.38336 255.84608 27
0 505.868672 290.964704 534.880128 245.110816 20
