0 460.44864 356.5504 496.89152 284.448 1
0 310.657728 406.21024 352.067392 288.56352 2
0 323.67776 240.96704 365.368 156.30528 3
0 537.860224 483.41568 578.832256 405.93856 4
0 288.47344 309.58048 310.55248 183.80448 5
0 405.689472 352.72768 438.951808 261.52256 6
0 393.984128 387.98464 428.943232 296.14208 7
0 548.180896 431.771744 582.536544 382.305696 8
0 339.251904 167.416096 358.236736 107.036384 9
0 372.099712 266.65856 406.328448 192.36608 10
0 309.389088 169.65504 330.038752 85.13152 11
0 546.241312 392.085728 579.688928 349.612832 12
0 408.307008 226.44672 433.985472 162.35456 13
0 328.080096 135.665632 360.936224 76.920608 14
0 558.876384 328.707392 578.984736 288.335808 15
0 543.556512 356.7616 560.054368 283.89376 16
0 391.072768 288.30464 428.045312 224.16128 17
0 389.336896 201.95168 421.010624 134.92512 18
0 554.886752 298.625792 574.400928 256.785408 19
0 504.260192 288.083904 532.203168 239.866176 20
0 360.26704 158.45472 383.1864 82.00864 21
0 559.072416 375.73872 586.354784 323.96816 22
0 498.962144 337.65872 536.399136 277.60784 23
0 525.517792 431.288 546.528288 317.98432 24
0 590.173088 447.98944 605.403232 355.7072 25
0 604.190656 430.90048 630.042944 383.21024 26
0 511.435648 283.2096 534.887552 213.97312 28
0 589.630976 281.73088 601.281024 215.68096 29
0 584.195424 335.28528 597.183136 290.69488 30
0 593.0504 368.881216 607.75344 322.760384 31
0 570.114144 375.2272 590.946976 309.7712 32
0 467.04576 328.98848 498.3776 256.77792 27
