0 463.684992 355.29024 501.851008 288.82368 1
0 309.272288 407.5904 352.404512 289.99296 2
0 323.392224 252.52544 366.333216 161.06176 3
0 538.05744 485.09408 576.76368 412.85664 4
0 287.333664 307.66336 308.556256 179.57888 5
0 403.16816 355.39104 439.8808 261.49856 6
0 394.820832 380.18496 424.656928 288.99136 7
0 546.59328 417.172352 578.94912 375.297408 8
0 338.859552 174.56256 357.964768 106.55488 9
0 371.438112 265.60512 406.732768 191.92704 10
0 312.127712 180.27008 334.034208 105.89696 11
0 548.79232 385.60976 576.81408 350.5016 12
0 390.799712 222.671392 421.780128 168.404448 13
0 327.441248 135.36112 359.281312 78.9288 14
0 561.69408 393.12288 583.00096 308.73568 15
0 543.056256 280.761792 566.013824 234.093888 16
0 392.851168 285.583776 432.940832 224.565344 17
0 389.077472 183.697152 417.129248 132.165888 18
0 547.357152 316.402624 574.615328 257.896256 19
0 503.262528 289.02112 532.901312 242.63584 20
0 352.6008 138.69024 376.17104 66.38112 21
0 542.711296 356.660576 566.635264 317.502624 22
0 499.343008 349.06976 531.886432 274.07264 23
0 528.309088 434.5296 546.363552 320.43104 24
0 606.132544 429.63824 630.652096 373.46064 26
0 517.352 307.4208 540.50528 221.9936 28
0 588.659616 282.7488 601.431904 215.4016 29
0 588.3816 360.163648 607.00016 308.482752 31
0 572.361312 371.160448 590.458528 308.139392 32
0 590.19488 435.50752 606.77664 350.8784 25
0 538.306624 433.952768 575.832256 392.895232 30
0 466.90048 299.516288 494.60352 257.249152 27
