0 457.192384 357.0176 494.486336 283.5392 1
0 310.714432 406.30528 352.495808 288.89216 2
0 327.907424 237.44928 371.444896 160.0688 3
0 539.369504 484.848 578.746336 406.19328 4
0 285.574144 306.75744 307.589376 182.49312 5
0 404.506048 361.68672 443.204672 267.04416 6
0 391.05968 384.80576 429.06704 295.22112 7
0 544.675808 434.105504 582.856992 383.900256 8
0 339.708128 164.773568 358.206752 107.030592 9
0 372.419136 267.86048 405.815744 192.25088 10
0 309.195936 174.18816 327.415904 85.74656 11
0 545.53792 394.419552 579.78944 351.651488 12
0 407.97168 231.71584 434.40912 163.05408 13
0 329.169152 137.663232 363.509248 78.545408 14
0 559.440576 324.23664 581.794624 286.80976 15
0 543.415168 361.31296 560.034432 285.384 16
0 387.01744 288.42304 423.28784 224.08128 17
0 391.434176 202.06176 419.352384 134.37728 18
0 554.27856 299.526496 574.94384 257.267104 19
0 504.207712 288.350208 532.496288 238.625792 20
0 364.151104 166.99776 385.121216 88.87808 21
0 557.33472 379.121632 587.01088 320.143648 22
0 499.32224 339.542976 536.432 277.872704 23
0 525.349984 433.66208 545.850016 318.13184 24
0 588.890496 434.96192 604.618624 344.6592 25
0 609.742272 430.215744 630.945088 375.349696 26
0 467.652256 318.806016 499.355744 256.327424 27
0 511.77216 275.814528 534.51648 214.063232 28
0 589.328416 283.93792 603.032544 219.7472 29
0 583.245408 333.154176 597.112992 290.281344 30
0 593.061408 382.03168 608.704992 324.78304 31
0 570.284448 378.9712 591.485792 310.11552 32
