0 459.984064 356.69504 494.135616 284.82816 1
0 310.417856 405.22464 352.673344 287.56128 2
0 323.17888 256.67968 365.85792 159.75168 3
0 537.256512 491.64096 578.496448 407.18528 4
0 288.491616 310.8704 310.657184 183.80864 5
0 400.639552 352.21632 439.734208 261.69216 6
0 393.754848 385.73408 429.245472 296.3472 7
0 547.520064 421.06064 581.758656 380.03632 8
0 339.205984 172.5232 357.972896 106.64224 9
0 371.154048 266.62944 407.167872 191.97408 10
0 312.87888 178.89984 331.1928 95.0112 11
0 548.046944 389.874752 577.026976 352.027328 12
0 391.156992 221.151424 424.226048 167.926336 13
0 327.053952 135.44048 358.272128 79.53296 14
0 560.299744 358.597344 576.684576 297.164576 15
0 540.098752 323.028032 559.633728 275.867328 16
0 391.76832 287.78336 427.3152 222.96608 17
0 386.264224 190.989024 416.577376 136.355616 18
0 554.848 302.675936 574.52032 257.532704 19
0 502.367136 287.252608 531.006304 239.521152 20
0 353.062784 125.55568 378.490496 69.1848 21
0 542.364416 361.743392 566.964224 319.717088 22
0 498.637056 338.265632 534.185984 275.558368 23
0 523.724992 428.3808 545.619008 320.66112 24
0 571.419136 477.191168 592.981504 415.178752 25
0 600.46512 431.004544 630.836 374.662016 26
0 516.471872 290.33248 539.259328 220.98656 28
0 587.688032 281.68672 601.480608 214.91872 29
0 585.077344 356.96544 597.002656 292.41312 30
0 591.95952 388.22336 606.56976 315.65888 31
0 574.639008 383.50432 590.998112 314.14048 32
0 467.04576 328.98848 498.3776 256.77792 27
