0 480.269248 365.0592 504.990272 285.47776 1
0 303.092128 406.49184 350.905952 290.88032 2
0 323.643872 248.57248 368.957728 159.64256 3
0 519.831296 485.8688 566.145024 416.49408 4
0 287.548224 317.06592 310.008256 185.14336 5
0 403.13552 349.17824 438.36464 258.576 6
0 394.067616 379.81024 423.956064 285.7808 7
0 548.927008 419.978144 580.048352 376.314976 8
0 338.27632 173.60896 358.4008 105.94304 9
0 378.313888 258.93888 412.754272 191.25888 10
0 441.34128 401.92768 478.81488 324.2752 11
0 547.523424 393.133504 579.494816 354.906176 12
0 363.648576 204.271584 404.000704 160.242976 13
0 334.996096 135.260992 374.369664 73.829568 14
0 572.258944 386.533216 593.335936 333.578144 15
0 578.917408 266.131168 596.272352 215.765792 16
0 406.157344 312.54048 444.086496 232.41696 17
0 442.890816 278.59648 481.129664 208.7328 18
0 549.815872 315.390912 575.009728 259.299648 19
0 344.86176 101.65104 372.53216 64.25744 21
0 542.720928 363.352992 566.008672 314.968928 22
0 503.90256 355.216 535.92592 274.68608 23
0 520.163744 427.51296 549.586016 325.0912 24
0 612.248672 426.619008 631.147168 374.168192 26
0 518.647264 307.4192 540.922656 221.20672 28
0 568.827584 348.950112 593.185856 302.615968 32
0 541.990816 468.09504 576.165984 395.15872 30
0 466.234368 323.87008 495.135232 253.03232 27
0 504.19424 289.655424 533.76032 243.884416 20
0 576.192384 441.780288 603.650176 381.857472 25
0 593.416384 344.98608 607.424576 311.83568 29
0 593.754944 436.82592 613.479616 336.216 31
