0 460.45088 355.78912 493.97216 285.10048 1
0 311.459744 406.06336 352.121696 288.22144 2
0 322.729632 244.85952 365.788768 160.11584 3
0 538.1544 492.12064 579.452 406.264 4
0 288.687808 315.12992 310.477632 184.16096 5
0 400.373024 351.44032 439.312096 261.11648 6
0 393.870848 385.3792 429.107712 295.52832 7
0 547.986208 430.209952 581.588192 381.351008 8
0 338.875008 172.77408 357.708672 106.81632 9
0 371.973632 266.70176 406.930688 191.5984 10
0 311.55408 181.24128 328.93232 92.12832 11
0 547.012672 391.228608 578.847168 351.239232 12
0 404.454464 222.278624 432.912576 164.071456 13
0 327.544896 135.594752 359.763904 78.466048 14
0 560.111424 328.718304 574.794176 287.460896 15
0 542.518272 324.79616 560.931328 282.0864 16
0 391.995008 289.31808 427.687552 223.0608 17
0 389.156352 198.203296 417.555968 136.162144 18
0 554.586176 296.656224 574.492864 257.268896 19
0 503.310432 288.305088 531.412128 240.443712 20
0 354.390304 143.02752 379.852256 71.77312 21
0 543.284672 363.874144 569.072448 320.361376 22
0 499.006272 340.8496 533.953728 276.41888 23
0 525.170752 436.19008 546.136768 321.25248 24
0 578.677984 468.168 600.786976 399.22656 25
0 601.892192 427.993024 631.185568 376.800576 26
0 514.032512 294.81344 537.299328 215.85408 28
0 588.556544 281.552 601.453056 215.39264 29
0 583.722848 337.414944 597.292192 292.356576 30
0 591.978656 393.8032 606.420064 317.50176 31
0 569.792192 382.2848 590.516288 310.14144 32
0 467.04576 328.98848 498.3776 256.77792 27
