0 478.197984 370.36352 506.122016 284.65984 1
0 311.33472 405.38208 352.49632 288.41888 2
0 324.278432 259.49248 365.928288 159.49376 3
0 523.173216 488.15744 567.632544 411.47136 4
0 288.247136 313.41056 310.453664 181.60256 5
0 401.801376 350.66656 438.646624 260.03808 6
0 395.427264 364.72416 424.383296 286.44512 7
0 544.476672 421.872224 579.467008 375.311776 8
0 335.140384 173.21792 358.370016 105.58272 9
0 373.057536 263.72224 413.156864 191.40608 10
0 404.372704 427.75584 451.931936 352.68576 11
0 547.26768 389.137824 579.92592 352.706656 12
0 363.625984 209.039008 404.861696 159.595872 13
0 334.270432 145.04768 373.106208 73.79008 14
0 574.096768 389.820256 593.868672 334.394784 15
0 579.907456 263.719296 595.796864 215.825024 16
0 406.745152 307.1008 441.789888 230.68864 17
0 409.374528 227.87488 427.027392 146.40224 18
0 547.494816 314.627712 574.779744 259.389568 19
0 351.415392 120.218624 377.391008 65.564416 21
0 541.790432 362.856096 564.143648 313.160544 22
0 504.09792 350.32032 536.14144 274.37984 23
0 529.015648 426.53216 547.639712 322.8272 24
0 604.922272 432.315232 630.665568 374.933408 26
0 518.70032 306.4048 541.03856 221.31616 28
0 581.429248 315.84256 595.375872 253.69728 29
0 591.782432 380.11872 606.841568 311.8608 31
0 568.169344 349.647296 589.952896 310.963264 32
0 544.312672 466.72128 576.365728 394.74944 30
0 464.116416 324.28544 491.980864 256.53888 27
0 505.585728 290.681888 534.922432 245.603552 20
0 578.995616 464.6768 603.796064 379.35904 25
