0 460.331008 355.84992 494.943232 284.6672 1
0 310.399136 404.96288 352.918624 287.93696 2
0 322.931232 257.82016 364.988128 160.15232 3
0 537.6592 487.42208 580.7536 401.21408 4
0 288.423488 309.2832 310.683072 183.53472 5
0 400.458144 351.95104 439.819616 261.90752 6
0 393.943104 384.07488 428.945856 296.5536 7
0 544.770688 417.950912 579.615872 379.782208 8
0 338.950112 173.44352 357.917728 106.49888 9
0 370.958304 266.82496 407.030816 192.4416 10
0 313.465792 177.2016 333.100608 96.54304 11
0 547.08608 390.808288 576.85504 352.000032 12
0 394.187296 219.95728 425.564384 169.84368 13
0 327.12576 135.582336 358.80448 79.776384 14
0 559.079008 357.52864 577.080992 300.23392 15
0 540.309472 320.298304 559.031328 269.027776 16
0 391.575104 286.57376 427.317696 223.24256 17
0 385.797792 192.375616 416.951648 136.530624 18
0 555.125824 302.986432 574.511296 257.242688 19
0 502.766336 286.935936 531.422464 239.840384 20
0 353.233088 133.77536 378.690112 69.6128 21
0 541.870016 362.394624 565.402944 317.843456 22
0 498.478848 339.64608 534.432512 275.14176 23
0 524.665344 432.93984 545.028096 322.76576 24
0 600.915872 429.3048 630.917728 374.62096 26
0 516.577952 292.02304 539.291488 221.36576 28
0 588.009568 282.01248 601.592992 214.85408 29
0 586.851968 378.69952 598.003072 302.86976 30
0 593.917088 386.91776 606.772832 313.49312 31
0 574.70176 380.642944 590.73696 317.018496 32
0 465.696768 315.515552 497.814272 256.090208 27
0 569.413056 474.930816 587.256384 411.453824 25
