0 478.833344 370.49888 506.382656 286.0976 1
0 309.578816 405.03456 352.238784 288.09568 2
0 324.267424 257.16064 366.684256 159.54592 3
0 522.633536 485.5616 567.742144 411.52384 4
0 288.302464 311.43968 310.422656 181.73408 5
0 401.61376 351.04672 438.82912 260.05728 6
0 395.310272 354.77376 424.894528 285.5616 7
0 543.203264 419.660256 578.506816 375.741984 8
0 335.868704 173.92576 358.227936 106.33152 9
0 372.31456 266.77344 412.22816 193.85376 10
0 391.290688 427.9696 447.104192 340.28384 11
0 547.504224 389.475232 579.758496 352.847968 12
0 363.690336 207.998976 404.904864 159.593984 13
0 334.138336 146.28736 372.134944 77.62048 14
0 573.935616 388.347104 593.685504 333.901856 15
0 579.805504 263.693344 595.782336 216.002016 16
0 406.486528 310.87008 441.737472 230.79776 17
0 409.027488 226.85024 427.129952 146.57056 18
0 547.111968 314.43952 574.717152 259.27312 19
0 351.125696 121.894528 377.258304 65.845632 21
0 540.979488 362.75104 564.388832 312.54368 22
0 504.343328 350.46464 536.178912 274.59136 23
0 528.669632 428.1968 547.362368 321.51584 24
0 604.771104 429.592256 630.585056 374.991424 26
0 518.595488 305.11488 541.061472 221.45024 28
0 582.231328 313.28448 596.003552 249.23328 29
0 590.742368 378.43552 606.821792 311.46016 31
0 567.51072 348.971488 590.29792 310.402592 32
0 584.625056 465.76576 603.828064 377.97056 25
0 543.726272 459.95424 576.305728 394.34336 30
0 464.209472 323.78016 491.108288 257.04672 27
0 505.317696 291.15984 535.003584 245.57616 20
