0 479.4464 367.99776 506.6144 286.16032 1
0 309.91824 405.38144 352.66608 289.06592 2
0 325.919008 240.00928 366.560992 160.18656 3
0 535.908768 485.27808 575.576672 412.41536 4
0 287.046592 306.1696 309.243968 179.77344 5
0 402.361184 351.00256 439.013536 258.34656 6
0 392.97712 381.43232 424.47312 288.74752 7
0 546.98736 417.769248 577.89968 375.104992 8
0 339.58144 172.2144 357.96608 106.98304 9
0 371.389408 265.81376 407.614752 192.09728 10
0 308.618816 254.41376 332.891584 148.80672 11
0 548.637536 387.190976 576.912544 351.308864 12
0 375.237696 207.858848 411.807424 164.878432 13
0 327.160768 140.707584 364.357952 79.435776 14
0 563.953184 402.49952 584.334816 313.21248 15
0 567.9376 270.8264 586.9488 229.19408 16
0 402.49296 284.654976 437.63504 224.033664 17
0 408.629056 226.90752 430.089664 143.18144 18
0 547.725408 318.22864 574.514592 258.3192 19
0 349.442496 124.713536 376.896064 64.680384 21
0 543.23664 360.6304 566.6232 318.69248 22
0 505.528992 356.1824 536.785248 280.2272 23
0 528.559552 428.54752 546.929728 323.26944 24
0 605.453344 427.73296 630.765536 374.28304 26
0 517.626592 301.15616 540.412448 220.15584 28
0 588.241344 281.7296 601.845056 214.3856 29
0 590.08336 362.433568 606.81904 303.001312 31
0 571.98496 364.30448 590.39712 308.77968 32
0 589.59696 449.77056 605.58384 357.57152 25
0 539.557728 432.026656 574.800032 391.972064 30
0 465.121568 322.65792 496.452832 256.912 27
0 504.579136 291.442752 534.026944 244.241088 20
