0 478.89776 365.90144 504.07952 286.66944 1
0 298.178656 390.18944 348.101024 286.99712 2
0 323.597376 248.16384 369.683904 159.88608 3
0 520.841024 486.40992 566.708416 416.38176 4
0 287.374688 314.62656 309.914272 184.73728 5
0 401.336608 350.20288 438.050272 259.424 6
0 394.520352 375.33408 424.405728 283.83136 7
0 549.081376 418.167072 579.566304 377.742048 8
0 338.83824 173.66912 358.30096 106.44864 9
0 377.82368 257.91104 413.18176 191.55072 10
0 440.59584 399.39904 479.80608 325.6032 11
0 547.798464 392.873664 579.689536 353.915456 12
0 363.667008 207.45504 403.844032 160.24288 13
0 334.87168 137.444704 374.29312 74.525856 14
0 573.052096 386.446624 594.121024 334.997216 15
0 578.619552 265.9568 596.191328 215.9504 16
0 406.728512 312.36896 444.378048 234.22432 17
0 462.671456 280.294912 494.013344 216.451328 18
0 549.903712 315.059712 574.832288 259.061248 19
0 344.319936 101.708128 372.492864 63.265952 21
0 542.922592 362.677632 566.787488 314.675328 22
0 502.770912 352.46112 536.472608 274.92448 23
0 520.170336 426.50432 546.892704 321.95008 24
0 612.664256 430.293824 631.202624 373.918656 26
0 518.886752 305.33856 541.867168 220.2384 28
0 569.979616 350.753888 593.115424 302.753952 32
0 541.698848 468.63872 576.145632 395.05664 30
0 466.130528 319.86688 494.864032 252.27264 27
0 504.741024 289.897504 534.096736 244.295136 20
0 577.147456 433.433056 604.467904 380.078624 25
0 593.136 348.922528 607.0048 312.084832 29
0 594.357024 443.26592 614.390496 340.63424 31
