0 460.430752 356.224 497.120608 284.896 1
0 310.976032 405.91712 352.139488 288.25504 2
0 326.484448 239.56928 367.978272 158.88192 3
0 538.214656 484.47584 578.882304 406.03424 4
0 288.224576 313.37472 310.372544 184.02688 5
0 405.072512 360.04192 440.882048 263.30528 6
0 391.950656 384.72544 429.545664 295.8416 7
0 546.742624 431.96736 582.525856 383.23008 8
0 339.309632 167.520032 358.177728 106.946528 9
0 372.161984 266.8608 406.276416 192.60544 10
0 309.50336 172.00064 329.34464 85.23072 11
0 546.05824 392.273152 578.8224 349.357568 12
0 408.991744 226.66048 433.998336 162.33152 13
0 328.249088 136.937472 363.091712 76.374528 14
0 558.88928 326.369984 578.92192 288.111936 15
0 543.624096 358.79936 559.971424 284.66304 16
0 389.762656 288.514048 429.502624 225.230592 17
0 389.784512 201.41984 419.908928 135.00512 18
0 554.838208 298.858656 574.423872 256.927584 19
0 503.748736 288.1896 531.796864 239.32144 20
0 361.844448 167.27008 385.606432 86.47584 21
0 557.344096 389.85408 587.862944 321.54688 22
0 499.418848 337.33136 537.057312 278.46256 23
0 525.282176 433.71776 546.433664 320.06272 24
0 590.06128 445.92672 605.22448 353.6752 25
0 608.496832 432.84144 629.985088 378.06032 26
0 511.740064 280.80352 534.543456 214.056 28
0 589.539872 282.07904 601.406688 215.79616 29
0 583.812128 333.908992 597.133792 290.641408 30
0 593.138688 377.664608 608.233472 324.699552 31
0 569.642688 356.90432 591.182912 309.87328 32
0 467.04576 328.98848 498.3776 256.77792 27
