0 481.071488 351.701664 506.278272 287.884896 1
0 295.804544 391.14432 347.782016 286.96384 2
0 323.542976 249.6768 371.298624 160.68608 3
0 521.744576 486.74304 566.362944 416.60032 4
0 287.348896 316.32128 310.093664 184.72704 5
0 400.904544 348.45824 437.686176 259.33696 6
0 394.49664 377.78656 424.4704 282.72288 7
0 551.437888 417.215552 578.887872 379.272128 8
0 339.013024 172.94016 357.752416 107.4016 9
0 377.817504 257.32736 413.977696 191.46112 10
0 451.854432 406.69792 493.260448 328.20256 11
0 549.937024 389.715904 579.816576 351.948096 12
0 363.369312 205.5984 403.778208 160.30112 13
0 335.974976 145.85952 375.653824 77.224 14
0 573.533792 385.460224 593.716128 336.235776 15
0 578.532928 266.262432 596.285632 215.943008 16
0 406.631968 317.94112 445.314272 234.4352 17
0 464.549216 281.838304 497.180064 219.542816 18
0 549.845408 316.586144 574.843232 259.133536 19
0 345.578784 104.743168 373.779936 64.301312 21
0 542.645824 369.502752 563.069376 320.183008 22
0 502.233504 347.0928 536.358496 274.66976 23
0 613.811456 434.938496 631.263744 373.376384 26
0 518.686016 301.15648 543.145664 219.07776 28
0 570.744448 352.314144 593.520512 302.386656 32
0 536.229184 470.17792 575.179456 394.15744 30
0 466.405408 322.66624 493.599712 256.42368 27
0 505.172256 291.624288 535.239904 243.608992 20
0 577.158432 432.501728 604.764128 379.793952 25
0 590.833792 356.133888 607.082368 312.339712 29
0 595.034592 442.4288 616.374048 345.83104 31
0 520.840896 423.8352 563.121984 318.7184 24
