0 479.12512 370.6656 506.35968 285.81056 1
0 309.494208 404.97536 352.200512 288.00768 2
0 324.23712 256.08896 366.66848 159.5424 3
0 522.833824 485.21664 567.984736 411.96736 4
0 288.295488 312.19264 310.420672 181.71584 5
0 401.61056 351.04544 438.84896 260.11872 6
0 395.387424 355.38368 424.853216 285.60576 7
0 543.251648 419.236864 578.413632 375.730176 8
0 336.064128 173.91264 358.252672 106.73248 9
0 372.012768 266.66784 411.669792 193.81088 10
0 387.796 427.04832 445.15376 337.22048 11
0 547.511488 389.480224 579.725632 352.853216 12
0 363.733216 208.230464 404.902944 159.613376 13
0 333.2648 146.08224 372.00624 78.56416 14
0 573.966848 387.819744 593.635072 333.849376 15
0 579.791424 263.585504 595.778496 215.920416 16
0 406.6072 311.18944 441.94832 230.68576 17
0 408.986944 226.60544 427.130816 146.55296 18
0 547.070848 314.304032 574.628992 259.284448 19
0 350.989856 121.405664 377.308384 65.845536 21
0 540.976096 362.640256 564.497184 312.477824 22
0 504.492 351.02016 536.11984 274.73472 23
0 528.636224 428.6112 547.290816 321.85792 24
0 604.732384 429.84512 630.580256 374.96128 26
0 518.561824 304.69152 541.079776 221.41024 28
0 582.27904 313.61504 596.25152 249.0064 29
0 590.827232 378.53856 606.867488 311.33152 31
0 567.6608 349.033376 590.23872 310.388064 32
0 584.842912 466.544 603.854688 377.85024 25
0 543.056032 459.05056 576.361568 394.20896 30
0 464.273568 323.82272 491.310432 256.70976 27
0 505.237824 291.025568 534.996416 245.528672 20
