0 460.49728 355.99296 494.10496 284.95936 1
0 312.024448 406.16416 352.102272 288.27296 2
0 323.183776 245.50784 366.121824 159.53664 3
0 536.66288 490.1888 578.93776 406.34368 4
0 288.73184 313.87168 310.50016 184.32736 5
0 400.052 351.31584 439.26704 260.70848 6
0 393.893216 386.0016 428.967584 295.9568 7
0 545.60672 430.744288 581.47552 381.278752 8
0 339.022112 172.1584 358.008288 107.08 9
0 371.496192 266.00256 407.427328 191.92768 10
0 310.392032 175.95968 328.546848 90.99584 11
0 547.048512 391.081152 579.410368 350.430528 12
0 407.118048 223.705376 433.388832 162.968544 13
0 327.469888 137.939616 358.798272 78.285664 14
0 559.707136 324.71648 576.920064 288.90272 15
0 542.823136 329.017184 560.929824 283.599776 16
0 391.474752 288.5552 427.416768 223.65088 17
0 389.108288 199.312448 418.017472 136.358592 18
0 554.656128 295.449248 574.669952 257.377632 19
0 503.634048 287.844544 531.545472 240.467776 20
0 354.397024 146.4048 379.750816 74.29024 21
0 544.143392 368.090112 569.973728 320.912128 22
0 499.163552 342.95808 536.282208 276.28032 23
0 525.537888 435.82272 545.904032 320.24256 24
0 581.655552 452.678944 601.425408 388.763616 25
0 603.472768 427.507776 631.446912 378.318784 26
0 511.631008 290.63104 536.572512 215.26464 28
0 588.75216 281.80448 601.38032 215.47552 29
0 583.604352 339.22432 597.342848 292.30464 30
0 592.777856 388.13504 606.731904 318.4416 31
0 570.529824 382.00896 590.302176 309.94368 32
0 467.04576 328.98848 498.3776 256.77792 27
