0 460.728352 356.11008 497.006048 284.25984 1
0 309.880384 405.89728 352.038336 288.29792 2
0 326.157856 239.56 368.129504 158.63136 3
0 537.710816 484.18496 578.735904 406.21248 4
0 288.20768 311.256 310.2576 183.96192 5
0 405.309312 355.59424 439.557248 262.9824 6
0 393.94736 388.2992 429.27312 296.20128 7
0 548.025312 432.040032 582.538528 382.720928 8
0 339.320928 167.316 358.262432 107.1736 9
0 372.251744 266.95872 406.436256 192.81088 10
0 309.397664 169.19584 329.790816 85.44608 11
0 546.160384 392.507552 579.758336 350.166368 12
0 408.66304 226.81312 433.9392 162.43616 13
0 328.091744 136.28528 362.667936 76.45584 14
0 558.854272 328.691232 578.974848 288.627168 15
0 543.666368 354.30048 560.021312 284.64736 16
0 391.193696 288.070752 428.120224 225.344928 17
0 388.61936 201.75904 419.96048 134.74784 18
0 554.916736 298.87888 574.406784 256.8728 19
0 503.914464 288.281536 531.582496 239.301184 20
0 361.563744 158.97856 385.586336 86.0544 21
0 558.150048 389.23104 588.125792 321.9984 22
0 499.096096 337.871584 536.983264 278.002976 23
0 525.495616 430.71936 546.933184 319.824 24
0 590.183168 447.03072 605.245952 355.36544 25
0 606.534944 428.645792 630.280416 380.826208 26
0 511.543456 283.74624 534.750304 214.04832 28
0 589.261088 281.76096 601.336032 215.62528 29
0 583.906336 334.45696 597.250784 290.61312 30
0 592.726176 371.940128 607.995744 323.544032 31
0 570.133024 356.685088 590.876896 310.064352 32
0 467.04576 328.98848 498.3776 256.77792 27
