0 476.19472 366.7616 504.412 285.72352 1
0 309.699712 404.97408 352.856448 288.75776 2
0 324.873216 246.69472 367.131904 160.33504 3
0 537.121632 484.92864 575.506848 412.06592 4
0 286.991072 303.04192 309.060128 177.936 5
0 404.071456 357.61536 439.952864 260.90368 6
0 392.464416 382.57664 424.678624 289.73312 7
0 546.856352 417.056992 578.618208 375.219488 8
0 339.4536 173.42016 357.64336 105.72992 9
0 371.405344 266.45376 408.144096 192.39552 10
0 312.378208 217.55616 330.660512 117.7808 11
0 548.016352 386.969056 576.768288 351.509024 12
0 381.712288 221.934976 417.093472 169.129344 13
0 327.545504 136.376096 364.469856 79.847904 14
0 562.95824 395.75296 583.88848 310.784 15
0 555.039552 268.08512 581.518528 234.38784 16
0 396.17152 285.31424 434.79936 227.32064 17
0 403.382368 218.50464 425.379232 126.64736 18
0 546.592864 318.438176 574.717856 257.349344 19
0 349.932416 128.832032 377.156224 65.397728 21
0 542.830016 359.334656 566.229824 318.753024 22
0 501.572064 353.46272 532.177696 274.43488 23
0 528.6544 429.92 546.56352 323.43168 24
0 605.524192 427.122016 630.826528 374.081184 26
0 517.596832 304.55712 540.384608 221.28864 28
0 586.989696 282.37024 601.734784 213.86784 29
0 589.5344 361.440608 607.01472 308.155552 31
0 572.569664 371.506016 590.870976 309.287584 32
0 589.929408 444.77088 605.785152 354.36384 25
0 538.296416 433.660288 575.553184 392.986752 30
0 465.856896 321.61952 495.763584 255.832 27
0 503.676256 293.509728 534.003104 246.615712 20
