0 460.938944 356.07328 497.219136 285.26688 1
0 309.658848 406.1424 352.177952 288.35744 2
0 327.037952 239.99424 368.487168 159.60896 3
0 537.668608 484.20704 578.816512 406.26464 4
0 288.524928 313.4512 310.685312 184.136 5
0 404.858144 360.41152 441.454816 265.09504 6
0 390.484384 385.4368 429.314656 295.51936 7
0 547.843616 432.252064 582.620384 383.434336 8
0 339.376448 166.934112 358.130112 107.017888 9
0 372.095968 266.39776 406.041632 192.5296 10
0 309.47808 175.08448 328.89632 85.33024 11
0 545.848768 392.155648 578.208832 349.019392 12
0 408.964576 226.97664 433.882144 162.33792 13
0 328.60224 137.876224 364.28736 76.432896 14
0 558.957376 326.029152 579.125184 287.609248 15
0 543.645216 358.67168 559.957984 285.3232 16
0 389.630304 288.105408 430.472096 224.237632 17
0 390.632896 202.27456 419.420224 135.15136 18
0 554.921504 299.362432 574.419936 256.972928 19
0 503.902784 288.079232 531.574976 239.122048 20
0 362.516032 167.248 385.590208 86.74112 21
0 556.903616 391.45504 587.824704 321.12096 22
0 499.597632 336.929536 537.503168 278.475264 23
0 525.186272 433.19712 546.262048 319.37248 24
0 589.877152 446.26912 605.504608 351.48192 25
0 608.926368 434.19168 630.096992 376.48736 26
0 511.896128 282.52928 534.521792 213.96096 28
0 589.47696 281.28512 601.37488 215.93088 29
0 584.102432 334.167904 597.122528 290.601376 30
0 592.89312 379.931808 608.30496 325.153632 31
0 569.993216 356.46464 591.276544 309.87648 32
0 467.04576 328.98848 498.3776 256.77792 27
