0 479.927904 366.96 503.885216 285.7312 1
0 299.603776 404.4416 350.357184 290.336 2
0 323.571072 247.6448 369.507968 159.77024 3
0 520.074464 487.07328 566.687776 416.57088 4
0 287.384672 316.512 309.897888 184.82048 5
0 401.670016 350.50432 438.102144 259.47712 6
0 394.872064 376.6608 424.432896 284.32224 7
0 549.387456 419.719808 579.975744 376.840832 8
0 338.64272 173.40704 358.3928 106.072 9
0 377.96544 257.93984 412.82368 191.4656 10
0 441.058048 398.58816 479.511552 324.40448 11
0 547.209152 394.206592 579.755328 354.747008 12
0 363.584576 207.6336 403.833024 160.29984 13
0 334.83056 135.992992 374.41488 74.490208 14
0 572.81312 386.515904 594.08992 334.167616 15
0 578.590816 265.847488 596.179104 215.819072 16
0 406.286144 309.54272 444.511936 234.55456 17
0 454.04496 280.279712 487.9096 219.242848 18
0 549.851616 315.76336 574.826784 259.32784 19
0 344.184544 101.788256 372.530976 63.304864 21
0 542.80192 363.690528 566.37568 314.292192 22
0 503.26848 355.31136 536.14272 274.92352 23
0 520.369408 424.74336 549.184512 325.10752 24
0 612.849632 431.690016 631.081248 374.290144 26
0 518.87056 306.3632 541.54928 220.57312 28
0 569.40608 350.517056 593.21664 302.805184 32
0 540.942528 468.19104 576.149312 394.88224 30
0 466.317888 324.4464 494.919872 248.94112 27
0 504.693376 290.295616 534.116224 244.187584 20
0 576.55744 438.2776 604.07232 380.6024 25
0 593.336672 348.588672 607.033248 311.929728 29
0 594.41808 441.3248 615.19984 340.59904 31
