0 460.319296 356.42496 497.019584 284.77312 1
0 310.560128 405.89088 352.153472 288.504 2
0 326.434816 240.14848 367.899904 159.09248 3
0 538.27392 484.92544 578.8704 406.10048 4
0 288.192928 313.57792 310.271072 183.99776 5
0 405.085824 359.89344 440.379776 263.06976 6
0 392.544224 384.93312 429.735456 295.89888 7
0 546.749344 431.907552 582.493536 382.884128 8
0 339.343616 167.650976 358.148864 106.897504 9
0 372.073824 266.976 406.337696 192.68352 10
0 309.50832 171.0608 329.65456 85.2272 11
0 545.936128 392.385728 579.090432 349.362752 12
0 408.926432 226.52288 434.006048 162.25792 13
0 328.222656 136.9384 362.778944 76.348 14
0 558.95184 327.076256 579.036 288.372064 15
0 543.70144 358.81056 559.95808 284.64544 16
0 391.140032 288.339136 428.927808 225.477184 17
0 389.860928 201.47648 420.201152 134.88704 18
0 554.877184 298.804704 574.428416 256.918816 19
0 503.763904 288.32688 531.854656 239.28912 20
0 361.741472 167.1184 385.482848 86.52768 21
0 557.81232 389.85184 587.84912 321.69248 22
0 499.184128 337.850688 537.108992 278.338752 23
0 525.23264 433.08384 546.45376 320.1552 24
0 590.12992 445.22848 605.26848 354.24288 25
0 607.628544 431.068256 630.061056 378.667424 26
0 511.638528 279.48096 534.479872 214.04096 28
0 589.517056 282.12544 601.397504 215.83808 29
0 583.848448 333.913984 597.117952 290.646656 30
0 593.111392 375.262528 608.157088 324.413632 31
0 569.740512 357.500832 591.096608 309.893728 32
0 467.04576 328.98848 498.3776 256.77792 27
