0 479.701504 366.42016 506.548736 285.75136 1
0 308.790976 406.26912 352.153664 289.8576 2
0 324.189536 236.90112 366.993824 158.07744 3
0 532.636576 484.49696 575.871584 412.6896 4
0 287.351776 305.99136 309.391904 179.56 5
0 402.348928 349.04288 438.492032 258.0752 6
0 394.557792 380.05344 424.281248 288.07712 7
0 546.459904 421.434464 578.822656 375.278496 8
0 339.645152 171.38912 358.354208 107.07488 9
0 371.610016 265.03104 407.602784 191.54496 10
0 309.394624 271.17952 350.766656 176.62848 11
0 547.991136 388.247456 577.259424 351.674464 12
0 367.099296 218.2784 410.039904 161.9968 13
0 326.774496 140.90864 363.818784 79.05936 14
0 565.290048 405.92384 586.063552 318.1696 15
0 576.563328 270.328256 591.499392 221.865024 16
0 400.615136 288.709024 438.217504 225.817696 17
0 408.939296 226.93344 428.420064 144.45216 18
0 547.647584 317.449152 574.541216 258.856768 19
0 349.52128 123.377664 377.6608 64.199936 21
0 542.944928 362.447616 566.341472 318.036224 22
0 505.401024 353.06752 536.446016 275.17056 23
0 528.101376 430.41856 547.451904 324.42688 24
0 605.347488 429.889632 630.815072 374.480288 26
0 517.757856 302.31712 540.226144 220.25184 28
0 590.094208 279.03456 602.643072 205.50944 29
0 592.488512 362.922208 607.092928 305.235232 31
0 571.627488 362.70272 590.547232 309.9168 32
0 590.020512 449.87296 605.583968 359.14336 25
0 538.434048 433.175936 575.092992 393.043584 30
0 464.386304 323.0176 494.393856 256.93504 27
0 505.447904 290.006496 533.959456 245.384224 20
