0 478.485312 367.22176 505.486528 284.82944 1
0 309.38768 405.2016 352.67696 288.76832 2
0 324.852032 243.84416 367.153088 160.13152 3
0 537.56816 485.43008 575.52112 412.05856 4
0 287.01984 303.04 309.24768 178.6304 5
0 404.021184 357.38144 440.031296 260.1328 6
0 392.273088 383.2432 424.767552 288.7056 7
0 547.127008 417.149024 578.506272 375.200416 8
0 339.561952 173.53696 357.805088 105.99712 9
0 371.28848 266.3472 408.73712 192.33568 10
0 311.027712 227.18496 328.136448 124.23648 11
0 548.320544 386.910688 576.873696 351.261472 12
0 379.895808 219.642592 415.169792 168.569888 13
0 327.368736 139.403552 363.844064 79.604448 14
0 563.240992 396.61248 583.998688 311.18656 15
0 561.718976 267.046368 583.919424 233.589792 16
0 396.67456 284.157536 435.77856 226.695584 17
0 405.41792 223.56032 426.03552 133.28576 18
0 546.696128 317.585888 574.587712 257.665312 19
0 349.817632 125.469152 377.103328 65.189408 21
0 542.818176 357.813536 566.374784 318.843104 22
0 502.442624 356.15296 533.486976 276.13376 23
0 528.506048 431.7088 546.674752 323.15328 24
0 605.414016 427.370208 630.872704 374.137632 26
0 517.728576 304.08736 540.539584 221.18112 28
0 587.490656 281.71776 601.459104 213.95456 29
0 590.01344 361.412512 606.89408 306.870368 31
0 572.65792 370.455008 590.84416 308.957472 32
0 589.649536 448.54688 605.473664 354.72992 25
0 539.191296 432.337632 575.576064 392.582688 30
0 467.254976 321.72832 497.159744 256.9072 27
0 504.443232 292.576896 533.773728 246.066304 20
