0 478.379456 366.92096 506.110784 286.01344 1
0 312.504096 406.70752 352.020704 288.01632 2
0 324.102144 248.07424 367.092736 159.45472 3
0 521.18864 488.14976 566.56688 415.6544 4
0 288.677888 312.16032 311.306752 183.53632 5
0 402.383584 351.00896 438.311456 259.18752 6
0 394.673696 377.63776 425.090784 285.5968 7
0 548.740768 418.132672 579.657312 376.052288 8
0 335.089632 175.00768 358.373408 105.59008 9
0 375.51664 262.71264 413.99376 192.13024 10
0 419.163456 436.536 460.470464 335.85056 11
0 547.753152 390.650624 579.811648 353.767936 12
0 363.354208 209.748704 404.109472 160.194336 13
0 335.308096 143.55584 373.896384 74.37312 14
0 573.370944 388.116448 593.493696 335.205152 15
0 578.545248 266.418752 596.124832 215.534528 16
0 406.10928 314.57632 442.91856 231.37312 17
0 414.83904 259.08608 447.77344 170.51264 18
0 546.976512 315.718656 574.747648 259.889664 19
0 344.817472 120.172832 377.425088 64.519648 21
0 542.666496 362.875328 565.901824 315.269952 22
0 504.82672 357.80256 536.08464 274.85664 23
0 526.931296 428.53984 549.204384 323.99776 24
0 604.805216 429.309056 630.488224 374.886784 26
0 518.87792 306.20544 541.11568 220.90112 28
0 585.242144 349.622848 598.792416 294.415552 29
0 595.777216 380.01696 606.817344 311.23808 31
0 571.82224 356.364992 594.48944 310.609728 32
0 540.71776 469.89024 575.84544 394.3184 30
0 463.74016 324.0864 492.86016 257.00288 27
0 505.346304 290.517856 534.382336 245.342624 20
0 583.291872 429.540352 604.000288 381.265408 25
