0 480.280736 365.12352 505.000544 285.20736 1
0 302.850272 406.44224 350.889248 290.96064 2
0 323.643808 248.62464 368.927072 159.6736 3
0 519.95792 485.84672 566.10288 416.456 4
0 287.552928 317.08192 310.007392 185.14528 5
0 403.2112 349.46944 438.36704 258.5984 6
0 394.061728 379.59776 423.949152 285.7424 7
0 548.91936 420.020064 580.04576 376.328096 8
0 338.26896 173.66112 358.40304 105.93184 9
0 378.32352 258.97248 412.75104 191.2624 10
0 441.274144 401.88448 478.887136 324.31328 11
0 547.499744 393.163456 579.496736 354.909504 12
0 363.644672 204.292352 403.986688 160.265728 13
0 334.99648 134.941696 374.33856 73.837824 14
0 572.269344 386.457472 593.328096 333.623168 15
0 578.919904 266.149568 596.276256 215.781952 16
0 406.137728 313.11584 444.036992 232.44576 17
0 442.962528 278.6736 481.521312 209.67328 18
0 549.878816 315.355712 575.008224 259.300288 19
0 344.870016 101.663776 372.544384 64.266464 21
0 542.68592 363.316864 566.00272 314.971776 22
0 503.915008 355.4352 535.855872 274.67296 23
0 520.165056 427.5024 549.592384 325.33728 24
0 612.356768 426.504224 631.165792 374.178016 26
0 518.652064 307.584 540.919136 221.20704 28
0 568.876256 348.961344 593.178144 302.632896 32
0 542.070592 468.29248 576.160448 395.15072 30
0 466.139776 323.89312 495.268224 252.66624 27
0 504.1728 289.62064 533.77024 243.87184 20
0 576.174336 441.709888 603.613184 381.829312 25
0 593.40656 345.136352 607.40368 311.847968 29
0 593.690304 436.70912 613.978176 336.29952 31
