0 460.576768 356.0176 493.971712 284.97568 1
0 312.116896 406.17504 352.128864 288.34144 2
0 323.288032 246.17856 366.511648 159.24864 3
0 536.58112 488.82144 579.03104 406.37472 4
0 288.746464 313.51968 310.511136 184.33248 5
0 400.018976 351.24448 439.291104 260.85664 6
0 394.156544 386.37024 428.964096 295.95808 7
0 545.617696 430.80528 581.449184 381.40848 8
0 338.979424 172.2096 358.035616 107.02752 9
0 371.44768 265.83136 407.35296 191.94528 10
0 310.016352 175.99648 328.148128 90.77984 11
0 546.86032 391.202816 579.43728 350.731264 12
0 407.266496 223.830048 433.392704 162.886112 13
0 327.348448 137.73648 358.853152 78.28656 14
0 559.670016 324.480864 577.037824 288.874656 15
0 542.77616 330.048224 560.99216 283.661856 16
0 391.567264 288.73376 427.311456 223.60672 17
0 389.135424 199.289056 418.055616 136.347424 18
0 554.618592 295.141024 574.694688 257.405536 19
0 503.693504 287.847296 531.574336 240.545664 20
0 354.419424 146.51648 379.769376 74.42176 21
0 544.501312 367.445216 570.262208 320.895264 22
0 499.158688 343.1504 536.372832 276.36064 23
0 525.547552 436.19104 545.930208 319.93056 24
0 582.478272 452.37216 601.645888 386.7024 25
0 603.701888 427.469376 631.509632 378.588864 26
0 511.530464 290.79488 536.574496 215.12512 28
0 588.74896 281.79264 601.3912 215.48352 29
0 583.618656 339.372576 597.368224 292.321504 30
0 592.899264 386.82624 606.741056 318.44736 31
0 570.763872 381.91328 590.357408 310.06368 32
0 467.04576 328.98848 498.3776 256.77792 27
