0 479.394208 359.3824 504.097632 287.06496 1
0 297.3728 390.8752 347.6768 286.84512 2
0 323.55952 248.9472 369.38256 160.00768 3
0 522.192224 487.60992 566.546336 416.4208 4
0 287.400032 313.47712 310.007968 184.80384 5
0 400.990528 351.00672 437.993152 259.5136 6
0 395.20384 377.96448 424.32768 284.11296 7
0 549.409536 417.957664 579.512064 377.740256 8
0 338.916416 173.19488 358.299584 106.41344 9
0 377.782944 258.39776 412.988256 191.832 10
0 442.129632 399.25856 482.098208 326.57696 11
0 548.358624 392.74784 579.966496 353.368 12
0 363.642976 207.45008 403.877024 160.37072 13
0 335.016 142.07296 374.60064 74.97536 14
0 573.38112 385.972544 594.14912 335.112896 15
0 578.391712 265.982848 596.049248 215.815552 16
0 406.650272 312.52352 444.485728 233.7408 17
0 463.826592 279.78016 496.296288 218.70816 18
0 549.796448 315.840032 574.768032 259.135968 19
0 344.331584 101.708704 372.638656 63.426656 21
0 543.180384 363.71888 566.399136 316.40656 22
0 502.779232 349.78944 536.145568 274.64832 23
0 520.230944 425.89248 545.490656 319.36448 24
0 612.475008 432.279584 631.125632 373.815776 26
0 518.864672 303.52064 542.124768 219.88672 28
0 570.34336 351.313568 593.31872 302.886752 32
0 542.162752 467.57184 575.912128 394.9088 30
0 466.149056 320.92192 495.283264 252.27744 27
0 505.063264 290.318144 534.692256 244.080576 20
0 576.958528 433.201568 604.669632 379.680352 25
0 592.97216 350.635968 607.13152 312.887872 29
0 594.713792 443.61216 614.314048 341.86112 31
