0 460.759136 355.9344 496.254624 284.49056 1
0 310.507392 406.23872 352.212608 288.19712 2
0 323.037056 246.61824 366.289024 157.05792 3
0 539.033504 483.90048 578.794336 406.00288 4
0 288.45392 310.65248 310.61296 184.312 5
0 405.221408 351.85216 439.268832 261.24736 6
0 393.798112 385.6016 428.909088 296.23264 7
0 546.817408 431.311264 582.090112 381.936736 8
0 339.335872 170.771264 358.143808 106.938816 9
0 371.883808 265.56256 408.446432 191.99264 10
0 309.51696 169.76352 330.29104 85.0 11
0 546.106976 391.65728 579.193504 349.47936 12
0 407.390592 224.822208 433.808768 162.354752 13
0 328.183648 134.95184 359.286432 77.40656 14
0 558.822976 322.652928 577.089984 289.097472 15
0 543.637344 347.331968 560.106656 283.901312 16
0 390.884352 288.87712 427.801088 222.96288 17
0 389.246848 200.57472 418.392192 136.0768 18
0 554.793376 295.494784 574.576224 256.972416 19
0 504.185312 287.756096 531.883808 240.113344 20
0 357.89216 148.40704 379.40448 77.76512 21
0 553.165536 360.627328 579.511584 320.115072 22
0 498.77856 341.73184 536.6928 277.64224 23
0 525.809792 435.35328 546.318208 320.40736 24
0 590.011168 447.7216 605.364192 355.8368 25
0 603.756896 427.296864 630.710944 383.631776 26
0 511.308672 288.30848 535.937408 214.43456 28
0 588.853856 282.53664 601.442464 214.91616 29
0 584.06864 334.362592 596.98992 291.408928 30
0 593.362368 365.128832 606.880832 319.513728 31
0 569.728256 386.03072 591.193344 310.12032 32
0 467.04576 328.98848 498.3776 256.77792 27
