0 460.236832 355.60608 494.232288 285.11072 1
0 311.190304 406.22272 352.245216 288.27328 2
0 323.070784 248.97632 364.716736 160.18208 3
0 538.988992 487.47328 578.599488 406.77568 4
0 288.594752 311.34528 310.395328 183.75232 5
0 400.210816 350.89888 439.359104 261.09216 6
0 393.868512 386.17312 428.992288 295.86336 7
0 549.370912 428.299392 581.775328 380.609408 8
0 338.996672 173.26976 357.873728 107.13216 9
0 372.06768 266.92704 406.58064 191.56128 10
0 311.579936 181.59392 329.021664 93.08768 11
0 546.993984 391.626816 577.125056 352.908224 12
0 398.84768 220.445536 427.54976 166.332064 13
0 327.438912 134.07568 358.908608 78.48112 14
0 560.152288 352.053152 573.489952 293.415008 15
0 541.495232 324.45488 560.511808 279.07408 16
0 392.123392 285.39552 427.098368 222.8592 17
0 388.648192 192.786912 416.971008 135.745568 18
0 554.997184 303.314144 574.473536 257.656096 19
0 502.800032 287.507264 531.240288 239.294656 20
0 353.456352 140.26144 379.096608 69.58432 21
0 542.837664 361.012384 568.087136 319.384416 22
0 498.833664 340.936 534.098176 276.31712 23
0 524.7632 429.10208 546.38304 320.99456 24
0 576.67648 475.46752 597.12448 407.73632 25
0 601.191872 431.605024 630.978368 374.789856 26
0 516.493888 297.08352 539.101632 218.832 28
0 587.930464 281.47264 601.361056 215.824 29
0 584.058176 338.548096 597.235904 291.699584 30
0 591.370112 388.5216 606.228608 315.96736 31
0 572.521312 382.83872 590.528928 312.13728 32
0 467.04576 328.98848 498.3776 256.77792 27
