0 460.494528 356.5152 496.730432 284.46528 1
0 310.488 405.97632 352.10912 288.38784 2
0 324.890176 239.35872 367.505344 157.4656 3
0 536.824288 483.82144 578.723872 405.97184 4
0 288.270432 309.62688 310.441888 183.90784 5
0 405.55744 352.5216 439.21056 261.69664 6
0 394.02752 387.9424 429.05088 296.29824 7
0 547.873632 431.82496 582.523808 382.37152 8
0 339.268608 167.409792 358.214912 107.119488 9
0 372.211424 266.4016 406.383136 192.6896 10
0 309.41344 169.57408 330.32416 85.3264 11
0 546.310784 392.248384 579.870336 349.823936 12
0 408.37328 226.46976 433.96528 162.40832 13
0 328.101216 135.794208 361.100704 76.633312 14
0 558.874624 329.225312 578.995456 288.539808 15
0 543.695616 356.33152 559.997184 284.32768 16
0 391.206848 288.202016 427.986752 224.610784 17
0 389.306784 201.84768 420.499296 134.79872 18
0 554.888704 298.758848 574.396416 256.885312 19
0 504.093952 288.367456 532.035328 239.609504 20
0 360.711104 159.28608 384.611136 84.76896 21
0 559.409984 383.1256 588.111296 323.37168 22
0 498.989376 338.302752 537.038784 277.713888 23
0 525.355328 431.46336 546.613952 318.96224 24
0 590.136864 447.6464 605.352416 355.79936 25
0 605.24016 430.335392 630.09808 382.599008 26
0 511.47472 283.46688 534.84592 213.9744 28
0 589.372512 281.58528 601.316768 215.64224 29
0 583.786112 334.85056 597.211008 290.73664 30
0 592.94736 370.0512 607.9256 323.056 31
0 570.061056 357.442016 590.783744 309.784864 32
0 467.04576 328.98848 498.3776 256.77792 27
