0 480.351328 366.53728 504.682912 285.81344 1
0 301.490112 406.11424 350.750528 291.10816 2
0 323.647456 248.11072 369.517344 159.64864 3
0 520.492896 486.18816 566.477984 416.43456 4
0 287.42128 317.67744 309.95216 184.69056 5
0 401.946624 350.1392 438.118656 259.37504 6
0 394.52688 376.80096 424.15728 284.83872 7
0 549.086688 420.735136 580.055072 376.615264 8
0 338.57104 173.22944 358.47472 106.10624 9
0 378.038304 258.30432 412.720096 191.46336 10
0 440.282912 400.0688 479.285728 324.18848 11
0 547.460704 393.839968 579.620256 354.883232 12
0 363.524032 207.81056 403.955008 160.44032 13
0 334.94224 135.721504 374.28016 74.473696 14
0 572.4904 386.181952 593.40272 334.012608 15
0 578.679232 266.186048 596.273728 215.795392 16
0 406.55248 310.70976 444.5592 233.6448 17
0 449.125696 277.886272 485.052864 214.501568 18
0 549.917152 315.83808 574.894368 259.37856 19
0 344.332384 101.843776 372.440736 63.465664 21
0 542.753504 363.381536 566.008096 314.913504 22
0 503.612 355.36992 535.88624 274.55776 23
0 520.311456 427.1632 549.412704 324.78944 24
0 612.427936 428.296192 631.111264 374.147328 26
0 518.742304 307.00224 541.271776 220.74816 28
0 569.147424 349.906912 593.211616 302.763808 32
0 542.191584 467.26016 576.217376 395.25632 30
0 465.8656 323.61312 495.46432 250.40544 27
0 504.409536 290.30592 533.932864 244.09408 20
0 576.237952 440.74736 603.723648 381.14192 25
0 593.382912 346.993664 607.043328 311.928576 29
0 594.069728 436.63328 614.654752 339.49728 31
