0 460.669408 356.01536 495.686432 284.60032 1
0 311.731648 405.98784 352.210752 288.32128 2
0 323.214624 244.84832 366.518496 158.22752 3
0 538.039136 484.51104 578.910624 406.1296 4
0 288.564384 310.83296 310.825056 184.2224 5
0 405.074784 351.62432 439.286176 261.15648 6
0 393.94752 385.4672 428.78016 296.12384 7
0 546.001536 431.393152 582.020224 382.745728 8
0 339.37424 172.1136 358.11184 106.87392 9
0 371.654464 265.1744 408.263616 191.98912 10
0 309.570816 172.90144 329.844224 84.86112 11
0 546.249696 390.992864 579.251744 349.045536 12
0 407.492224 224.980672 433.575296 162.243648 13
0 328.215968 135.313152 359.653472 77.321728 14
0 558.883072 323.185568 576.940288 289.078112 15
0 543.903584 349.70752 560.416416 283.96544 16
0 390.659552 288.26848 428.116768 223.64064 17
0 389.077984 200.67904 418.297376 136.29504 18
0 554.778944 294.435776 574.582976 257.134144 19
0 503.997248 287.825504 531.980992 240.269216 20
0 357.604512 147.05408 379.250528 77.56544 21
0 552.687776 360.596768 579.317344 321.356512 22
0 498.890208 339.674432 536.601632 277.496768 23
0 525.652928 433.59264 546.356032 319.3136 24
0 589.495296 448.20064 605.049344 357.75264 25
0 604.188448 425.881632 631.360992 385.172448 26
0 511.455424 287.20384 536.068416 214.3232 28
0 588.915008 282.4832 601.460672 214.83008 29
0 584.020576 334.211712 596.989344 291.346048 30
0 593.54864 366.625952 606.69968 319.352928 31
0 569.875648 383.28256 591.081792 310.13696 32
0 467.04576 328.98848 498.3776 256.77792 27
