0 476.193824 368.22912 503.446496 286.57024 1
0 309.52512 405.12096 352.85184 288.7568 2
0 325.056448 247.26624 366.765632 160.38816 3
0 537.040384 485.12416 575.543296 412.02272 4
0 286.946656 304.61952 308.849824 177.9328 5
0 404.400416 359.74784 440.053984 261.33248 6
0 392.571456 382.35136 424.644544 289.93024 7
0 546.929952 417.141408 578.621408 375.193952 8
0 339.454304 173.3264 357.538976 105.75968 9
0 371.471648 266.45536 407.936992 192.18912 10
0 314.281184 210.10848 332.222496 113.41024 11
0 548.018048 386.898688 576.789632 351.681792 12
0 382.978176 222.282176 417.949824 169.466944 13
0 327.60576 136.784576 364.54144 79.680064 14
0 562.80096 394.85888 583.9728 310.64256 15
0 551.242432 269.427424 579.609408 233.377056 16
0 395.767776 285.772576 434.725664 227.264224 17
0 402.129984 208.80544 425.652416 124.78048 18
0 546.539456 318.562912 574.969664 257.210528 19
0 350.002592 129.91488 376.691808 65.3568 21
0 542.7 358.942976 566.46352 318.664704 22
0 500.540256 349.7264 531.887264 273.52608 23
0 528.416 431.0256 546.57792 324.04768 24
0 605.73296 427.71488 630.81872 374.10016 26
0 517.687072 305.6496 540.446688 221.02816 28
0 586.789248 282.84064 601.626752 214.30496 29
0 589.597568 361.21024 607.021952 308.13632 31
0 572.524128 371.96528 590.817952 309.26352 32
0 589.868736 442.81248 606.132544 353.86848 25
0 538.95472 433.590528 575.58608 393.019392 30
0 465.327168 320.76224 494.306752 255.6064 27
0 503.623328 295.171936 534.221152 246.394784 20
