0 462.569792 357.83808 500.393408 288.03072 1
0 311.302848 407.38112 352.460352 289.7248 2
0 323.341344 256.85216 366.189536 161.45696 3
0 538.340448 485.80512 576.560032 412.03168 4
0 287.612704 309.4368 308.530656 179.70368 5
0 402.57968 356.17856 439.95984 261.648 6
0 394.112672 379.63296 424.928608 289.19264 7
0 546.83888 416.782848 578.8008 375.421952 8
0 338.82976 174.1248 358.22752 106.656 9
0 371.26016 265.97888 406.02752 191.88352 10
0 312.04688 181.21568 334.18544 105.82816 11
0 548.67632 385.426976 576.66 350.525664 12
0 390.942816 221.517088 423.833504 167.980512 13
0 327.338752 134.27872 359.349248 78.91424 14
0 561.197216 368.43248 581.389664 307.1848 15
0 541.943168 281.104256 561.982592 233.620864 16
0 392.55136 285.619904 431.23488 222.911296 17
0 390.244864 183.19872 417.609216 133.96224 18
0 547.9616 316.405376 574.60608 257.768064 19
0 503.404352 288.529888 532.310208 241.448992 20
0 352.002688 129.30944 377.401472 67.5392 21
0 542.569408 357.407616 566.192192 317.643904 22
0 499.200256 349.4304 533.388544 274.89984 23
0 527.65408 431.44384 546.23648 320.6432 24
0 603.712992 429.635904 630.587168 374.109376 26
0 517.327616 306.44032 540.136704 221.87712 28
0 588.366272 282.728 601.270848 215.4672 29
0 588.120448 357.71168 606.965632 308.52704 31
0 572.426528 380.21504 590.525152 307.36128 32
0 589.50928 425.64512 605.43984 340.1712 25
0 538.526176 433.455936 575.292704 392.818624 30
0 466.503552 297.823872 496.453248 257.006208 27
