0 478.08192 368.53888 505.71968 286.86336 1
0 310.05296 406.3712 352.4776 288.33984 2
0 323.980704 251.15936 366.164576 159.13312 3
0 532.171136 484.39296 576.239744 414.6624 4
0 288.592928 312.86432 309.929952 181.77376 5
0 401.065216 351.33888 438.937344 258.77312 6
0 395.964512 377.4352 424.973728 286.60576 7
0 543.163296 416.347392 577.591904 375.637248 8
0 338.466528 173.55712 358.594592 106.61184 9
0 371.477344 261.18496 409.186976 191.592 10
0 350.356608 363.76992 392.644992 243.1088 11
0 550.762656 390.887552 579.685984 353.628288 12
0 363.594528 210.033184 405.639392 159.752416 13
0 326.563328 140.47392 365.677312 79.44672 14
0 572.934592 384.552224 593.013568 333.907936 15
0 579.302656 264.932512 595.472384 215.181408 16
0 405.99152 307.752 443.05552 228.99424 17
0 409.457792 228.63968 427.319168 145.04608 18
0 547.395168 316.510848 574.170272 259.161472 19
0 350.3456 124.895968 378.20992 64.792352 21
0 542.525888 366.481824 565.287232 317.561696 22
0 504.549664 352.7696 536.723936 274.5968 23
0 529.160736 433.9696 547.789024 320.73248 24
0 606.052992 430.300128 630.869888 374.844192 26
0 518.192864 304.08672 541.074976 219.84544 28
0 582.856096 298.79472 607.081824 243.53488 29
0 590.603904 364.83632 606.925696 310.03728 31
0 567.105664 348.324096 590.897536 310.237184 32
0 591.111488 440.16032 605.847232 360.61792 25
0 538.714112 434.462432 575.710208 394.356768 30
0 464.38224 322.14848 493.16528 256.0992 27
0 505.446176 288.907008 534.137824 245.021952 20
