0 460.87136 357.4896 497.43008 285.608 1
0 309.733824 405.09824 352.740416 287.73888 2
0 323.370432 259.60768 365.721408 160.46784 3
0 536.482272 485.31584 575.074848 412.37632 4
0 288.708256 308.42048 311.319904 183.408 5
0 400.711904 352.61216 439.935776 262.58784 6
0 395.789696 385.33312 428.302464 295.08544 7
0 544.837216 419.142272 577.923744 376.201088 8
0 339.076224 173.4576 358.151296 106.37856 9
0 371.19328 266.3344 406.76384 192.04896 10
0 311.910272 181.44288 332.884608 104.21728 11
0 548.706144 386.293728 576.815776 350.645792 12
0 393.071648 220.501376 424.690912 169.938304 13
0 326.811872 135.374816 358.843168 79.656224 14
0 558.782272 357.95856 577.379008 299.52368 15
0 539.461312 319.79616 555.668288 247.83008 16
0 391.527424 286.44384 428.221696 223.192 17
0 383.420128 191.495008 416.024352 136.393632 18
0 551.077408 310.503008 574.480352 257.532832 19
0 502.530144 286.703392 532.203936 240.121568 20
0 353.403328 126.592832 378.697792 69.844928 21
0 541.627936 357.511744 565.392864 317.009856 22
0 498.509728 349.61216 533.569632 275.38112 23
0 526.658208 429.79232 546.294112 323.80512 24
0 600.825184 430.737024 630.995616 374.335616 26
0 516.76432 284.92032 539.23696 220.5504 28
0 587.800256 282.18816 601.591104 214.60544 29
0 588.608 359.007168 606.7712 309.694272 31
0 574.477664 380.06176 590.932896 314.78496 32
0 540.36592 431.883104 574.78928 395.156896 25
0 588.508768 405.64064 604.135072 325.55296 30
0 465.557888 312.415712 497.579392 256.066848 27
