0 456.630816 356.66368 494.004704 282.83456 1
0 310.772384 406.33088 352.538976 288.73472 2
0 327.994112 237.33504 371.369728 160.00768 3
0 539.20624 485.7392 578.72784 406.17248 4
0 285.540928 310.21344 307.306432 182.33952 5
0 404.545056 363.27488 443.166944 266.92928 6
0 390.943488 384.40352 429.120512 295.14336 7
0 544.830656 433.94048 582.908224 383.88736 8
0 339.688032 164.757248 358.197408 107.072512 9
0 372.480128 267.53952 405.916032 192.27232 10
0 309.193184 175.36736 327.162656 85.67456 11
0 545.7104 394.38496 579.81792 351.38912 12
0 407.84832 233.64928 434.47616 163.07776 13
0 329.189472 137.812544 363.307168 78.591936 14
0 559.347584 324.162368 581.817216 286.788032 15
0 543.55152 361.14912 560.03504 285.4544 16
0 386.875776 288.48384 422.379904 223.93856 17
0 391.404768 201.88448 419.384352 134.3536 18
0 554.338912 299.377984 574.966688 257.318336 19
0 504.132512 288.746496 532.109408 238.604544 20
0 364.14912 167.00992 385.18464 88.93376 21
0 557.447936 379.572192 587.026944 320.106528 22
0 499.323072 340.017824 536.779328 277.888096 23
0 525.316576 431.59232 545.928224 317.90656 24
0 588.88832 435.52704 604.61952 344.74304 25
0 609.711584 430.36208 631.051296 375.27376 26
0 467.725024 323.56128 499.515936 256.31072 27
0 511.909568 279.41184 534.659392 214.12544 28
0 589.474624 283.590144 603.316416 219.781376 29
0 583.315008 333.59104 597.126592 290.33088 30
0 593.229056 382.279904 608.743424 324.827936 31
0 570.396768 380.49248 591.543712 310.1392 32
