0 478.42272 367.84832 506.2864 285.87584 1
0 313.048352 406.79872 352.003808 288.43712 2
0 324.188448 256.6576 366.618592 159.3616 3
0 521.622368 488.43168 566.782112 415.31616 4
0 288.638016 312.61792 310.503104 182.4208 5
0 402.250208 351.37312 438.356512 259.11392 6
0 394.697536 378.16256 425.031104 285.48928 7
0 548.599296 418.76768 579.508224 376.05344 8
0 333.630848 175.01056 358.467712 105.4848 9
0 376.749312 262.54016 413.728768 192.02112 10
0 417.289568 436.96096 458.583712 343.31168 11
0 547.943328 390.315936 579.978592 353.883744 12
0 363.381312 210.995424 404.091328 160.067616 13
0 335.342208 143.10752 374.163072 74.68832 14
0 573.215008 390.017152 593.461472 335.049088 15
0 578.54432 266.422048 596.16288 215.541472 16
0 405.892224 312.1712 442.756736 231.75968 17
0 413.92448 255.63776 440.4128 165.64224 18
0 546.944896 315.639744 574.688384 259.928896 19
0 350.84688 120.503808 377.60112 65.029632 21
0 542.60048 362.492256 565.8424 314.805664 22
0 504.500416 356.13568 535.997504 274.59328 23
0 527.140672 429.69504 548.813248 324.38368 24
0 604.711872 429.464928 630.511168 374.723232 26
0 518.869024 306.68128 541.073376 220.86688 28
0 584.379072 346.882368 598.550848 289.013952 29
0 595.163104 381.39072 606.849056 311.25952 31
0 570.570528 355.33744 594.557152 311.73328 32
0 541.086464 467.96288 575.819776 394.4832 30
0 463.787008 324.43808 493.229312 256.72928 27
0 505.38208 290.945408 534.40032 245.089152 20
0 585.541504 429.555648 603.890816 380.524352 25
