0 478.470272 367.91232 506.329728 286.2048 1
0 312.905664 406.7008 351.990336 288.59648 2
0 324.260032 259.27936 366.353728 159.43296 3
0 521.52464 488.32512 566.86448 414.72768 4
0 288.6888 309.8784 310.3384 181.79392 5
0 402.211616 351.03904 438.392544 259.3008 6
0 394.584992 378.10432 425.217888 285.59232 7
0 548.899808 418.178688 579.610912 376.181632 8
0 333.438272 175.08512 358.463168 105.21824 9
0 376.570336 262.58848 413.839904 192.15072 10
0 414.525312 436.90528 457.251968 345.02752 11
0 547.91072 390.318912 579.93312 353.992128 12
0 363.430912 211.1232 404.083968 160.04864 13
0 335.282496 144.08672 374.122944 74.57824 14
0 573.260736 389.965376 593.519424 335.245504 15
0 578.555552 266.474208 596.151648 215.511072 16
0 405.933856 313.85088 442.704864 231.7696 17
0 413.071424 248.00928 437.653696 162.4112 18
0 547.038336 315.509536 574.656384 259.929824 19
0 351.041888 120.640256 377.644192 65.059584 21
0 542.491584 362.487424 565.801536 314.848896 22
0 504.497344 355.82208 535.996736 274.70848 23
0 527.032928 428.97344 548.794272 324.2592 24
0 604.620544 429.545152 630.434816 374.640448 26
0 518.877408 307.02656 541.044512 220.87744 28
0 584.601152 358.37984 599.086528 286.23968 29
0 595.63872 380.38848 606.94176 311.03168 31
0 569.913056 355.144704 594.482464 311.887616 32
0 541.184032 467.30912 575.804128 394.39584 30
0 463.812032 324.5776 493.569088 256.61536 27
0 505.377024 290.79504 534.386176 245.09232 20
0 585.15712 431.17632 603.8976 380.37312 25
