0 478.563072 367.95808 506.588928 286.22304 1
0 310.991168 406.25056 352.540352 288.73312 2
0 323.329024 228.45888 365.244416 158.07424 3
0 532.314144 484.83488 575.671776 412.39264 4
0 287.257024 308.2 308.863296 180.3056 5
0 403.173024 350.70656 438.179936 258.6144 6
0 395.556832 379.7968 425.060128 287.07936 7
0 545.740448 416.607392 578.386272 374.888288 8
0 339.450144 171.30656 358.446816 106.51872 9
0 371.826944 264.03616 406.864896 190.97952 10
0 321.505888 283.02592 372.225952 197.4016 11
0 549.305344 386.8976 577.552896 352.15008 12
0 365.666528 219.620736 409.130272 161.033344 13
0 326.773888 141.823424 363.548032 79.057216 14
0 565.151552 398.1504 586.592448 318.8032 15
0 579.39856 265.616256 594.04528 215.137664 16
0 403.50432 300.96672 441.064 225.74304 17
0 409.5296 227.24736 428.2112 144.44416 18
0 547.454016 317.348608 574.175424 259.188992 19
0 349.88912 125.142016 377.42736 64.797184 21
0 542.552512 364.370432 565.932608 317.776128 22
0 504.675968 353.944 536.496512 274.31712 23
0 528.522944 434.32128 547.398976 320.96704 24
0 605.388 429.903968 630.85264 374.843552 26
0 517.917728 303.17472 540.454112 219.98048 28
0 591.38208 291.94048 604.45408 215.4976 29
0 592.552288 363.465376 607.109792 307.799904 31
0 572.528448 365.955776 591.370432 311.594304 32
0 590.510944 444.40736 605.652896 359.4416 25
0 538.76752 434.257056 575.46096 392.914784 30
0 464.496576 322.24288 493.591104 256.13664 27
0 505.563904 291.475136 534.784256 245.107264 20
