0 463.019584 360.88384 500.995776 288.39744 1
0 310.475136 407.40288 352.448384 289.47776 2
0 323.374432 254.52064 366.642848 161.39872 3
0 538.283456 484.80544 576.556864 412.35808 4
0 287.349952 309.26688 308.520768 179.68416 5
0 402.685312 355.84704 439.963008 261.64416 6
0 394.274464 380.13408 424.889696 288.77472 7
0 546.853312 417.003872 578.868288 375.350688 8
0 338.828064 174.1312 358.153696 106.71104 9
0 371.403264 265.9296 406.191616 191.83936 10
0 312.030432 180.84704 334.136608 105.8704 11
0 548.67856 385.37184 576.7256 350.59488 12
0 390.74432 221.933568 423.28704 168.219392 13
0 327.33568 134.37456 359.19232 78.98224 14
0 561.209408 378.29088 581.621952 307.67008 15
0 542.275168 281.406784 562.876832 232.989376 16
0 392.463008 285.717472 431.577952 223.260448 17
0 390.082112 188.147648 417.690048 133.739072 18
0 547.820128 316.271264 574.600352 257.785696 19
0 503.317824 288.788928 532.313536 241.717312 20
0 352.135776 131.54144 377.191584 67.17856 21
0 542.633568 357.316768 566.377632 317.413472 22
0 499.170784 349.93856 532.840736 274.73984 23
0 527.493792 432.08128 546.262368 320.27072 24
0 604.661312 429.418048 630.598848 373.938112 26
0 517.3576 307.29376 540.1208 222.21024 28
0 588.283456 282.72256 601.284544 215.4752 29
0 588.368448 357.669184 606.954432 308.458176 31
0 572.376448 375.04768 590.465152 307.57248 32
0 589.830272 435.02976 605.949568 344.18816 25
0 538.7256 433.595488 575.38896 392.860832 30
0 466.451552 297.836576 494.868128 256.856544 27
