0 476.318368 367.03584 504.170592 286.00096 1
0 309.605248 405.00288 352.831872 288.81984 2
0 324.96736 246.91744 366.94688 160.26976 3
0 537.110208 485.064 575.510592 412.05216 4
0 286.961184 303.5488 308.924896 177.91936 5
0 404.086112 358.08416 439.934368 260.99168 6
0 392.411968 382.97792 424.734912 289.63776 7
0 546.897376 417.031616 578.630944 375.142464 8
0 339.476832 173.4928 357.616288 105.69952 9
0 371.445856 266.51456 408.034464 192.2976 10
0 312.942848 212.76032 331.126272 116.71808 11
0 548.035104 386.96752 576.773856 351.52336 12
0 381.994336 221.845536 417.100704 169.199584 13
0 327.529888 135.710976 364.456032 79.878144 14
0 562.93568 395.82272 583.88544 310.74112 15
0 554.2648 268.839872 581.07856 233.822528 16
0 396.042944 285.417888 434.712896 227.218272 17
0 402.983904 214.8272 425.465376 126.29024 18
0 546.63696 318.461088 574.82736 257.267552 19
0 349.940384 129.093696 377.030496 65.399744 21
0 542.76464 359.453184 566.29904 318.722816 22
0 501.273024 352.23936 532.038976 274.04928 23
0 528.580064 430.256 546.570016 323.42592 24
0 605.576992 427.063008 630.803168 374.046752 26
0 517.634592 304.99232 540.417248 221.2464 28
0 587.076608 282.50944 601.714432 214.1344 29
0 589.728832 361.457056 607.025088 308.132704 31
0 572.54448 371.562432 590.87056 309.258048 32
0 589.888064 444.59776 605.870016 354.21184 25
0 538.063168 433.773696 575.593152 392.966784 30
0 465.676544 321.04704 495.010816 255.81312 27
0 503.656416 294.261664 534.090784 246.505056 20
