0 478.227808 370.45312 506.106272 284.61504 1
0 311.092224 405.37568 352.470016 288.34208 2
0 324.2688 259.46816 365.84832 159.47584 3
0 522.691104 488.17184 567.652576 411.63872 4
0 288.208032 313.8848 310.441568 181.64544 5
0 401.826368 350.41888 438.636992 260.02976 6
0 395.378432 366.07456 424.455168 286.49888 7
0 545.180384 421.977248 579.509536 375.145312 8
0 335.136736 173.8624 358.472224 105.71904 9
0 372.804448 263.0112 413.123232 191.31072 10
0 404.661152 429.17056 451.780448 352.37056 11
0 547.241376 389.225728 579.963744 352.631552 12
0 363.558176 209.344384 404.843744 159.611776 13
0 334.340704 144.4752 373.139616 73.7264 14
0 574.038336 389.783648 593.883584 334.357152 15
0 579.907648 263.898624 595.765952 215.849216 16
0 406.6728 304.70848 441.36432 230.81024 17
0 409.382528 228.03872 427.016832 146.4112 18
0 547.436992 314.792512 574.794048 259.371968 19
0 351.379712 119.95696 377.372928 65.75056 21
0 541.924544 362.964288 564.151616 313.234112 22
0 504.10064 350.68448 536.21424 274.3856 23
0 529.064736 426.18112 547.669984 322.57536 24
0 604.884288 432.181376 630.699712 374.954624 26
0 518.766656 306.15392 541.089984 221.25984 28
0 581.345184 315.556416 595.390816 254.348224 29
0 591.747008 380.23968 606.825792 311.86656 31
0 568.19808 349.634752 590.04448 311.093568 32
0 544.487712 467.67456 576.431328 394.70112 30
0 464.161376 324.376 491.889824 256.63648 27
0 505.614848 290.766592 534.903552 245.611008 20
0 579.907872 465.36544 603.839968 379.42816 25
