0 480.757664 352.90592 505.458016 287.35776 1
0 297.086816 392.28096 347.659424 287.32224 2
0 323.68928 247.86176 370.86816 160.28032 3
0 522.80064 486.92384 566.59072 416.36704 4
0 287.295264 316.12576 309.930976 184.7472 5
0 402.406176 349.00864 437.998304 259.04896 6
0 395.2816 377.10464 424.2256 284.12672 7
0 550.54624 416.973824 579.37632 378.644736 8
0 339.09216 173.72416 358.20192 106.62656 9
0 378.163968 257.70368 413.619712 191.51872 10
0 446.13744 399.3088 487.61744 326.43456 11
0 550.24944 389.060832 579.91888 352.386848 12
0 363.706048 206.42208 403.921472 160.45152 13
0 335.35296 142.28192 374.93184 75.86848 14
0 573.454624 385.465312 593.836256 335.862048 15
0 578.329984 265.833984 595.988096 215.608576 16
0 406.109984 312.23072 444.681696 234.38688 17
0 463.721856 281.280608 496.833664 219.360672 18
0 549.550464 316.983456 574.836096 258.979424 19
0 345.08816 102.220064 373.24528 63.574496 21
0 542.449216 367.436672 564.214464 319.753088 22
0 503.362752 349.63616 536.100928 274.36768 23
0 520.619264 425.01792 548.676096 318.40096 24
0 613.083936 430.377632 631.245024 373.761888 26
0 518.83584 300.08992 542.48896 219.49664 28
0 570.528768 351.388288 593.373952 302.347392 32
0 541.77584 468.4112 575.99696 394.84512 30
0 466.516128 321.96416 493.858912 255.28512 27
0 505.526944 291.284128 535.006816 244.203872 20
0 577.631392 432.200256 604.744288 379.693504 25
0 590.648128 355.5992 606.958272 312.03984 29
0 595.01216 443.37568 615.20992 344.93536 31
