0 475.973472 368.03616 502.768288 286.97568 1
0 309.74992 405.22592 352.84592 288.54176 2
0 323.3048 246.49312 366.52048 160.67872 3
0 537.210624 485.1728 575.495936 411.95104 4
0 286.895008 305.45408 308.773472 177.75616 5
0 404.677376 359.69344 439.896064 261.56864 6
0 392.625408 384.14368 424.832512 289.52672 7
0 547.129792 417.434912 578.672448 375.097568 8
0 339.337312 173.1072 357.515168 105.91744 9
0 371.431776 266.2864 407.939744 191.90368 10
0 313.981056 201.92 332.840064 111.74912 11
0 548.05056 386.701824 576.76992 351.478016 12
0 384.184256 223.376864 418.782784 170.074656 13
0 327.465792 137.84592 364.643008 79.55312 14
0 562.728256 393.09824 584.210624 310.5472 15
0 549.119936 277.63824 578.570304 233.64112 16
0 395.4352 285.963936 434.31968 226.952544 17
0 400.913984 205.42496 425.310656 124.34528 18
0 546.477568 318.558176 575.012352 257.517344 19
0 350.147072 129.17504 376.218368 65.15712 21
0 542.969856 359.282496 566.418944 318.793664 22
0 499.771136 347.72736 531.885824 273.2096 23
0 528.311456 432.0048 546.568544 323.99008 24
0 605.773088 427.552064 630.829792 373.884096 26
0 517.740096 310.02592 540.414144 220.89376 28
0 587.410624 283.01184 601.636416 214.23616 29
0 589.45376 361.177664 607.01472 308.184256 31
0 572.566176 371.235904 590.768224 309.212096 32
0 589.81552 443.1008 606.25232 353.86432 25
0 539.198464 433.47056 575.566336 392.93584 30
0 464.6608 321.11264 492.5808 255.56832 27
0 503.804608 324.03808 535.212352 245.8832 20
