0 479.93376 355.84352 504.48992 286.8368 1
0 297.555104 391.22304 347.696736 287.13856 2
0 323.65712 248.34944 369.61776 160.0512 3
0 522.514624 487.02848 566.476096 416.1216 4
0 287.380064 314.16704 309.971616 184.78336 5
0 401.846272 350.72608 437.979648 259.26304 6
0 395.275296 377.84608 424.357344 284.04448 7
0 549.82128 417.737504 579.50992 377.952736 8
0 339.100224 172.9648 358.307776 106.39008 9
0 377.939136 258.06272 412.933184 191.75744 10
0 442.8832 399.3136 483.81504 326.9136 11
0 549.558784 391.422016 579.895296 353.219264 12
0 363.725728 207.500096 403.873632 160.398784 13
0 335.152416 141.40608 374.631904 75.16352 14
0 573.380192 386.168992 594.066848 335.436128 15
0 578.299072 266.007584 595.997248 215.701216 16
0 406.648064 312.52928 444.381696 233.7376 17
0 463.734464 278.883936 496.470336 218.997664 18
0 549.829344 316.360064 574.751776 259.063936 19
0 344.594304 101.968736 372.704896 63.518624 21
0 543.010336 364.67328 565.888224 317.68704 22
0 502.969856 349.83392 536.108544 274.35424 23
0 520.211168 423.03552 544.926752 320.0096 24
0 612.696064 431.41328 631.137536 373.8488 26
0 518.820416 301.344 542.349504 219.4432 28
0 570.421856 351.313952 593.433504 302.640608 32
0 542.612416 468.17952 575.962944 394.9168 30
0 466.063776 321.18432 494.896224 252.28512 27
0 505.164352 290.897664 535.067328 243.977216 20
0 577.169632 432.785952 604.613408 379.539168 25
0 592.36416 352.843584 607.02912 312.949696 29
0 594.999872 444.66528 614.481088 343.89024 31
