0 478.351168 370.66496 506.080192 284.6976 1
0 310.757056 405.20384 352.430144 288.00704 2
0 324.252544 259.59104 365.671296 159.3952 3
0 522.29968 488.08576 567.38224 412.352 4
0 288.268288 313.46336 310.380032 181.64192 5
0 401.743136 349.808 438.576864 260.12608 6
0 395.215936 367.74848 424.476864 286.70528 7
0 545.70944 422.319712 579.5808 375.227808 8
0 335.439072 174.48288 358.544928 105.75904 9
0 372.79968 262.08128 412.95136 191.0144 10
0 404.922144 432.47744 451.990496 351.48544 11
0 547.176992 389.334176 579.964128 352.485984 12
0 363.5096 209.310208 404.8552 159.575552 13
0 334.5016 145.66976 373.4472 73.79392 14
0 573.99296 389.831648 593.83168 334.366752 15
0 579.709792 264.692544 595.778208 215.784896 16
0 406.596736 307.15648 441.234304 230.4704 17
0 409.396928 227.63264 426.935872 145.8048 18
0 547.467264 315.213792 574.784256 259.429408 19
0 351.120512 120.168 377.382528 65.89664 21
0 541.756128 363.121696 564.161312 313.157344 22
0 504.065568 351.06752 536.313312 274.59264 23
0 529.15728 426.11456 547.53904 322.20032 24
0 604.750944 431.191872 630.708896 374.911168 26
0 518.89792 305.93792 541.11872 221.21728 28
0 581.50832 316.34624 595.45168 255.91104 29
0 591.855584 380.58912 606.822176 311.86272 31
0 568.263872 349.303424 590.203968 311.305856 32
0 544.455296 468.41824 576.480384 394.72288 30
0 464.106784 324.39392 492.101856 256.79392 27
0 505.790752 291.000256 534.883808 245.516864 20
0 587.850784 433.917472 604.145376 379.704288 25
