0 478.21888 369.28928 505.3408 285.90176 1
0 308.962528 406.33024 352.437792 288.28992 2
0 323.958816 258.70784 365.570784 158.91392 3
0 532.605856 485.16672 575.924064 416.48448 4
0 288.537152 313.72288 309.981888 181.8368 5
0 401.14592 351.54656 438.90912 258.95712 6
0 395.9512 374.77408 425.07664 287.18304 7
0 542.840224 417.16272 577.574496 375.476 8
0 338.050816 173.54176 358.342144 106.64128 9
0 371.958304 263.13248 409.169376 192.08032 10
0 364.61184 377.87712 402.52416 262.08704 11
0 550.668928 390.970144 579.711872 353.212896 12
0 363.457536 212.207232 405.362944 160.050048 13
0 326.62016 140.176544 366.0544 79.442016 14
0 572.834144 384.308096 593.218976 333.590144 15
0 579.596768 261.359008 595.473952 215.099232 16
0 405.834848 309.83296 443.523232 229.54624 17
0 409.322656 228.46976 427.161184 145.22368 18
0 545.735616 316.480928 574.236224 259.224672 19
0 350.044224 124.778144 378.288576 64.874336 21
0 542.30016 365.97104 565.28896 316.45072 22
0 504.408832 350.96448 536.732928 274.96448 23
0 528.751232 433.00352 547.838848 320.97792 24
0 606.169024 430.229984 630.839616 374.881056 26
0 518.274464 302.98848 540.670816 220.2256 28
0 582.789344 298.033216 604.537376 244.442304 29
0 590.748448 366.39648 606.942432 310.424 31
0 567.157824 347.486336 590.488256 310.719104 32
0 590.994016 444.70592 605.576864 362.2048 25
0 539.317504 435.52592 575.873536 394.41584 30
0 464.304832 321.32512 495.673408 256.66912 27
0 505.401568 289.404448 533.911072 245.304032 20
