0 479.47664 366.4288 506.56752 285.64416 1
0 309.174272 406.24256 352.245248 290.09536 2
0 324.28928 241.04352 368.70912 158.57632 3
0 532.577344 484.0288 575.921856 412.04288 4
0 287.311456 305.01024 309.471904 179.6208 5
0 402.889376 348.89728 438.302304 258.03776 6
0 394.743552 380.9008 424.379648 288.33312 7
0 548.461536 420.211968 578.885664 374.906112 8
0 339.62672 171.39168 358.3944 107.02496 9
0 371.289088 265.21792 406.862592 191.46432 10
0 310.922208 272.02368 356.096032 178.3968 11
0 548.573824 388.484192 577.186176 353.935008 12
0 366.807168 220.542432 409.333632 161.331488 13
0 326.752 141.35792 363.65056 79.15152 14
0 565.029728 406.74816 586.094752 318.78784 15
0 578.79712 268.797408 593.18752 219.758112 16
0 400.71488 287.74544 438.14464 225.72656 17
0 409.162944 227.25344 428.399936 144.9552 18
0 547.852896 317.700064 574.545824 258.909216 19
0 349.411648 123.851104 377.966272 64.311456 21
0 542.705728 362.66224 566.043072 318.00464 22
0 505.052704 352.54144 536.514016 274.73152 23
0 528.255232 433.82432 547.862528 322.47136 24
0 605.375616 430.08288 630.822784 374.63136 26
0 517.67136 302.97344 540.30368 220.30208 28
0 590.192896 281.12896 602.672384 206.52288 29
0 592.689856 363.400672 607.004224 304.827168 31
0 571.8736 365.824928 590.85408 310.253152 32
0 590.281632 446.92544 605.461088 359.48096 25
0 538.816 434.008672 575.33952 392.891808 30
0 464.678144 322.9328 497.275136 256.98016 27
0 505.817024 290.748384 534.405696 245.631776 20
