0 479.270112 364.79072 505.565728 286.05728 1
0 308.104544 406.53216 352.198816 289.01984 2
0 323.798208 252.34368 367.638592 159.42464 3
0 519.97408 486.48832 566.07776 415.75808 4
0 287.582624 315.35424 310.122336 185.08992 5
0 401.823008 347.45408 438.165472 258.38912 6
0 394.409024 379.18944 424.191936 285.42368 7
0 548.727456 419.549248 580.168544 376.619712 8
0 336.968704 173.16096 358.365696 105.408 9
0 378.13504 259.53376 412.992 191.8416 10
0 434.2008 404.81664 475.38768 320.78464 11
0 547.720736 392.673408 579.675104 354.489472 12
0 363.666336 206.012768 404.200544 159.916192 13
0 335.354144 135.418752 374.373856 74.098048 14
0 571.526464 385.658048 592.213696 332.191552 15
0 578.935584 266.506752 596.227296 215.382528 16
0 405.714912 315.63456 442.064928 229.95776 17
0 428.474912 273.25088 473.053408 193.9184 18
0 548.475968 315.913248 575.095232 259.490272 19
0 349.044096 115.768416 376.797824 65.310624 21
0 542.597696 363.091456 565.863104 315.376384 22
0 504.625536 358.49376 536.191104 275.23552 23
0 521.557632 423.56896 549.409408 324.9648 24
0 605.520704 429.41472 630.508736 375.70656 26
0 518.878176 305.92768 541.006624 221.09696 28
0 592.379328 384.855872 607.115072 322.454208 31
0 571.730816 352.457856 594.340224 304.352384 32
0 542.016704 468.68544 576.358976 394.86784 30
0 464.086272 323.95232 494.864128 254.7856 27
0 503.893408 290.581952 534.045792 244.387648 20
0 577.193568 452.36896 604.112032 383.18944 25
0 592.84 354.0168 608.78176 312.0632 29
