0 460.539744 355.864 494.975136 284.648 1
0 312.556224 406.02496 352.205376 288.34304 2
0 322.99312 243.808 366.14352 159.62368 3
0 538.730368 484.13056 579.000192 406.52928 4
0 288.448608 313.48128 310.732192 184.50912 5
0 403.110016 351.29344 439.400064 261.0688 6
0 394.46592 386.01088 428.67136 296.02944 7
0 545.132352 432.030496 582.125248 382.574304 8
0 339.278144 173.23424 358.102976 107.3648 9
0 371.518144 264.75776 407.969856 192.09344 10
0 309.552416 175.4304 328.537824 84.8256 11
0 546.017632 390.76032 579.276448 350.32512 12
0 407.66048 225.545472 433.51072 162.259968 13
0 327.76608 133.238304 360.13792 77.781216 14
0 559.577216 324.72624 576.744064 289.23344 15
0 543.465504 349.2688 560.638176 284.58848 16
0 390.933248 289.25408 428.758272 224.50336 17
0 388.975488 200.57792 418.182272 136.46528 18
0 554.75616 296.530656 574.63648 257.405984 19
0 503.878208 288.007168 532.108992 240.279552 20
0 355.92288 147.50976 379.6048 76.19328 21
0 552.788064 359.643584 577.916576 323.560256 22
0 498.96096 340.124544 536.64736 277.326976 23
0 525.64352 433.02464 545.79712 318.27776 24
0 588.587072 448.04832 605.819328 364.68256 25
0 605.843168 427.433024 631.800352 384.654016 26
0 511.177728 287.51936 536.243712 214.36992 28
0 589.218496 282.2528 601.419584 214.77504 29
0 583.917696 336.4304 596.892544 291.57472 30
0 593.306208 374.077312 606.712992 319.301248 31
0 570.872736 381.09472 590.781024 310.00032 32
0 467.04576 328.98848 498.3776 256.77792 27
