0 477.32432 367.54304 506.72176 286.2592 1
0 311.352096 406.38048 352.476384 288.50976 2
0 323.684576 228.60896 364.614944 159.01472 3
0 532.93152 484.9488 575.79424 412.94176 4
0 287.622432 310.01024 309.930208 181.81312 5
0 402.326784 351.67264 438.245376 258.93216 6
0 395.578336 379.16032 425.000224 287.53664 7
0 545.97168 417.242208 577.84656 375.908512 8
0 339.478432 171.42144 358.518368 106.58816 9
0 372.084128 261.63968 407.433312 190.94144 10
0 329.89648 309.80224 378.11632 204.88704 11
0 549.469952 387.675808 577.905408 350.982752 12
0 365.776384 211.416128 407.698176 160.263872 13
0 327.045696 140.405472 365.046464 79.197728 14
0 565.127776 399.77888 587.884704 318.33824 15
0 579.435872 266.086784 594.871968 215.180416 16
0 403.288928 296.8064 440.649632 225.92256 17
0 409.566144 226.808 428.129856 144.57248 18
0 546.86224 317.276448 574.11824 259.559392 19
0 349.937664 124.653248 377.613056 64.711232 21
0 542.37328 363.38592 566.14512 317.92352 22
0 504.560064 354.31584 536.348736 274.05408 23
0 528.196448 436.208 547.498912 322.04864 24
0 605.40416 429.919808 630.85568 374.392512 26
0 518.07328 302.39872 540.7376 219.64928 28
0 591.687392 295.49728 605.362208 221.26944 29
0 592.446976 363.539584 607.108864 308.396416 31
0 572.368768 364.483328 591.454592 311.589632 32
0 590.415168 444.34464 605.499072 359.15744 25
0 539.06576 433.408352 575.3304 393.650848 30
0 464.564992 322.5568 492.681728 255.57568 27
0 505.189632 291.238016 534.760448 245.002624 20
