0 460.745536 356.07008 497.443264 286.19808 1
0 310.376448 406.06688 352.252672 288.392 2
0 327.34576 238.92352 369.29552 159.88864 3
0 537.912288 483.94176 578.827552 406.27776 4
0 288.563488 313.4064 310.681312 184.18464 5
0 404.819616 359.87264 442.155104 266.19328 6
0 390.446752 385.3824 429.301088 294.95808 7
0 547.882624 433.14848 582.815616 384.40928 8
0 339.419168 166.302432 358.036192 107.059488 9
0 372.24672 266.66336 405.8896 192.45856 10
0 309.445408 176.71744 328.857312 85.42272 11
0 545.056544 393.023648 578.329056 350.395232 12
0 408.8832 226.96512 433.88928 162.15744 13
0 328.85392 137.981312 364.58608 76.850048 14
0 559.208704 325.526592 579.798016 288.278208 15
0 543.576672 360.66944 559.959968 285.82656 16
0 389.635264 288.22496 430.153536 223.55488 17
0 391.133472 202.36864 419.461088 134.83456 18
0 554.887392 300.164992 574.519328 256.901248 19
0 503.882048 288.019072 531.504832 239.035008 20
0 363.319872 167.0992 385.475008 87.20352 21
0 558.331488 390.9584 587.246752 320.27744 22
0 499.568128 337.508352 537.585152 278.476288 23
0 525.009696 434.19008 545.751264 319.74016 24
0 589.961632 441.27616 605.658208 349.71776 25
0 609.207968 434.667328 630.198112 375.558592 26
0 511.855136 284.63104 534.771424 213.9968 28
0 589.298624 281.7232 601.490496 216.14816 29
0 584.02784 334.230816 597.192 290.487264 30
0 592.913856 380.970848 608.423744 325.294752 31
0 570.370592 357.26672 591.334368 310.24944 32
0 467.04576 328.98848 498.3776 256.77792 27
