0 479.474912 367.49472 506.524448 284.6 1
0 309.956928 405.46624 352.800192 288.65856 2
0 325.065344 242.88416 366.988416 160.44768 3
0 536.085568 485.29184 575.320512 412.11616 4
0 287.01104 303.68672 309.54192 179.42368 5
0 402.880352 351.69248 439.931808 258.60384 6
0 392.576704 379.9616 424.289856 288.78208 7
0 547.342112 417.259456 578.225888 375.169344 8
0 339.659616 172.41792 357.733024 106.54912 9
0 371.399392 265.88256 408.224288 192.25248 10
0 308.632672 238.97792 325.746848 136.19008 11
0 548.684736 386.921408 576.919104 351.339072 12
0 376.221664 213.89792 412.473376 166.42848 13
0 327.278496 140.897728 363.743584 79.499072 14
0 563.38208 399.83424 584.1392 311.98528 15
0 565.59008 269.730112 586.49184 231.535808 16
0 401.351488 281.005152 437.024192 224.751008 17
0 407.80432 225.8192 428.6552 138.5456 18
0 547.603808 317.532768 574.651552 257.669792 19
0 349.558752 123.84064 377.037088 65.06688 21
0 542.99904 359.554336 566.464 318.843104 22
0 504.910272 355.92448 535.962688 278.72768 23
0 528.397536 431.61024 546.816544 322.6592 24
0 605.025568 427.47552 630.795232 374.08352 26
0 517.712608 301.34784 540.549152 220.7936 28
0 588.179264 280.95584 601.634496 213.9472 29
0 591.690976 361.867904 606.965024 306.252416 31
0 572.331616 367.806784 590.540704 308.529856 32
0 589.29632 445.85504 605.02048 356.04064 25
0 540.125216 435.582176 575.334624 392.320544 30
0 465.863872 323.272 496.775488 257.08896 27
0 504.3088 291.083808 533.9056 244.287712 20
