0 478.224608 367.95488 506.028832 285.58496 1
0 312.90496 406.57408 352.10624 288.45184 2
0 324.201856 259.7808 366.199424 159.39232 3
0 521.281312 487.18752 566.815968 414.49184 4
0 288.695424 308.58048 310.246016 181.68768 5
0 402.33792 349.68544 438.63488 259.5408 6
0 394.620672 372.78976 424.434688 285.92 7
0 549.18704 420.615168 579.67312 375.745792 8
0 333.866368 174.93824 358.499712 105.86176 9
0 376.935328 262.832 417.010272 192.48832 10
0 406.616192 435.86176 454.425728 347.02208 11
0 547.692544 390.309952 580.112896 353.407168 12
0 363.481984 212.084064 404.256896 159.874976 13
0 334.639776 141.6 374.372704 74.08768 14
0 573.84448 389.437472 593.27232 334.929888 15
0 578.701184 266.44816 595.980416 215.55888 16
0 406.20112 310.81472 441.38288 232.01024 17
0 410.195616 234.44896 427.875424 151.09984 18
0 546.934816 315.06928 574.580704 259.61104 19
0 351.895904 120.5016 377.858976 65.08432 21
0 542.590784 362.141664 565.744576 314.612256 22
0 504.448288 354.27648 535.823072 274.63488 23
0 527.500448 427.91808 548.678752 323.75552 24
0 604.54336 429.8008 630.53376 374.532 26
0 518.945344 306.34912 541.107136 221.16704 28
0 581.686272 335.56016 596.414208 271.58224 29
0 593.508064 382.89024 606.997536 311.65184 31
0 568.95664 350.716448 592.86736 311.862752 32
0 543.316992 468.20128 575.930368 394.456 30
0 463.83744 324.4704 493.9328 256.60864 27
0 505.418304 290.51792 534.329536 245.25424 20
0 584.845472 432.348096 603.946848 380.169024 25
