0 479.352224 368.59648 506.528096 285.67296 1
0 310.430976 405.56224 352.649984 288.97472 2
0 325.75968 238.26656 366.82528 159.6688 3
0 535.738976 485.05856 575.678624 412.63872 4
0 287.15136 307.03936 309.6 179.32608 5
0 401.966816 348.7232 438.858784 258.39104 6
0 392.878912 379.21088 424.509888 288.66496 7
0 546.600608 418.458528 577.935712 375.131232 8
0 339.567456 172.81728 358.031264 106.91904 9
0 371.319072 265.80352 407.526368 192.1792 10
0 308.708096 258.90656 338.536704 156.96032 11
0 548.484672 388.02048 576.979648 351.17568 12
0 373.062976 209.394976 411.533504 164.459744 13
0 327.090912 140.551552 363.997728 79.260288 14
0 564.49472 404.3136 584.8096 313.73184 15
0 569.40512 271.093184 587.30528 229.655616 16
0 402.347008 282.917056 437.537792 224.961344 17
0 408.781216 225.65056 429.392224 143.93024 18
0 547.77472 318.267616 574.42816 258.339104 19
0 349.405344 124.2752 376.939616 64.79616 21
0 543.016416 361.93808 566.630944 319.14352 22
0 505.545504 355.77792 537.267936 279.05472 23
0 528.373536 428.95744 547.038944 323.968 24
0 605.426432 427.902112 630.731008 374.496608 26
0 517.618368 300.24896 540.601152 219.84192 28
0 588.705664 281.7168 602.046336 208.57056 29
0 590.335744 362.73984 606.871296 302.26368 31
0 572.127584 367.380288 590.458016 309.061312 32
0 589.62384 451.00544 605.32144 357.73952 25
0 539.40752 431.762976 574.68912 391.952864 30
0 465.290272 322.02592 495.526368 256.89632 27
0 504.523456 290.87104 534.144064 244.16512 20
