0 460.62656 356.11456 495.03808 284.56768 1
0 312.207328 405.8608 352.193312 288.3216 2
0 323.25056 245.0128 366.51712 158.8592 3
0 537.937504 484.47552 578.876576 406.10752 4
0 288.513728 312.62208 310.821952 184.21248 5
0 404.437952 351.92352 439.272768 261.1312 6
0 393.896672 385.5552 428.659488 296.13312 7
0 546.0184 430.870304 582.0072 382.807776 8
0 339.357312 172.5216 358.103168 107.01376 9
0 371.445152 265.41792 407.966048 192.01568 10
0 309.504384 174.10016 328.960896 84.71712 11
0 546.044096 390.672992 579.224384 349.435808 12
0 407.69248 225.123456 433.53504 162.205824 13
0 327.917792 134.824672 359.579168 77.267488 14
0 559.309568 324.366528 576.955392 288.980032 15
0 543.64304 349.37568 560.52208 284.392 16
0 390.721152 288.246016 428.579968 224.253184 17
0 389.136736 200.50784 418.307744 136.20896 18
0 554.718208 295.41104 574.651392 257.07152 19
0 503.913344 287.6584 531.921536 240.31216 20
0 356.569856 146.94656 379.563264 77.2608 21
0 552.7896 360.257792 578.64848 322.270208 22
0 499.161952 339.216832 536.546208 277.232448 23
0 525.528096 432.89504 545.963744 318.33056 24
0 589.407584 448.30016 605.133216 360.30528 25
0 604.69248 426.37248 631.41504 385.37536 26
0 511.369632 286.86464 536.310368 214.37056 28
0 588.942976 282.38912 601.458304 214.81152 29
0 584.093216 335.27296 596.958944 291.36 30
0 593.599008 368.263328 606.680032 319.348832 31
0 570.39696 382.3184 590.78576 309.76992 32
0 467.04576 328.98848 498.3776 256.77792 27
