0 460.488896 356.6944 496.628544 285.32928 1
0 310.090272 405.23136 352.687328 287.8784 2
0 323.010944 256.03968 365.342336 160.47232 3
0 535.224928 484.584 575.611552 409.87616 4
0 288.628288 308.70464 311.081152 183.41056 5
0 400.558016 352.44832 439.843904 262.52 6
0 394.857824 384.20032 428.410016 295.97504 7
0 544.732992 413.943456 576.925888 376.016224 8
0 338.956192 173.0976 358.006368 106.2816 9
0 371.270976 266.6976 407.169984 191.89056 10
0 312.120512 179.8352 333.190208 101.93248 11
0 547.972192 387.232512 576.710048 350.514688 12
0 392.794176 220.44192 424.886464 169.784 13
0 326.665952 135.361856 358.640928 79.729344 14
0 559.011392 355.736256 577.123008 299.610944 15
0 540.303232 316.342144 556.423808 255.696256 16
0 391.538208 286.722912 427.517152 223.250848 17
0 383.34496 192.563136 416.35552 136.175424 18
0 554.216416 311.327744 574.360864 257.442816 19
0 502.645088 287.287104 531.879072 240.051136 20
0 353.351904 130.772736 378.971936 69.704704 21
0 541.293408 358.57984 564.808352 316.78272 22
0 498.522368 348.45408 533.987072 274.98656 23
0 525.870112 430.0368 546.024928 323.48768 24
0 601.10784 429.32128 630.99456 374.30368 26
0 516.67216 291.41824 539.35472 221.21152 28
0 587.797216 282.352 601.408544 214.78336 29
0 590.77328 356.573152 606.79856 310.623008 31
0 574.43888 379.953376 591.21232 316.243744 32
0 541.855488 434.800256 576.662272 395.338624 25
0 588.641952 404.71808 603.227488 328.03712 30
0 465.557888 312.415712 497.579392 256.066848 27
