0 479.126944 360.87904 504.097376 287.15808 1
0 297.46944 391.02464 347.74016 286.9376 2
0 323.610048 248.8096 369.321792 159.98784 3
0 522.026272 487.42496 566.543328 416.46496 4
0 287.394272 313.22048 309.993248 184.8032 5
0 401.035808 350.90656 438.015712 259.50496 6
0 395.1368 377.49824 424.3384 284.13248 7
0 549.20032 418.007648 579.528 377.710752 8
0 338.895904 173.11424 358.267616 106.4352 9
0 377.746048 258.38592 413.108352 191.7888 10
0 442.072736 398.71776 481.471584 326.37152 11
0 548.190752 392.732448 579.942368 353.456352 12
0 363.63536 207.447264 403.87952 160.356896 13
0 335.022976 142.06304 374.642304 74.9776 14
0 573.321056 385.95584 594.134944 335.12832 15
0 578.457376 265.990144 596.057824 215.858176 16
0 406.650976 312.74656 444.515744 233.93504 17
0 463.764224 280.164544 496.101376 218.541376 18
0 549.720736 315.620768 574.772064 259.150432 19
0 344.372192 101.85104 372.653088 63.4072 21
0 543.122176 363.672864 566.607104 315.990496 22
0 502.692032 350.20704 536.199488 274.65056 23
0 520.226976 426.66816 545.771104 319.54112 24
0 612.45792 431.738496 631.1376 373.833344 26
0 518.876896 303.7344 542.053664 219.93408 28
0 570.296928 351.42688 593.287072 302.84384 32
0 542.11808 467.88512 575.92608 394.93216 30
0 466.205152 320.93536 495.174688 252.2896 27
0 505.00112 290.115328 534.5688 244.101632 20
0 576.954752 433.35104 604.654208 379.77536 25
0 593.055424 350.20912 607.123776 312.7336 29
0 594.616032 442.79328 614.244128 341.592 31
