0 478.208192 368.02112 506.585408 285.43808 1
0 310.169792 406.68896 352.591168 289.06272 2
0 323.618496 239.55712 367.093824 157.68576 3
0 532.22352 484.54848 575.73808 412.48704 4
0 287.220864 307.51712 308.887936 180.22304 5
0 403.63936 351.92928 438.04384 258.44768 6
0 395.47504 381.88576 424.97936 286.6032 7
0 545.641472 416.820352 578.615808 374.507648 8
0 339.523168 171.65568 358.349472 106.528 9
0 371.746816 265.1552 407.062784 191.06624 10
0 318.007616 275.13056 367.679424 193.68352 11
0 549.540128 386.75648 577.453792 352.91456 12
0 365.541408 219.027136 409.035232 160.949824 13
0 326.749728 141.783744 363.817952 78.975296 14
0 565.162464 399.75904 586.922016 318.76768 15
0 579.214272 265.870176 593.456448 215.436704 16
0 402.56592 298.58944 439.75856 226.02368 17
0 409.523456 227.57056 428.287744 144.27072 18
0 547.586944 317.622496 574.278016 259.073824 19
0 349.947328 125.368672 377.718592 64.717728 21
0 542.523328 365.051008 565.888832 317.958272 22
0 504.947584 354.91584 536.240256 274.43712 23
0 528.509792 434.20192 547.528608 321.26688 24
0 605.434464 430.552864 630.789536 374.919136 26
0 517.852032 303.95392 540.418688 220.03584 28
0 590.766912 289.95328 603.565248 213.0112 29
0 592.642432 363.85584 607.128448 307.67568 31
0 572.309728 367.581184 591.191072 311.234816 32
0 590.494848 446.86912 605.654912 359.35552 25
0 538.719392 434.431904 575.573088 392.815456 30
0 464.51248 322.33984 494.0104 256.18944 27
0 506.071936 290.941504 534.812544 245.063616 20
