0 460.367392 356.45504 496.200928 285.19232 1
0 310.105024 405.06208 352.727616 287.9376 2
0 322.87008 255.088 365.06464 160.41792 3
0 535.924352 484.09152 576.220288 406.5568 4
0 288.589344 308.0016 311.079136 183.43904 5
0 400.573184 351.86336 439.830016 262.54304 6
0 394.76288 384.53152 428.60224 296.04832 7
0 544.24688 414.233184 576.8808 376.166816 8
0 338.973792 173.11616 357.935008 106.272 9
0 371.311808 266.76224 407.254592 192.00896 10
0 312.376096 179.63392 333.325024 101.0816 11
0 547.754336 387.832736 576.712864 350.558304 12
0 393.204992 220.24384 424.927488 169.87584 13
0 326.777696 135.081504 358.740384 79.756256 14
0 558.955968 355.548736 577.068352 299.643584 15
0 540.682784 316.93424 556.908256 258.15824 16
0 391.481984 287.09296 427.482496 223.17776 17
0 384.967584 192.087168 416.444256 136.441472 18
0 555.274464 309.582816 574.452256 257.094944 19
0 502.622048 287.462976 531.806112 240.081344 20
0 353.39408 132.216448 378.93104 69.747072 21
0 541.173664 359.670624 564.773216 316.864416 22
0 498.581344 348.9456 534.058656 275.00704 23
0 525.890784 431.31392 545.836576 323.3664 24
0 601.046112 429.324064 631.008928 374.361056 26
0 516.6408 291.44352 539.29904 221.31552 28
0 587.787328 282.50656 601.400512 214.82976 29
0 592.161696 357.735232 606.793824 311.551168 31
0 574.35232 380.01328 591.07232 316.404 32
0 465.557888 312.415712 497.579392 256.066848 27
0 588.435648 398.08928 602.050112 318.42016 30
0 544.425376 437.654432 578.796384 396.467808 25
