0 479.45072 365.94656 504.09232 286.10336 1
0 298.479072 389.89632 348.293408 287.13408 2
0 323.596096 248.18848 369.769664 159.88192 3
0 520.728992 486.504 566.712928 416.63072 4
0 287.37568 315.35072 309.91328 184.72352 5
0 401.361344 350.08608 438.021696 259.3872 6
0 394.743008 375.352 424.431392 283.85312 7
0 549.135488 418.867712 579.624832 377.741568 8
0 338.832992 173.58432 358.339488 106.41696 9
0 377.843488 257.94336 413.131232 191.55936 10
0 440.746944 399.23232 479.651136 325.05184 11
0 547.928608 392.707712 579.683552 353.953408 12
0 363.667552 207.457568 403.838368 160.231392 13
0 334.884992 136.323296 374.139008 74.497824 14
0 573.025728 386.81664 594.111552 334.98432 15
0 578.629888 265.906752 596.184832 215.945408 16
0 406.717536 311.496 444.682144 234.38816 17
0 461.690176 280.317952 494.057664 217.037568 18
0 549.790208 314.898432 574.834432 259.035648 19
0 344.337376 101.32112 372.424224 63.164 21
0 542.778752 362.762304 566.749568 314.222016 22
0 502.938304 353.32 536.597056 274.90656 23
0 520.282912 427.21984 547.655648 320.72384 24
0 612.653088 429.650592 631.204832 373.901408 26
0 518.896832 305.23168 541.866048 220.26208 28
0 569.906752 350.717184 593.107648 302.768896 32
0 541.453568 468.168 576.174592 395.06016 30
0 466.283616 320.57568 494.881184 252.05536 27
0 504.69504 289.9768 534.10432 244.404 20
0 577.207712 433.682656 604.214368 380.078624 25
0 593.155488 348.862592 606.999392 312.060288 29
0 594.435616 440.55584 614.484704 340.69088 31
