0 460.122496 355.87072 494.099584 285.1968 1
0 310.557088 406.38208 352.180832 288.05504 2
0 323.270752 251.41568 364.721568 160.22848 3
0 537.662464 488.70432 578.853376 407.15872 4
0 288.653856 311.40032 310.414304 183.88032 5
0 400.235616 351.8528 439.484064 261.45024 6
0 394.395296 386.26496 429.181024 295.9648 7
0 549.687392 423.22496 581.845408 380.09664 8
0 339.042048 173.57376 357.938432 107.1392 9
0 371.976832 266.74432 406.622848 191.35232 10
0 312.227072 179.43456 330.958848 94.008 11
0 547.219552 391.457408 576.969888 352.189312 12
0 390.364864 221.140576 423.966016 168.148384 13
0 327.44768 135.29824 358.66432 78.48096 14
0 560.626048 357.971456 575.752832 296.196864 15
0 541.255712 323.539456 560.121568 276.747264 16
0 392.097696 286.04016 427.372384 222.3848 17
0 388.188448 188.731296 416.512992 135.913824 18
0 555.018688 303.215104 574.486592 257.433856 19
0 502.569856 287.623936 531.129984 239.044864 20
0 353.437216 140.08608 379.031264 69.46272 21
0 542.57984 361.466976 567.4528 319.324064 22
0 498.645632 340.36224 534.241408 275.84128 23
0 524.89488 428.24512 545.97232 320.51776 24
0 572.58544 475.789376 593.82096 414.357184 25
0 600.4416 433.250688 630.8928 375.116672 26
0 516.393408 292.49952 539.309632 219.61952 28
0 588.004032 282.06528 601.260608 215.81888 29
0 585.257312 354.491008 597.079968 292.330112 30
0 591.493632 387.6944 606.526208 315.50816 31
0 574.403744 382.2992 590.713696 313.72384 32
0 467.04576 328.98848 498.3776 256.77792 27
