0 461.064576 358.05568 497.867904 285.7216 1
0 311.082816 405.33696 352.707264 287.72544 2
0 323.345344 259.33184 365.527616 160.57472 3
0 536.548608 486.96064 575.421952 412.13824 4
0 288.72624 307.11776 311.38768 183.20928 5
0 401.349984 353.6736 439.949216 262.5376 6
0 395.712928 384.9904 427.446112 294.76384 7
0 545.046144 422.7504 578.411136 375.96704 8
0 339.140416 173.67072 358.171584 106.39712 9
0 371.116992 266.31392 406.719808 192.24608 10
0 311.963552 182.72736 333.127008 104.87712 11
0 548.880032 386.152416 577.121888 350.705184 12
0 392.519264 220.024928 424.663456 170.064032 13
0 326.92208 133.739776 358.92496 79.664384 14
0 558.93232 361.274496 578.27984 300.287104 15
0 539.678464 319.35328 556.270336 243.496 16
0 391.53792 286.569024 428.1024 223.080896 17
0 384.150144 190.14448 416.119936 135.57968 18
0 549.348352 311.988768 574.485248 257.707232 19
0 502.674368 287.07472 531.889472 240.25328 20
0 353.446752 124.365568 378.553248 69.903872 21
0 541.345376 358.383584 565.759904 316.995616 22
0 498.620384 350.02304 533.410336 275.57696 23
0 526.891168 429.84768 546.410592 323.8112 24
0 601.029568 431.77376 630.724672 374.41376 26
0 516.76576 294.64512 539.26496 220.63936 28
0 587.678848 282.04896 601.603712 214.4784 29
0 588.33232 358.776896 606.75376 309.219264 31
0 574.82288 382.1744 590.65296 313.57472 32
0 539.861888 429.777152 574.076032 394.400768 25
0 465.302048 296.163168 493.718752 256.127392 27
0 588.31008 413.27744 604.04192 324.14464 30
