0 477.911136 368.63744 505.296544 285.64096 1
0 309.321472 406.32864 352.430848 287.93184 2
0 323.98304 258.80064 365.36224 158.9568 3
0 532.449536 485.12288 575.728384 417.01472 4
0 288.563712 311.544 309.971968 181.86144 5
0 401.040256 351.80288 438.908544 258.94272 6
0 395.992096 374.60352 424.891104 286.98112 7
0 543.156864 417.28208 577.575296 375.404 8
0 337.876128 173.52928 358.324832 106.6 9
0 371.990016 265.46464 409.106944 192.03168 10
0 365.560032 381.59616 405.348128 267.83488 11
0 550.87056 391.036608 579.70736 353.067072 12
0 363.545472 211.358624 405.350528 159.989856 13
0 326.594528 140.284928 366.009632 79.222272 14
0 572.860512 384.135872 593.225888 333.551168 15
0 579.74128 259.303392 595.41776 215.151648 16
0 405.941568 311.3408 443.620032 229.67424 17
0 409.289952 228.51744 427.149088 145.2528 18
0 545.263136 316.57536 574.263264 259.19936 19
0 349.98592 125.156992 378.2432 64.878208 21
0 542.541344 365.61184 565.303776 315.97152 22
0 504.426912 351.91296 536.762208 274.9824 23
0 528.866048 431.9712 547.835392 320.34368 24
0 606.237952 430.096 630.885888 374.8576 26
0 518.268768 302.88448 540.615072 220.39872 28
0 582.357312 297.850848 604.101568 244.936992 29
0 590.752096 367.101664 606.941344 310.397216 31
0 567.086944 347.729472 590.475936 310.767808 32
0 590.542528 446.03392 605.609792 362.72512 25
0 539.022976 435.959232 575.929984 394.439488 30
0 464.284096 321.0864 495.290944 256.57248 27
0 505.347872 289.774176 533.914848 245.273504 20
