0 480.177088 364.9248 505.259072 285.95648 1
0 305.68224 406.83488 351.09856 289.63232 2
0 323.696544 248.40992 369.030496 159.46592 3
0 519.295008 486.97728 566.257632 416.40064 4
0 287.446976 314.5392 310.027584 185.01152 5
0 403.656032 348.14784 438.205088 258.24576 6
0 393.377312 379.74912 424.101088 285.97888 7
0 549.243136 420.080352 580.289024 376.714528 8
0 338.330336 173.10304 358.440224 105.4608 9
0 378.276032 259.02272 412.298048 191.69856 10
0 441.559424 401.78496 477.950336 323.64992 11
0 547.716896 393.422688 579.530464 354.700192 12
0 363.487424 204.540512 404.269376 160.218528 13
0 335.309376 131.678848 373.905344 73.901952 14
0 572.401792 387.297024 593.310848 333.126656 15
0 578.93584 266.15696 596.17712 215.62608 16
0 406.383168 308.90752 444.827072 231.41504 17
0 435.876512 284.12096 474.471008 201.68128 18
0 549.124768 315.761088 575.058272 259.414592 19
0 345.652768 102.256416 372.495072 64.421344 21
0 542.838848 363.582688 565.975232 314.938912 22
0 504.199392 356.74112 535.986208 275.1936 23
0 520.590976 426.32608 549.465984 323.83456 24
0 610.594752 426.673088 630.838848 373.975872 26
0 518.737056 307.06016 540.980064 221.0512 28
0 569.108128 349.056992 593.650272 303.088928 32
0 542.027136 467.85856 576.316544 395.16352 30
0 465.619392 324.42176 494.595648 255.10208 27
0 504.250592 289.946784 533.821728 243.808096 20
0 576.812672 442.151648 603.933568 381.579552 25
0 593.830944 345.8984 607.848416 311.86288 29
0 593.683104 402.32096 610.996576 333.30144 31
