0 460.64944 356.55872 496.532 284.48576 1
0 310.015904 406.22592 352.176736 287.88608 2
0 322.883616 245.21376 365.802464 156.34272 3
0 538.881728 483.71712 578.807872 405.96864 4
0 288.393088 310.26848 310.595712 184.29792 5
0 405.310464 351.90816 439.079936 261.18496 6
0 394.245632 385.2736 428.739328 296.13312 7
0 545.251136 431.883008 582.222784 381.914112 8
0 339.319104 170.00128 358.133696 106.92928 9
0 371.707008 265.86848 406.753152 192.13472 10
0 309.477088 168.72192 329.844512 85.17376 11
0 546.21296 391.809728 579.2168 350.353472 12
0 407.545024 225.461472 433.918016 162.498848 13
0 328.234368 135.155136 359.660672 77.382464 14
0 558.952096 322.865408 578.034784 288.700672 15
0 543.580224 351.92032 560.010176 284.02464 16
0 390.854688 289.16128 427.646432 223.74752 17
0 389.407712 200.68384 418.980128 135.98048 18
0 554.832352 296.912544 574.486048 256.826976 19
0 504.24944 288.049824 532.22928 240.201056 20
0 358.13296 150.66976 380.47056 78.13024 21
0 554.880608 362.59936 580.856992 321.05632 22
0 498.825632 340.401792 536.511328 277.593728 23
0 525.711776 434.97664 546.279264 319.9776 24
0 590.33136 446.5472 605.24112 355.72224 25
0 603.534912 427.887008 630.513088 383.092832 26
0 511.420608 283.46464 535.036992 214.15456 28
0 588.8456 282.86656 601.42 214.8576 29
0 583.85392 334.464352 597.02416 291.289248 30
0 593.68288 365.608064 607.02624 320.180096 31
0 569.882784 383.68352 591.027296 309.57472 32
0 467.04576 328.98848 498.3776 256.77792 27
