0 477.856704 368.35456 505.411136 285.69728 1
0 309.53392 406.27424 352.45264 287.88256 2
0 324.008416 258.54496 365.308704 158.9936 3
0 532.230688 484.94176 575.596512 417.43136 4
0 288.547904 309.82112 309.991616 181.86144 5
0 401.071936 351.96 438.942144 258.91616 6
0 396.017728 374.49696 424.853952 286.9072 7
0 543.17264 417.054336 577.55568 375.332224 8
0 337.878752 173.55488 358.305568 106.57952 9
0 371.975712 266.23168 409.113568 192.06848 10
0 366.075488 383.22528 406.509472 270.39776 11
0 551.066272 391.035616 579.729248 352.969504 12
0 363.549312 211.65392 405.350528 159.95184 13
0 326.575264 140.459744 366.177376 79.119136 14
0 572.895424 383.962784 593.231936 333.555296 15
0 579.51776 261.427424 595.29056 215.202336 16
0 406.065728 310.63712 443.520192 229.9376 17
0 409.300064 228.45024 427.137696 145.26112 18
0 545.362976 316.346848 574.291424 259.253792 19
0 349.966976 125.081408 378.227584 64.888512 21
0 542.65728 365.615616 565.31072 315.707904 22
0 504.537632 352.0672 536.764128 274.99072 23
0 528.940064 433.264 547.935456 320.26304 24
0 606.301888 429.784768 630.915392 374.848832 26
0 518.260896 302.69856 540.611424 220.4784 28
0 582.454848 298.226432 603.920832 245.288448 29
0 590.710496 367.48704 606.944544 310.3536 31
0 567.069984 347.82304 590.434016 310.792 32
0 590.5264 445.84224 605.7168 363.25984 25
0 538.879712 436.48528 576.010528 394.48688 30
0 464.28848 321.05536 494.98064 256.49984 27
0 505.39408 289.69936 533.91344 245.30224 20
