0 461.519392 355.76064 497.582048 286.1888 1
0 308.890624 407.1072 352.262656 288.83776 2
0 323.54384 261.29312 365.708 161.70464 3
0 538.165824 487.35552 575.729856 412.35904 4
0 288.638304 305.03616 310.045856 181.1168 5
0 401.115168 355.93152 440.232672 262.32512 6
0 394.055552 389.24384 425.746048 292.58528 7
0 546.90448 420.138496 578.78384 375.303424 8
0 339.059456 174.93792 358.153984 106.9552 9
0 371.078816 265.8832 406.366304 192.30816 10
0 311.990624 182.22112 333.986976 105.76096 11
0 548.707904 386.42192 577.039296 350.6136 12
0 393.101728 221.297184 424.655712 169.663456 13
0 327.531328 134.747328 360.631232 78.841152 14
0 559.494016 365.484384 580.340864 304.525216 15
0 540.44544 312.55232 559.20384 239.75232 16
0 392.783712 284.679136 428.372128 223.204384 17
0 389.313152 188.30352 416.181888 133.66256 18
0 546.408416 315.701216 574.610464 257.910304 19
0 503.004288 288.112096 532.147072 240.941344 20
0 353.299424 129.321344 378.316576 69.041536 21
0 541.903712 357.889984 566.147488 317.217856 22
0 499.213312 348.57632 533.635328 275.51456 23
0 527.661472 430.8416 546.506848 323.77856 24
0 602.24576 430.394176 630.62592 374.455744 26
0 517.004352 302.28448 539.704768 220.95136 28
0 588.664512 282.34272 601.469248 215.37888 29
0 587.978592 360.93408 606.934688 308.72992 31
0 573.488704 384.9312 590.224576 307.74208 32
0 588.448992 415.02976 603.798048 332.23808 25
0 538.932832 431.940864 574.662048 392.665856 30
0 466.605248 295.896672 496.392512 256.085408 27
