0 478.127136 367.71008 506.642144 286.82432 1
0 311.268352 406.62112 352.492288 288.72096 2
0 323.961952 236.49984 364.699808 159.49632 3
0 532.551264 484.89216 575.663776 413.55136 4
0 287.850048 310.4544 310.204352 182.21632 5
0 401.4824 349.94304 438.2808 259.08736 6
0 395.937952 379.72 425.048928 287.18304 7
0 543.605344 417.09776 577.681056 376.19504 8
0 339.014816 171.85504 358.377824 106.71648 9
0 372.059776 259.49728 408.489344 190.85408 10
0 343.60288 331.10528 381.12416 217.8752 11
0 550.063392 388.197824 578.636768 350.774336 12
0 364.25696 211.512256 406.66656 160.044864 13
0 326.798592 140.053728 365.531648 79.153952 14
0 566.762848 391.5712 589.701792 322.82624 15
0 579.42816 264.989024 596.01504 215.561376 16
0 405.124896 307.9712 442.191584 226.83072 17
0 409.550592 228.02112 428.229888 145.27552 18
0 547.698048 315.950976 574.360192 259.156864 19
0 350.024736 124.502144 377.381344 64.727936 21
0 542.561184 364.19008 565.882976 317.71584 22
0 504.482304 350.98752 536.682496 273.90464 23
0 528.856224 430.9952 547.762016 321.13536 24
0 605.804864 427.754368 630.922176 374.527872 26
0 518.476384 302.536 540.802976 220.34272 28
0 589.273984 298.83104 608.176256 229.50048 29
0 592.342624 364.296064 607.040416 307.033216 31
0 569.63824 352.239072 591.21552 308.512288 32
0 590.757728 442.34656 605.752992 359.43264 25
0 539.152704 434.496416 575.444416 394.564704 30
0 464.909568 322.36224 493.814272 256.03904 27
0 505.794944 292.003264 534.874496 245.158976 20
