0 479.51872 365.6992 504.01408 286.18176 1
0 298.458912 389.36864 348.732128 287.61696 2
0 323.58384 247.92288 369.67568 159.86592 3
0 520.813248 486.85152 566.659392 416.8208 4
0 287.382432 315.54816 309.897568 184.74624 5
0 401.455392 350.44992 437.955808 259.3472 6
0 395.100384 375.49024 424.459296 283.96832 7
0 549.220192 419.487744 579.697568 377.369856 8
0 338.807744 173.46688 358.382656 106.36416 9
0 377.871264 257.93984 412.995936 191.53728 10
0 441.1408 398.73024 479.72704 324.10112 11
0 547.81808 392.90144 579.652 354.16544 12
0 363.621024 207.602976 403.855456 160.240864 13
0 334.93552 135.8672 374.11536 74.48032 14
0 572.972096 387.748192 594.078144 335.015328 15
0 578.638208 265.895712 596.189312 215.914208 16
0 406.569056 310.10336 444.863904 234.55456 17
0 458.862144 278.583872 493.642176 217.862848 18
0 549.852608 315.101248 574.780992 258.999232 19
0 344.217664 101.072064 372.392896 63.256896 21
0 542.876672 363.158144 566.722048 313.949056 22
0 502.967168 353.576 536.484992 274.87328 23
0 520.191712 427.08064 549.083168 321.91264 24
0 612.677184 429.830976 631.167936 374.060224 26
0 518.907296 305.28576 541.872224 220.34624 28
0 569.84208 350.952512 593.15696 302.834368 32
0 541.661792 467.62816 576.185248 395.04704 30
0 466.4624 321.02944 495.22464 251.28672 27
0 504.671648 290.00256 534.148192 244.28992 20
0 577.214016 433.904064 604.110784 380.117056 25
0 593.249984 348.737376 607.000896 312.062624 29
0 594.5784 438.75808 614.74768 340.5904 31
