0 478.223136 369.14112 505.272544 285.75424 1
0 310.03216 406.53536 352.41392 288.2512 2
0 324.0544 258.61856 366.35584 159.04544 3
0 531.986496 484.22208 576.305344 415.14304 4
0 288.58912 313.51744 309.91712 181.76064 5
0 400.865408 351.42432 438.888832 259.12672 6
0 395.986752 375.8912 424.792768 287.09888 7
0 543.167968 416.630624 577.575712 375.656096 8
0 338.387584 173.56832 358.550656 106.55968 9
0 371.851584 261.58144 409.343936 191.93408 10
0 356.59904 371.16704 396.704 249.49856 11
0 550.490784 390.937216 579.706976 353.532544 12
0 363.557792 210.316832 405.626208 159.855328 13
0 326.530272 140.16208 365.633568 79.44368 14
0 573.001696 384.818624 593.065504 333.820736 15
0 579.559712 264.443168 595.476448 215.290592 16
0 405.925344 309.84 443.098656 229.20256 17
0 409.4304 228.30624 427.19168 144.87392 18
0 546.5408 316.952288 574.17728 259.174432 19
0 350.305664 125.171392 378.135936 64.755008 21
0 542.44944 366.537952 565.27024 317.495328 22
0 504.21136 353.08384 536.73072 274.78048 23
0 528.99504 434.88896 547.82288 321.40544 24
0 606.08816 430.26944 630.86288 374.77248 26
0 518.2712 303.18496 540.68048 219.89344 28
0 582.851136 297.845184 605.957824 243.332416 29
0 590.584544 365.049536 606.918176 310.140224 31
0 567.14896 348.302464 590.77232 310.331776 32
0 590.919744 446.17728 605.683136 360.6272 25
0 539.215136 434.5312 575.763424 394.3328 30
0 464.231424 322.42368 494.253056 256.31296 27
0 505.34496 289.422752 534.11488 245.013088 20
