0 478.122848 367.9296 506.312352 285.4272 1
0 312.413984 406.472 352.018656 288.21344 2
0 324.185728 261.07424 366.230912 159.4928 3
0 521.003264 486.71744 566.982656 414.31808 4
0 288.602368 308.35232 310.269952 181.70336 5
0 401.929568 349.51328 438.574752 259.73984 6
0 394.583488 373.26144 424.553792 286.04864 7
0 547.5976 421.77136 579.67792 375.4152 8
0 334.028896 175.27744 358.635424 105.9424 9
0 376.554144 262.7296 415.063136 191.80352 10
0 406.369472 435.80864 454.919488 346.98176 11
0 548.220832 388.831136 580.072288 353.097824 12
0 363.1984 214.155136 404.47904 159.947904 13
0 334.646432 141.84928 374.596448 73.52608 14
0 574.366592 386.574208 593.478528 335.172992 15
0 578.908512 265.776128 595.812768 215.702272 16
0 405.7488 304.62816 441.47936 231.34112 17
0 408.19152 229.23968 424.94512 146.39808 18
0 546.976864 314.80976 574.656416 259.82192 19
0 351.6032 121.580224 377.84704 65.094976 21
0 542.06016 362.690048 565.22176 313.823232 22
0 504.4392 350.88672 536.46064 274.37408 23
0 527.907072 426.22592 548.021248 320.97152 24
0 604.594176 429.213184 630.475264 374.710016 26
0 518.982912 305.66432 541.306368 221.12608 28
0 580.66176 327.33216 595.68 263.2816 29
0 592.94592 380.75392 606.91968 311.91168 31
0 568.211968 350.488608 591.840512 312.643552 32
0 543.671712 470.21952 576.191328 394.6112 30
0 463.929984 324.34656 494.185856 256.91168 27
0 505.830464 293.834656 535.019456 245.406304 20
0 584.318912 431.858784 604.123968 380.376736 25
