0 461.02992 358.0448 497.82192 285.7312 1
0 310.850752 405.34976 352.714048 287.70112 2
0 323.36 259.32448 365.58336 160.51936 3
0 536.603936 486.6496 575.384544 412.17152 4
0 288.701408 307.89536 311.347232 183.33664 5
0 401.118944 353.2512 439.939616 262.5376 6
0 395.85056 385.04928 427.58112 294.88544 7
0 544.821024 422.345248 578.341856 376.047072 8
0 339.127744 173.60416 358.153536 106.39584 9
0 371.148544 266.30816 406.711296 192.21344 10
0 311.972768 182.624 333.056352 104.61696 11
0 548.927712 386.158912 577.133088 350.692288 12
0 392.724416 220.128064 424.659264 169.953216 13
0 326.900832 134.08176 358.992288 79.668 14
0 558.87712 360.936032 578.15712 299.988128 15
0 539.578688 319.79808 555.869632 244.53856 16
0 391.584448 285.582112 428.080192 223.065568 17
0 383.969952 190.303328 416.009568 135.896992 18
0 549.748128 311.42064 574.484832 257.65968 19
0 502.60704 286.917216 531.93888 240.180384 20
0 353.450336 125.003744 378.582944 69.883936 21
0 541.261792 358.242656 565.651488 317.020064 22
0 498.550688 349.50304 533.427552 275.53632 23
0 526.883424 429.9968 546.351776 323.76192 24
0 601.00288 431.540544 630.74752 374.355136 26
0 516.787168 291.77632 539.202592 220.5552 28
0 587.717632 282.0544 601.591808 214.50624 29
0 588.273984 359.251808 606.722496 309.248672 31
0 574.77008 381.34944 590.77744 314.08992 32
0 588.31008 413.27744 604.04192 324.14464 30
0 540.107616 430.945888 574.245024 394.696352 25
0 465.329632 296.24896 493.935648 256.14272 27
