0 453.838528 356.44864 493.132352 281.84512 1
0 310.987904 406.67424 352.304256 288.7792 2
0 328.002592 237.21184 370.109408 159.69952 3
0 538.0912 486.0224 578.64736 406.05696 4
0 286.272864 309.61344 307.744416 182.38144 5
0 404.635552 364.10944 443.200608 267.26336 6
0 391.343264 386.16832 429.589856 295.68256 7
0 547.49312 434.85344 582.8544 383.65664 8
0 339.556416 164.307552 358.089664 107.177888 9
0 372.54704 267.2448 406.32528 192.17664 10
0 309.281664 182.67296 326.935936 85.39872 11
0 545.943296 394.1672 580.034304 350.98864 12
0 408.765504 233.63136 434.830016 163.024 13
0 329.179232 138.054656 363.441568 78.558464 14
0 559.322496 324.144192 581.801344 286.808768 15
0 543.494528 360.61376 560.083072 285.93344 16
0 386.922176 289.30464 421.893184 223.78976 17
0 391.334176 202.55392 419.643104 133.99392 18
0 554.271264 299.792064 575.106016 257.068096 19
0 503.816928 288.918016 531.729952 238.397184 20
0 364.007264 164.00128 385.409696 89.52064 21
0 557.813568 378.646208 587.242432 320.072512 22
0 499.0768 341.15104 535.92864 277.9824 23
0 525.315776 430.14304 545.880384 316.2672 24
0 588.556384 435.81888 604.685216 345.27936 25
0 610.226912 429.630048 631.288608 375.167392 26
0 467.720384 327.85504 499.004736 256.1232 27
0 511.892576 283.32736 534.919584 214.15744 28
0 590.317504 287.95584 604.164416 221.17056 29
0 583.220864 333.6592 597.177216 290.01696 30
0 592.844512 382.127456 608.700448 324.948384 31
0 570.149184 378.37408 591.450816 310.15584 32
