0 478.287072 368.03968 506.617888 286.10816 1
0 311.300096 406.32416 352.587264 288.64544 2
0 323.510112 228.06912 364.818848 158.75584 3
0 532.946368 485.07232 575.810112 412.9296 4
0 287.579584 309.65184 309.837376 181.51104 5
0 402.52144 351.68608 438.13008 258.80096 6
0 395.631168 379.43296 425.029312 287.6544 7
0 545.755328 417.180928 577.887552 375.661312 8
0 339.49248 171.13792 358.55296 106.47872 9
0 371.910432 262.04832 407.231968 190.92704 10
0 326.968832 302.34432 377.274368 204.28736 11
0 549.38912 387.725152 577.79552 351.280288 12
0 365.418048 212.334464 408.036032 160.236416 13
0 326.927712 141.284576 363.907488 78.879264 14
0 564.935712 401.02976 587.193568 318.32256 15
0 579.091424 265.08896 594.738976 215.1824 16
0 402.734816 297.11904 441.050144 225.83264 17
0 409.454336 227.0336 428.145664 144.544 18
0 546.919776 317.123712 574.143904 259.591808 19
0 349.92048 124.980192 377.6136 64.655648 21
0 542.334176 363.435776 566.077984 317.816064 22
0 504.664992 354.2336 536.501088 274.08 23
0 528.274144 436.07104 547.477536 322.25088 24
0 605.448736 429.947904 630.846944 374.424576 26
0 518.052032 302.5824 540.772928 219.43488 28
0 591.892992 295.13024 604.971008 220.25664 29
0 592.455968 363.447232 607.121632 308.106048 31
0 572.369408 365.67968 591.471872 311.57344 32
0 590.176864 444.25344 605.509536 359.1424 25
0 538.66064 433.819168 575.3656 393.403872 30
0 464.455744 322.5072 492.624576 255.60096 27
0 505.212864 291.385056 534.751296 245.032224 20
