0 460.9816 356.06432 497.3224 285.44224 1
0 309.796928 406.18176 352.174272 288.38848 2
0 327.10736 240.064 368.63792 159.63136 3
0 537.358336 484.57312 578.805504 406.2096 4
0 288.552288 313.08032 310.686112 184.13952 5
0 404.867744 360.3968 441.548896 265.1648 6
0 390.849376 385.33696 429.293984 295.41312 7
0 547.978016 432.199776 582.606304 383.478944 8
0 339.393056 166.766912 358.109664 107.023808 9
0 372.108704 266.56576 405.985376 192.51904 10
0 309.48544 175.31296 328.87872 85.3296 11
0 545.808224 392.075328 578.203296 349.094592 12
0 408.804512 226.91328 433.887328 162.31296 13
0 328.660512 138.030656 364.261088 76.421824 14
0 558.93536 325.695232 579.1216 287.618048 15
0 543.613184 358.57024 559.943936 285.39648 16
0 389.660832 288.184 430.545248 224.0528 17
0 390.72816 202.1984 419.39792 135.11872 18
0 554.947264 299.632608 574.424896 256.975392 19
0 503.928608 288.069856 531.572192 239.113504 20
0 362.53504 166.7872 385.5712 86.91776 21
0 557.100992 391.3712 587.743808 320.90784 22
0 499.615328 336.953312 537.512352 278.459168 23
0 525.19264 433.17184 546.27616 319.69728 24
0 589.886592 446.23648 605.555328 351.27392 25
0 608.91776 434.063872 630.14144 376.249088 26
0 511.889824 282.59072 534.517856 213.94432 28
0 589.430912 281.32416 601.368448 215.93664 29
0 584.239552 334.253312 597.226048 290.576128 30
0 592.854848 380.309184 608.329152 325.080896 31
0 570.033696 356.233216 591.307744 309.899264 32
0 467.04576 328.98848 498.3776 256.77792 27
