0 480.181376 364.60384 505.247104 285.88576 1
0 306.337504 406.824 351.221536 289.57024 2
0 323.69136 248.42272 368.76048 159.41728 3
0 519.411648 487.112 566.280512 416.10336 4
0 287.449824 314.70176 310.026016 185.01536 5
0 403.723744 347.75392 438.165536 258.20192 6
0 393.450016 379.59168 424.149984 285.93664 7
0 549.296352 419.880832 580.366368 376.761728 8
0 338.257856 173.13632 358.496064 105.19456 9
0 378.403936 259.23424 412.330144 191.72128 10
0 440.936192 402.16288 477.530368 323.21952 11
0 547.813056 393.317056 579.596864 354.676544 12
0 363.416768 205.337024 404.314432 160.241216 13
0 335.319552 131.948992 373.964288 73.869888 14
0 572.312128 386.960896 593.319872 332.858624 15
0 578.897216 266.14176 596.160704 215.608 16
0 406.189312 306.44832 444.807168 231.208 17
0 435.09376 285.48512 473.7024 200.46176 18
0 549.020256 315.702496 575.096224 259.510304 19
0 345.660352 102.432 372.591168 64.4544 21
0 542.755936 363.637312 565.965984 315.176128 22
0 504.122592 357.43456 536.005408 275.40256 23
0 520.9984 425.45952 549.50144 324.36448 24
0 610.263104 426.780256 630.774976 374.009504 26
0 518.762272 306.9792 540.990688 221.02208 28
0 569.496992 349.265536 593.841248 303.182464 32
0 542.199712 468.4016 576.417888 395.15424 30
0 465.647488 324.8336 494.182272 255.31616 27
0 504.17728 289.992736 533.85536 243.794144 20
0 576.778272 443.134432 603.901408 381.592608 25
0 593.830784 346.45328 607.866496 311.88656 29
0 593.47552 434.36128 610.89696 330.76256 31
