0 287.32976 330.84192 309.95664 183.83584 2
0 390.520096 391.16256 424.477664 281.34176 4
0 338.986592 172.53088 357.827488 107.8608 6
0 405.140032 357.61824 437.711808 256.61536 7
0 579.781536 284.74752 596.473184 213.64864 9
0 519.66064 303.3344 543.30512 218.79424 10
0 550.703072 325.38272 575.214368 257.25664 11
0 378.719328 263.94112 410.858912 189.86112 13
0 407.330464 290.845312 441.660256 228.340608 15
0 504.799968 355.46432 536.890912 271.97888 21
0 509.527904 297.38688 533.047456 242.8256 25
0 542.33232 372.873824 562.5752 314.971296 26
0 596.406016 455.92384 615.601664 345.87712 27
0 571.523136 357.39776 592.789184 299.95776 30
0 463.771904 285.42752 486.974976 215.65536 14
0 323.947776 255.84096 369.773824 163.03648 23
0 573.078528 390.392128 594.084352 330.921152 24
0 339.385568 153.54272 375.394592 75.95872 18
0 364.289312 221.65184 403.046368 159.53728 16
0 460.136832 418.29472 499.927168 330.05216 3
0 573.540032 451.55968 604.217408 379.40992 20
0 556.101696 399.648576 578.826944 352.187584 29
0 591.820352 368.472928 606.714048 308.776352 32
0 443.365408 360.1424 468.242912 274.05536 19
0 297.300416 392.89216 347.484224 285.72032 1
0 467.952096 320.97312 490.698784 254.808 22
0 481.693888 359.31424 506.900032 292.22112 17
0 369.328992 209.037152 403.870368 159.563168 5
0 614.678528 446.0608 630.822912 371.94624 8
0 477.139904 290.07776 497.779776 219.12544 12
0 25.51008 215.44 40.317632 117.904 31
0 306.572992 392.60672 347.468608 288.17792 28
