0 310.379008 406.4864 351.607552 289.26784 1
0 287.269088 324.90208 309.996832 184.00416 2
0 396.368704 398.40864 424.430016 283.54592 4
0 337.71792 171.41184 358.41904 106.52352 6
0 406.3096 358.31136 438.03088 256.78112 7
0 579.559456 285.77344 596.357344 213.57504 9
0 520.195168 304.53056 541.316512 219.90464 10
0 549.70608 325.94624 575.27184 257.8336 11
0 353.686688 119.3056 375.649632 51.48224 12
0 379.729952 265.82688 410.783968 190.43552 13
0 405.130208 279.696992 435.808032 226.518688 15
0 480.173472 377.06112 503.061088 282.44992 17
0 504.6576 345.72 536.25888 273.29056 21
0 504.383808 297.67568 534.401472 242.82736 25
0 543.23056 371.299392 565.97264 312.157888 26
0 592.770592 412.48736 607.513568 313.26624 27
0 573.756256 354.409152 592.595104 299.803968 30
0 465.711168 333.08736 492.185792 248.46784 22
0 324.122944 258.42144 366.474176 159.69824 23
0 571.297376 404.62432 592.289184 328.42016 24
0 335.501088 143.26304 371.542752 73.58048 18
0 364.706368 220.397664 403.658432 158.834336 16
0 439.684704 408.75872 474.601376 316.51616 3
0 371.520064 207.518016 403.815616 159.044544 5
0 573.78688 468.10368 603.5904 377.90208 20
0 430.6888 288.54784 470.47984 193.89312 14
0 524.647808 501.65344 564.705152 410.53216 28
0 588.478784 378.40192 598.175936 302.72576 32
0 530.673696 419.25632 546.164704 324.9344 8
0 24.816896 211.76288 38.886784 117.47616 31
0 605.490624 450.26976 630.586176 374.66208 29
0 330.749728 143.37824 358.235872 77.05568 19
