0 311.449984 407.24576 352.712576 288.12576 1
0 287.128928 316.9008 308.753312 178.23648 2
0 308.053248 247.35136 325.539072 138.47392 3
0 393.779232 392.2688 423.814368 286.3936 4
0 383.00832 216.55104 412.792 164.3104 5
0 339.607328 170.75584 357.958112 106.29632 6
0 405.423872 358.41216 439.322368 255.15328 7
0 529.956032 427.57472 546.145088 317.10112 8
0 567.192256 273.384032 586.465344 230.134688 9
0 518.793408 302.87328 540.731712 219.3616 10
0 549.028768 322.3232 574.294112 256.18304 11
0 351.571776 137.33152 376.435904 60.38624 12
0 372.7384 273.59168 406.31312 189.99488 13
0 402.628928 280.049408 434.708672 218.482432 15
0 481.067872 375.58272 504.509088 281.77664 17
0 326.9384 146.744 352.95792 78.02528 18
0 505.045152 343.39744 535.639648 277.75712 21
0 563.98112 391.48224 582.66336 309.91808 24
0 504.822464 296.481632 532.906816 243.088288 25
0 543.53168 384.30272 565.46288 316.23872 26
0 590.820512 366.2896 606.168928 300.64032 27
0 574.155392 381.42624 590.064768 306.08224 30
0 468.017408 324.89792 495.188992 250.28416 22
0 324.326656 255.66784 366.738944 160.176 19
0 538.083584 500.04448 574.880256 402.6384 28
0 407.758688 226.77728 429.043872 136.15392 14
0 589.601952 479.2688 604.714848 353.86144 20
0 605.74576 448.94528 629.23536 372.54848 29
0 588.281344 283.8672 600.764416 216.72288 31
0 549.55264 425.133728 578.24 380.176992 23
0 413.598592 275.445184 431.768448 212.607296 16
0 25.1744 214.25952 41.882752 116.82912 32
