0 315.399296 406.21664 351.896704 287.5472 1
0 288.876608 320.30048 311.759552 183.14656 2
0 395.974624 394.00768 424.834336 283.62944 4
0 336.813824 175.04864 358.382336 106.16352 6
0 406.316736 349.60128 437.806144 256.1472 7
0 579.848096 278.07424 596.645984 213.69408 9
0 519.945664 305.27296 541.237056 219.68704 10
0 548.507968 319.73696 574.685632 257.9104 11
0 355.465952 137.0096 376.413728 55.65856 12
0 379.02288 268.97056 411.12112 190.16288 13
0 404.665536 287.338752 437.975104 224.476928 15
0 481.019648 375.18912 504.172032 283.664 17
0 506.280768 346.8416 536.085952 272.95232 21
0 506.42608 299.05792 533.33456 243.56736 25
0 543.267264 369.163744 566.039616 312.093216 26
0 596.847968 381.6704 606.481312 310.17088 27
0 573.499648 357.863936 593.133312 308.470784 30
0 465.408736 335.61504 491.679264 249.28224 22
0 415.618944 262.29792 451.500416 171.45952 14
0 324.452928 256.85024 365.890752 160.16864 23
0 573.895424 403.472 592.988416 333.51744 24
0 586.429568 368.63808 597.602432 293.68896 32
0 335.508288 146.14848 372.101312 70.23552 18
0 363.888416 216.812384 403.038944 158.405536 16
0 422.018688 437.47744 461.438592 333.57536 3
0 523.657504 503.03616 565.161696 411.74144 28
0 576.03728 471.6208 603.64784 377.75776 20
0 530.673696 419.25632 546.164704 324.9344 8
0 24.816896 211.76288 38.886784 117.47616 31
0 605.490624 450.26976 630.586176 374.66208 29
0 372.938016 206.853792 404.559584 158.556768 5
0 330.749728 143.37824 358.235872 77.05568 19
