0 312.87536 406.41664 352.29584 288.5184 1
0 288.568416 320.6256 310.533024 181.59392 2
0 312.797792 202.13728 331.117728 94.2864 3
0 395.489568 397.41952 428.301792 294.29888 4
0 394.239712 216.540672 423.863328 166.587648 5
0 339.511904 175.0368 358.267296 106.46592 6
0 403.530496 357.94112 438.731264 258.93312 7
0 524.0184 426.13504 545.3512 316.66816 8
0 540.442688 329.0296 558.252992 272.51536 9
0 518.163872 297.80864 539.422048 219.55328 10
0 555.76784 316.023264 574.12272 256.862496 11
0 354.33408 139.07328 378.832 62.50112 12
0 372.68896 271.71936 405.58176 191.43712 13
0 386.499616 198.666304 413.587424 141.578176 14
0 392.835008 285.152 422.917952 218.40256 15
0 461.175584 371.52224 494.055136 282.18528 17
0 327.440832 149.83712 355.678528 77.08512 18
0 499.730496 334.943008 533.238464 273.987552 21
0 550.443968 420.262368 579.493952 380.207392 23
0 560.155616 361.2704 576.085024 296.33472 24
0 502.82464 290.29584 528.3216 238.0792 25
0 542.405664 375.766656 566.242016 316.906624 26
0 594.23072 397.72736 606.51808 313.99616 27
0 575.295648 388.51808 590.451552 312.54944 30
0 466.252352 302.016704 493.038528 248.328256 22
0 324.667616 264.56576 364.646944 158.50752 19
0 559.608832 393.81792 577.000448 351.77184 29
0 543.60752 495.85728 577.8952 406.88064 28
0 588.900032 287.0288 600.664128 214.29472 31
0 576.26064 496.59776 591.41424 414.53056 16
0 585.765632 376.49664 596.939008 290.14528 20
0 24.272672 214.792 39.122144 122.42016 32
