0 312.747648 405.94816 352.227712 287.65312 1
0 285.707712 319.07584 307.605568 180.8576 2
0 309.424672 187.808 325.909728 83.44448 3
0 393.43872 395.9824 429.74208 293.02496 4
0 408.757472 237.76768 434.427168 159.31136 5
0 339.913312 166.872416 358.390688 105.976224 6
0 406.34112 362.17728 442.65984 263.9424 7
0 525.580256 427.59808 545.061664 314.46272 8
0 542.900384 357.33792 559.746656 284.37856 9
0 513.941632 285.12544 534.009728 211.49792 10
0 554.753184 306.245728 574.251616 256.530592 11
0 364.317056 165.80928 385.718144 85.91168 12
0 373.876928 267.8528 403.163712 190.91584 13
0 392.474272 204.0928 415.451488 133.65312 14
0 389.299392 291.91936 420.834368 220.97536 15
0 589.885504 448.2976 603.978176 344.45376 16
0 456.227648 369.84192 493.068992 278.67008 17
0 328.494304 139.418816 354.252576 77.516864 18
0 328.71712 251.304 369.30656 157.8288 19
0 610.369792 444.15648 630.975488 373.92224 20
0 499.868896 354.52704 535.354144 274.72352 21
0 467.680224 330.41312 498.386976 247.74112 22
0 548.858688 440.975552 581.938112 382.892608 23
0 559.646752 335.56704 582.362848 286.80864 24
0 504.790432 290.41936 530.633568 235.01168 25
0 544.819744 406.060384 580.607456 348.091296 26
0 593.704032 392.8944 608.159648 322.3184 27
0 540.81632 505.93344 578.80864 404.26688 28
0 558.35088 383.06624 583.84432 318.07296 29
0 570.826112 401.24928 590.388608 313.85088 30
