0 313.762144 405.60384 352.124576 288.10752 1
0 288.403264 316.19776 310.978496 183.35808 2
0 309.758816 174.4352 326.099104 83.76512 3
0 395.505888 397.80896 428.280352 293.54464 4
0 409.125472 227.54432 433.369248 159.90656 5
0 339.6376 171.6288 358.37072 105.65632 6
0 406.84048 354.59392 438.53936 258.43008 7
0 525.49936 432.5888 545.36656 314.90048 8
0 543.128672 350.60992 560.039328 283.55712 9
0 513.479904 287.77184 535.349536 212.13856 10
0 555.45648 305.006176 573.972 255.528864 11
0 357.577408 145.8864 378.940992 72.43552 12
0 373.039008 271.97152 403.502432 190.85216 13
0 390.88864 204.35264 415.03776 134.37248 14
0 392.395104 284.53568 425.343136 218.2048 15
0 589.212128 455.65632 605.047072 355.60384 16
0 461.189632 369.90784 495.913728 282.05376 17
0 326.607328 135.454336 353.466912 76.351104 18
0 324.229152 257.376 366.044128 159.328 19
0 609.983168 449.99904 630.709312 383.39616 20
0 499.483904 343.05472 535.598336 275.03296 21
0 466.80032 308.493792 497.352 248.285728 22
0 548.080544 437.513984 581.447776 382.768896 23
0 559.416992 332.711008 576.401248 287.862432 24
0 501.628352 291.815616 530.001728 237.890624 25
0 545.600736 401.42096 579.080224 346.7224 26
0 592.640864 368.70656 606.605216 319.01952 27
0 541.264576 502.76672 578.388544 404.29376 28
0 573.608704 401.01344 591.122176 308.91936 30
0 558.376512 373.046624 579.281088 321.151136 29
0 588.39456 303.05056 600.41056 214.43424 31
0 560.367712 394.90656 588.287648 315.99264 32
