0 299.1792 393.41184 347.51392 286.6752 1
0 286.900864 334.82272 310.014336 184.61024 2
0 396.56784 393.43392 423.78544 282.58784 4
0 338.651232 171.79168 358.457248 107.65792 6
0 405.108224 359.3168 437.825536 257.31296 7
0 579.429504 281.82016 596.086656 213.73184 9
0 519.819616 305.07264 541.612704 220.07936 10
0 551.36768 327.52768 575.32928 257.6192 11
0 379.162784 266.03712 410.497376 189.9936 13
0 406.877056 292.43968 440.923264 227.45664 15
0 504.414016 349.53728 536.209344 272.85376 21
0 505.683552 298.205792 533.062048 243.286688 25
0 542.962624 368.002432 566.881856 312.617088 26
0 595.925248 452.66976 612.952832 335.38784 27
0 571.730592 355.72608 592.659808 299.07968 30
0 466.52672 321.01952 489.86368 251.44512 22
0 462.286656 281.032 483.553984 213.71232 14
0 324.019808 254.48288 365.230752 159.8864 23
0 573.198464 389.204864 594.133376 331.015296 24
0 338.299008 149.31104 373.350272 73.6496 18
0 363.979456 224.792 403.121984 159.22336 16
0 443.928736 407.00224 479.313504 323.80864 3
0 575.498272 450.29344 604.230368 379.00576 20
0 556.24544 397.09504 579.01856 353.10528 29
0 593.594016 363.629952 606.161504 310.023808 32
0 440.437344 346.45408 468.028576 273.84544 19
0 521.332928 424.2784 543.180352 316.86336 12
0 612.62928 449.86112 630.1688 372.95872 8
0 25.259136 217.32704 39.653888 118.65504 31
0 368.440096 208.902144 403.316704 158.991616 5
0 479.275136 374.85408 502.806144 279.79936 17
0 523.347776 502.04864 564.976064 408.35136 28
