0 313.439072 406.4656 352.392608 288.23776 1
0 288.923072 318.01376 311.550528 181.60224 2
0 312.183328 204.39168 332.740832 103.10016 3
0 397.451008 395.36608 427.784192 291.60224 4
0 395.088736 217.019456 424.090784 167.452864 5
0 339.675456 175.42944 358.337984 107.01792 6
0 404.164576 358.13536 439.250464 259.9344 7
0 527.778496 430.8656 546.197824 322.69984 8
0 540.313408 319.26176 555.448512 247.26112 9
0 517.63328 305.4096 539.06816 220.12384 10
0 552.26896 319.805248 574.10928 257.433792 11
0 354.29152 137.36672 378.3664 64.2064 12
0 372.633856 270.4304 404.295424 190.26208 13
0 383.607136 194.018976 411.338144 146.618464 14
0 392.836 284.92128 421.94672 218.26336 15
0 462.189024 369.29984 497.040416 283.408 17
0 327.238176 150.968 355.705824 77.75264 18
0 499.566048 345.9088 532.504352 273.23488 21
0 560.567072 366.84864 576.423648 297.26912 24
0 503.722528 289.111456 528.547552 238.030944 25
0 541.500032 381.22304 564.588928 315.59488 26
0 592.32848 386.66592 606.17776 307.98624 27
0 574.617728 391.00128 590.024832 311.6368 30
0 466.273056 304.693792 497.289184 248.901088 22
0 325.067904 267.59424 364.708736 160.08064 19
0 538.092928 498.60864 575.440512 399.82208 28
0 545.106432 423.104288 576.926208 376.542432 23
0 589.388384 289.51008 600.694176 216.85408 31
0 25.178816 214.72096 42.342592 116.79904 32
0 555.963584 398.699712 577.054016 352.093248 29
0 587.87856 399.79328 599.77456 304.3744 20
0 575.853056 497.57888 589.385984 413.20128 16
