0 313.203808 405.91968 352.222112 287.63424 1
0 288.49472 318.26368 310.50432 183.03424 2
0 312.48 198.73056 330.1568 92.84448 3
0 395.928896 393.09856 428.571584 293.62016 4
0 394.077568 215.203904 423.906432 165.846976 5
0 339.611168 175.93056 358.381792 106.95968 6
0 402.982784 355.75552 438.734976 259.12704 7
0 525.222592 428.49408 545.494848 316.6208 8
0 541.077536 329.185504 558.859744 274.896416 9
0 517.85264 296.7808 539.9112 217.984 10
0 555.69664 315.505088 574.10944 257.088832 11
0 354.376512 139.92352 379.073728 63.45952 12
0 373.276416 269.58912 405.560064 191.47328 13
0 390.76528 189.602816 414.06032 136.674304 14
0 392.872576 283.29696 423.247744 218.35168 15
0 460.566336 369.064 493.891264 282.11424 17
0 327.03264 150.30016 355.23552 77.61024 18
0 499.888864 335.2496 533.343776 273.7744 21
0 550.968064 425.64752 580.091136 380.3864 23
0 560.516096 361.21152 575.422464 295.408 24
0 502.938592 290.75888 528.772128 236.67408 25
0 542.92768 371.836736 566.80032 317.022144 26
0 593.699424 388.75744 606.547616 315.52928 27
0 574.76688 388.99616 590.66416 311.77184 30
0 467.27392 302.94224 491.0672 248.81584 22
0 576.247776 486.39968 593.493024 411.98752 16
0 324.828416 262.79232 363.957504 159.47328 19
0 548.530688 495.80672 578.281472 406.21824 28
0 24.272672 214.792 39.122144 122.42016 32
0 585.746048 372.30144 597.215872 290.4288 20
0 555.314656 393.557184 576.774944 352.268096 29
0 588.39456 303.05056 600.41056 214.43424 31
