0 287.326016 338.80384 309.982144 183.50144 2
0 383.493376 391.58016 425.053184 285.79712 4
0 338.960096 172.00656 357.532704 109.13648 6
0 403.70384 357.99616 438.07408 256.26176 7
0 579.661344 285.3648 596.483296 213.48576 9
0 519.674016 306.9312 541.337184 218.67264 10
0 550.479328 327.8368 575.089952 256.9696 11
0 379.013408 263.096 410.860512 190.18272 13
0 407.188512 288.517088 440.811488 227.009312 15
0 503.778848 350.65664 533.557472 268.82368 21
0 541.928 375.928864 562.43424 316.373216 26
0 595.841952 456.08192 615.187808 346.7712 27
0 571.636992 358.769792 593.061888 299.611008 30
0 463.682752 284.7376 487.179328 215.28928 14
0 324.134944 254.55008 367.221216 160.52192 23
0 572.722368 394.10064 594.079552 330.6136 24
0 339.99424 152.68736 375.14432 76.31232 18
0 364.548608 222.650432 403.606272 159.430848 16
0 460.904352 425.2848 504.604768 331.20288 3
0 573.335424 453.56192 602.911616 385.56256 20
0 553.149888 402.243584 578.261312 352.866816 29
0 592.23248 369.138016 606.91504 309.441184 32
0 298.829408 392.93504 347.488672 285.584 1
0 467.843456 324.19584 490.708864 254.58432 22
0 481.861408 355.43552 507.856352 292.14592 17
0 442.72528 363.44512 468.09072 274.10752 19
0 614.467296 444.9696 630.752544 372.51648 8
0 352.900544 121.0464 376.470336 47.05472 5
0 369.408416 209.303072 403.813984 159.441888 12
0 509.543904 299.082176 533.275936 242.183744 25
0 25.51008 215.44 40.317632 117.904 31
0 306.572992 392.60672 347.468608 288.17792 28
