0 313.540576 404.45216 351.912224 288.21856 1
0 288.319776 315.47808 310.885344 183.34176 2
0 309.567744 175.43136 328.115456 84.73248 3
0 394.936576 398.07328 428.562944 292.92704 4
0 409.001216 228.52736 433.990144 160.27904 5
0 339.780896 166.588384 358.322144 106.241056 6
0 407.156032 353.01792 438.536128 259.14208 7
0 525.547744 430.90976 545.287456 314.77984 8
0 542.6952 357.46208 559.38224 284.07904 9
0 513.139936 284.8048 534.015264 212.11552 10
0 555.186336 303.504288 573.652064 256.055392 11
0 362.280288 156.528 383.809952 81.33568 12
0 373.996256 271.64096 404.238624 191.22624 13
0 390.514432 203.33984 415.616768 135.17664 14
0 392.166432 287.07712 427.728608 220.36864 15
0 590.371744 456.80672 605.255776 355.08064 16
0 461.98304 369.73888 496.07392 282.31104 17
0 326.917632 139.389216 354.175488 75.530464 18
0 325.399872 253.39616 366.586048 156.34464 19
0 607.116256 453.01472 629.710624 380.65696 20
0 499.831104 348.0976 535.037376 274.60064 21
0 467.181344 308.532032 497.794016 248.274368 22
0 553.302816 437.00192 581.293024 382.19424 23
0 559.24672 339.496192 579.37472 288.543488 24
0 503.786464 290.602336 530.590496 236.743584 25
0 544.996768 403.74048 579.616352 345.17472 26
0 592.193728 376.944928 607.596352 322.586592 27
0 539.748992 505.7376 578.245248 405.10272 28
0 588.380512 302.68 600.333728 214.80352 31
0 568.724512 398.65728 590.391008 313.64352 30
0 558.598048 385.5584 580.504672 321.3984 29
0 560.367712 394.90656 588.287648 315.99264 32
