0 315.154496 406.10272 351.978944 287.40512 1
0 288.84176 311.6448 310.44016 181.15008 2
0 395.85024 385.99744 424.17792 284.37952 4
0 336.249184 174.3936 358.888096 105.67808 6
0 406.101792 348.36096 438.300128 256.95104 7
0 580.376768 278.23872 596.871232 213.67936 9
0 520.025344 303.19776 541.181696 219.89344 10
0 547.754176 322.20512 574.814784 258.1072 11
0 355.229536 133.11072 376.463264 55.9184 12
0 379.439776 271.79392 411.547744 189.13792 13
0 404.44944 289.4144 439.2472 221.72288 15
0 480.92832 373.10944 504.57568 283.9376 17
0 505.677728 345.02048 536.095072 272.984 21
0 507.38448 298.14928 532.90992 243.60688 25
0 542.952128 369.179008 565.631552 311.082112 26
0 593.031168 383.03584 606.618112 309.95232 27
0 569.125024 360.613408 591.068256 308.826592 30
0 465.819808 329.60224 492.409952 248.75936 22
0 577.862016 464.06016 603.616384 378.27072 20
0 408.578144 227.35616 425.225376 140.70528 14
0 324.686464 263.5984 365.940096 160.59488 23
0 572.212832 405.46784 592.680608 330.00608 24
0 581.804288 331.88 595.164672 263.75392 32
0 334.760256 148.04672 372.547264 72.57024 18
0 363.241952 221.20144 403.498528 158.44784 16
0 413.02624 441.62368 452.77216 345.88608 3
0 531.038976 418.11552 546.384384 325.26624 8
0 522.465536 500.26496 564.692224 406.65216 28
0 24.816896 211.76288 38.886784 117.47616 31
0 605.490624 450.26976 630.586176 374.66208 29
0 372.938016 206.853792 404.559584 158.556768 5
0 330.749728 143.37824 358.235872 77.05568 19
