0 312.018432 407.39872 352.081408 287.98816 1
0 287.47488 318.12288 310.05984 181.2064 2
0 344.630112 335.39424 380.445088 216.28832 3
0 395.956704 394.53696 424.113696 284.32896 4
0 338.890304 169.477792 358.365376 106.085728 6
0 407.108256 359.536 438.312544 256.38464 7
0 529.9504 427.07456 546.49888 321.4144 8
0 580.182752 278.64032 596.525088 212.90016 9
0 519.479872 303.62688 541.111488 218.70144 10
0 549.372544 325.5504 574.636416 257.59328 11
0 351.2408 134.83552 376.55696 61.26432 12
0 373.588768 267.584 407.588832 189.58592 13
0 404.59216 293.5408 440.40752 217.46848 15
0 480.84192 378.10048 505.53504 285.82528 17
0 327.209088 144.74848 357.387392 78.13536 18
0 505.504128 345.08768 536.472192 272.79648 21
0 507.375424 297.675392 532.581056 243.943808 25
0 543.065728 379.88 565.881472 315.12544 26
0 591.800384 369.9616 606.325696 301.17568 27
0 568.374464 366.075392 590.090816 308.140288 30
0 467.312608 325.36 492.327712 249.00672 22
0 533.927968 502.79136 574.649312 409.20096 28
0 409.937248 222.992 428.458912 140.04032 14
0 606.42896 450.30016 630.45168 374.67264 29
0 363.326112 222.3488 403.742048 157.70496 16
0 566.886144 392.57248 589.604096 311.59776 24
0 590.750688 463.59552 605.786912 356.81664 20
0 324.450528 238.65536 363.450912 159.62944 23
0 587.021376 301.405568 606.752704 237.850752 32
0 565.886976 402.56256 588.129024 312.84736 31
0 368.624224 209.542752 406.029216 156.823968 5
0 346.740512 227.510624 364.079328 165.314976 19
