0 313.272448 407.0336 352.231552 288.03456 1
0 287.231168 318.68992 310.009152 181.27296 2
0 332.045632 317.33472 377.576128 204.67872 3
0 395.893024 393.6304 424.163296 284.3792 4
0 339.504448 169.238624 358.574272 106.362016 6
0 406.730624 358.27008 438.485376 255.95584 7
0 530.105152 423.66144 546.554048 321.93088 8
0 580.260832 277.42144 594.629408 212.6432 9
0 519.21872 304.55744 541.15248 218.04096 10
0 549.236448 323.4128 574.406432 257.2016 11
0 351.124672 135.7824 376.552768 61.80096 12
0 373.028192 273.33216 407.158688 189.55552 13
0 403.797568 291.2352 439.795392 216.40256 15
0 480.66576 377.50688 505.26576 285.96704 17
0 327.437696 146.69696 354.795904 78.24896 18
0 505.442496 342.85024 536.326464 272.744 21
0 564.77024 383.05312 584.25504 317.08512 24
0 507.231616 297.358304 532.582784 243.481376 25
0 543.129312 380.20992 565.180448 315.38816 26
0 591.572448 366.87104 606.430752 296.41984 27
0 573.814144 370.842496 590.809216 309.995904 30
0 467.314464 331.82304 493.247456 248.47776 22
0 534.339168 502.00832 574.569632 409.2928 28
0 590.269888 458.78432 605.484352 357.11456 20
0 409.2856 222.0256 428.17616 141.06688 14
0 606.318016 448.32704 630.256704 373.80032 29
0 324.177792 233.55712 361.470848 158.53888 23
0 565.752832 403.37856 587.541248 316.64704 31
0 590.795648 300.75776 603.871872 234.56512 32
0 365.015904 219.440384 406.917536 158.317056 16
0 346.740512 227.510624 364.079328 165.314976 19
0 371.018624 209.168384 406.665856 157.590016 5
