0 313.643168 406.75328 352.438112 288.60416 1
0 288.654752 320.0384 310.535008 181.58592 2
0 313.288736 199.8336 332.427744 95.05152 3
0 395.963936 395.2048 428.384224 293.83712 4
0 396.628256 217.464224 425.083104 167.471456 5
0 339.575552 176.36832 358.338048 106.95584 6
0 403.847072 357.4416 439.169888 259.24064 7
0 525.145824 432.07104 544.884256 320.29504 8
0 540.422336 324.857984 557.959744 267.737216 9
0 518.027488 298.44928 539.299872 220.61376 10
0 555.905568 313.336384 574.178272 257.231296 11
0 354.502496 139.32256 379.024544 63.40256 12
0 372.894112 272.05856 405.978208 191.21056 13
0 386.690528 197.082528 413.287712 140.494432 14
0 392.9888 282.85376 423.66784 215.58208 15
0 461.446016 370.6928 494.447744 282.15328 17
0 327.392032 148.4816 355.219168 77.3872 18
0 499.62096 337.168384 533.188 273.337856 21
0 559.57392 363.00032 576.02672 297.66784 24
0 503.054816 289.8056 528.568864 238.68336 25
0 543.060224 373.421888 564.787456 316.540352 26
0 594.76384 397.86592 606.43936 311.26944 27
0 574.978048 390.8848 590.360832 313.98304 30
0 466.048256 301.886624 492.422144 248.743776 22
0 324.90704 265.44704 364.29744 158.63872 19
0 539.857024 497.5232 578.824576 401.9648 28
0 589.482528 287.89376 600.907232 214.2336 31
0 546.918752 398.84208 576.623008 351.79088 29
0 587.279072 395.74944 598.616608 301.57664 20
0 543.55056 419.15744 576.85008 378.66656 23
0 575.853056 497.57888 589.385984 413.20128 16
0 24.272672 214.792 39.122144 122.42016 32
