0 312.401184 406.79008 352.215776 286.99296 1
0 288.634272 321.96832 310.451808 180.36256 2
0 395.267392 356.36256 424.082368 284.25824 4
0 336.65216 173.50368 358.76416 105.57472 6
0 404.850592 350.75648 438.951008 255.7152 7
0 529.2952 417.73856 546.436 323.28544 8
0 580.195968 270.541408 596.417152 213.462432 9
0 519.620672 303.10528 540.925888 220.09344 10
0 547.653024 324.69696 574.804576 257.71712 11
0 354.894912 136.14752 376.676288 56.55648 12
0 373.84256 272.61568 410.3328 191.37408 13
0 405.561984 290.58944 439.880576 218.97472 15
0 481.207008 373.98368 504.203552 284.5776 17
0 505.469152 341.5872 535.839008 273.1008 21
0 506.869888 296.096352 532.099712 243.840928 25
0 541.030944 366.927008 564.542176 310.058592 26
0 591.671008 380.68064 606.311712 310.4336 27
0 568.935936 357.427008 589.954304 308.117952 30
0 465.751904 328.23232 491.682976 248.88512 22
0 410.005152 224.27648 426.951008 140.91008 14
0 324.724032 264.99072 364.499648 160.36864 23
0 573.467808 396.67968 592.873312 331.10784 24
0 581.772704 315.81664 594.964576 246.8688 32
0 334.605248 152.3232 371.484992 73.91936 18
0 24.955232 211.39904 40.571936 116.9312 31
0 544.992064 425.222656 578.076096 373.566464 28
0 364.598528 211.597696 404.435712 158.478464 16
0 392.773088 442.13856 431.324192 346.20064 3
0 584.220704 467.7344 603.408096 377.04128 20
0 605.490624 450.26976 630.586176 374.66208 29
0 372.938016 206.853792 404.559584 158.556768 5
0 330.749728 143.37824 358.235872 77.05568 19
