0 312.645408 407.1536 352.134112 288.08992 1
0 287.477632 317.95328 310.054528 181.12384 2
0 343.486848 330.52096 379.125632 213.6928 3
0 396.02016 393.82848 423.9312 284.26176 4
0 338.948544 169.358656 358.304576 106.037184 6
0 407.010272 359.50272 438.342688 256.4768 7
0 529.403104 423.64352 546.111776 321.36128 8
0 580.24816 278.85056 595.6008 212.87552 9
0 519.4696 303.73376 541.12432 218.57024 10
0 549.133088 325.1248 574.572512 257.43392 11
0 352.085632 133.44896 376.601728 60.40576 12
0 373.628416 267.34848 407.105024 189.47328 13
0 404.356896 292.92896 440.375264 216.264 15
0 480.806592 378.04256 505.557568 285.8192 17
0 327.214752 145.05184 357.308768 78.08288 18
0 505.557248 344.05312 536.442112 272.88256 21
0 507.143968 297.441248 532.525792 243.966752 25
0 543.076384 379.011584 565.863136 315.091456 26
0 591.784768 369.05792 606.332352 299.536 27
0 568.858784 368.67424 590.071136 308.05152 30
0 467.324128 326.43168 492.583712 249.032 22
0 533.632576 502.46528 574.605504 409.42848 28
0 590.707744 461.48 605.741536 356.62816 20
0 409.926912 222.5648 428.491008 139.8096 14
0 606.485568 450.39936 630.523072 374.5888 29
0 324.486432 237.26048 363.390688 159.47552 23
0 586.650816 303.533408 606.407744 240.385952 32
0 363.236512 222.02144 403.671648 157.42816 16
0 566.56064 385.38016 589.03104 309.97088 24
0 565.886976 402.56256 588.129024 312.84736 31
0 368.624224 209.542752 406.029216 156.823968 5
0 346.740512 227.510624 364.079328 165.314976 19
