0 314.753952 406.32416 352.214368 287.78912 1
0 289.01136 320.08832 311.9 183.76064 2
0 396.125504 398.47136 424.522176 283.48832 4
0 337.153824 173.45024 358.399456 106.35392 6
0 406.30704 349.73344 437.81456 255.9216 7
0 579.73024 276.676448 596.55648 213.671072 9
0 520.057344 303.87712 541.309696 219.90784 10
0 548.437056 320.900768 574.974144 258.135392 11
0 354.769664 134.05728 376.633856 55.4864 12
0 379.423392 265.7584 411.022688 190.00864 13
0 404.493376 288.060928 438.056384 225.896192 15
0 480.776768 373.648 503.724992 283.1328 17
0 506.012544 346.92 536.176256 273.09536 21
0 505.620064 298.17072 534.305696 243.31408 25
0 543.171104 370.50768 566.018016 311.7848 26
0 594.429632 382.89056 606.229568 308.15072 27
0 572.898144 358.321152 593.436576 306.133248 30
0 465.73392 329.95072 491.33744 248.2496 22
0 418.441376 263.56384 455.107424 173.68288 14
0 324.124704 258.55264 365.814496 159.98432 23
0 572.679424 404.84416 593.371136 331.47328 24
0 588.478784 378.40192 598.175936 302.72576 32
0 335.39888 148.16544 372.02128 72.51936 18
0 364.212448 218.282144 403.412512 158.612576 16
0 426.6344 425.60512 464.0024 326.96448 3
0 575.344928 474.3712 603.494112 378.58368 20
0 524.70784 501.73472 564.72832 410.74784 28
0 530.673696 419.25632 546.164704 324.9344 8
0 24.816896 211.76288 38.886784 117.47616 31
0 605.490624 450.26976 630.586176 374.66208 29
0 372.938016 206.853792 404.559584 158.556768 5
0 330.749728 143.37824 358.235872 77.05568 19
