0 314.328672 405.55488 352.146848 287.96064 1
0 288.670688 317.34816 311.025952 183.62464 2
0 310.08336 198.82464 327.14032 84.70816 3
0 395.62352 397.344 428.26896 293.56928 4
0 408.615392 227.85792 433.220128 160.14976 5
0 339.431968 173.59712 358.360032 105.35968 6
0 406.495808 355.17248 438.524352 258.61952 7
0 525.94784 429.32832 545.0576 314.68448 8
0 543.454496 353.06752 560.521184 283.8016 9
0 513.535168 287.89856 535.716672 212.29216 10
0 555.465952 305.28064 574.022688 255.5232 11
0 356.427936 146.30272 379.245664 71.99104 12
0 373.120576 271.87936 403.943104 191.15552 13
0 390.7872 204.32128 415.08544 134.85056 14
0 392.440928 284.81696 424.507552 219.44928 15
0 589.366368 454.21888 605.159072 358.0192 16
0 460.949632 369.47296 495.605888 281.80896 17
0 326.637632 136.715456 352.451008 75.897664 18
0 324.98512 257.77056 366.17264 160.39776 19
0 611.214336 449.81632 630.974464 384.2688 20
0 499.721472 343.65216 536.346368 274.85536 21
0 466.607328 309.551968 497.735712 248.824992 22
0 547.573408 437.55728 581.385312 383.3336 23
0 559.711584 335.472448 577.070496 288.454592 24
0 501.578464 292.017824 530.404896 237.824096 25
0 544.613376 405.520736 579.349504 344.468384 26
0 592.70416 372.37536 606.6392 318.74656 27
0 540.831328 503.75968 578.385312 404.75488 28
0 571.876032 399.64064 591.130688 308.80224 30
0 558.481312 374.809856 579.132768 322.845184 29
0 588.39456 303.05056 600.41056 214.43424 31
0 560.367712 394.90656 588.287648 315.99264 32
