0 287.219872 339.01216 310.065248 183.7488 2
0 394.143264 390.97728 424.077536 280.65408 4
0 338.786976 171.20816 358.116704 107.50672 6
0 405.440448 357.6704 437.657152 256.81792 7
0 579.663104 284.6544 596.393216 213.784 9
0 519.73344 304.0096 542.91232 219.3504 10
0 550.948224 327.40416 575.231616 257.61088 11
0 378.803904 263.95104 410.728256 189.4736 13
0 407.904096 305.0496 443.089824 227.28448 15
0 504.692544 354.21056 536.305856 273.02144 21
0 508.225376 297.651456 533.483424 243.055104 25
0 542.294368 381.570784 562.817952 317.995296 26
0 595.56624 454.9728 615.62608 342.544 27
0 571.510176 357.876128 592.808544 300.109152 30
0 573.256864 389.779808 593.963616 331.384992 24
0 338.419424 153.44192 374.713376 74.65536 18
0 364.393408 221.745568 403.132992 159.652192 16
0 456.778208 421.84352 495.526432 325.75584 3
0 574.657856 450.28064 603.871424 378.69728 20
0 555.396608 397.992096 578.939392 352.447584 29
0 592.071296 364.897696 606.649984 310.129504 32
0 300.556224 393.04288 347.238976 285.05888 1
0 467.669952 331.82656 495.582528 253.74912 22
0 464.011136 284.92512 487.292544 215.1824 14
0 323.73504 252.45568 364.95872 160.77312 23
0 442.704672 350.61376 467.617248 274.27968 19
0 614.678656 448.00768 630.626944 371.84256 8
0 524.850752 435.20416 547.041728 368.72288 12
0 25.51008 215.44 40.317632 117.904 31
0 526.048672 501.61824 564.367968 408.95072 17
0 368.969472 211.014432 403.481088 159.114208 5
0 306.572992 392.60672 347.468608 288.17792 28
