0 311.030272 405.61696 352.011008 288.28768 1
0 287.44352 312.07488 309.2336 180.08128 2
0 309.267488 278.29152 351.862752 175.14208 3
0 395.460704 391.71744 423.958176 285.59968 4
0 378.372288 211.09056 409.637952 160.35008 5
0 339.407936 168.71328 358.532544 107.1088 6
0 408.027328 357.44448 438.326592 255.02016 7
0 529.337888 427.1616 547.003872 322.336 8
0 579.640288 288.23168 592.200992 222.66496 9
0 518.965952 303.29248 540.456768 218.32288 10
0 551.86096 326.38368 574.26256 256.49888 11
0 352.367104 134.86112 376.627456 59.86912 12
0 372.75856 271.19232 405.6568 189.23776 13
0 401.455488 285.717088 436.017792 223.347872 15
0 481.088128 376.60576 505.620352 283.37376 17
0 327.131456 145.9888 354.934464 77.59904 18
0 505.644832 341.976 536.063968 273.73088 21
0 565.26048 412.37184 584.81696 316.09152 24
0 505.800928 295.418496 531.805472 243.584384 25
0 542.86336 375.2848 565.6448 314.62624 26
0 591.002304 364.89664 606.202176 295.28768 27
0 573.09584 370.754528 589.96848 307.872032 30
0 466.942848 329.4544 491.164032 250.49312 22
0 329.352928 245.37952 367.523872 162.1648 19
0 533.381312 500.55008 575.207488 405.80512 28
0 408.93792 222.90048 428.60832 139.69152 14
0 606.197504 449.47648 629.874176 373.0976 29
0 591.429376 287.7424 601.627904 205.59008 31
0 348.95408 146.65248 364.1096 81.00576 16
0 590.64064 460.5344 605.49504 356.37056 20
0 549.55264 425.133728 578.24 380.176992 23
0 25.1744 214.25952 41.882752 116.82912 32
