0 287.226016 336.45984 310.082144 183.75136 2
0 393.648992 393.41984 424.244128 280.70752 4
0 338.814976 171.246496 358.101504 107.474784 6
0 405.630784 356.54368 437.651136 256.23328 7
0 579.554624 285.4112 596.405696 213.78368 9
0 519.743488 304.00608 542.892032 219.24128 10
0 551.094464 326.84672 575.226176 257.49376 11
0 378.758656 264.09248 410.697984 189.49728 13
0 407.911264 307.20384 443.156896 227.43552 15
0 504.971136 354.05696 536.617344 273.15456 21
0 508.550528 297.34096 533.384832 243.05712 25
0 542.336352 379.457408 562.486688 317.419392 26
0 595.383872 455.00608 615.787968 342.608 27
0 571.56784 357.936608 592.8072 300.072992 30
0 573.239552 389.683456 593.928448 330.888704 24
0 338.557664 152.56736 374.760736 74.68896 18
0 457.87872 422.34272 497.26496 326.41248 3
0 574.455328 450.21632 603.919072 378.82944 20
0 554.913312 397.977184 578.911968 352.113056 29
0 591.972064 364.671808 606.678816 310.067392 32
0 299.417728 392.87168 347.275392 285.00608 1
0 467.601568 324.95424 492.706912 253.84256 22
0 480.849344 363.58368 502.922816 288.18592 17
0 370.183328 209.375648 403.360352 159.443552 5
0 463.919072 284.12256 487.222048 215.73664 14
0 323.89632 254.9408 368.736 162.66048 23
0 364.37488 222.061408 403.17584 159.664032 16
0 442.693088 354.02048 467.776032 274.14976 19
0 614.73424 446.51744 630.684 371.73792 8
0 524.850752 435.20416 547.041728 368.72288 12
0 25.51008 215.44 40.317632 117.904 31
0 306.572992 392.60672 347.468608 288.17792 28
