0 311.602432 407.35008 352.704768 288.05728 1
0 287.11328 317.80096 308.77664 177.94048 2
0 308.84624 243.20544 326.11312 131.2176 3
0 393.607392 390.256 423.794208 286.1536 4
0 383.985632 218.619392 412.800288 165.506048 5
0 339.417696 171.87808 357.891744 106.25568 6
0 405.063552 358.48256 439.500928 256.4512 7
0 530.056416 427.19104 546.109984 314.24768 8
0 565.926944 273.703584 586.239456 231.243616 9
0 518.907904 303.0832 541.001216 219.35648 10
0 548.42064 322.97184 574.21104 256.59552 11
0 351.630336 138.792 376.363264 61.65472 12
0 372.93632 273.68736 406.57344 190.34464 13
0 402.316608 279.794208 434.220992 219.216352 15
0 481.083776 376.55424 504.535424 281.2288 17
0 326.759584 147.5136 352.578656 78.23616 18
0 504.930208 344.50592 535.278432 276.56032 21
0 563.94384 390.63072 582.49584 309.59456 24
0 504.997248 295.1616 532.340352 242.60096 25
0 543.496672 383.90112 565.376288 316.39328 26
0 590.343936 366.28928 606.146304 299.2928 27
0 574.182304 383.73184 590.141536 306.11648 30
0 468.281664 324.46624 495.560896 249.86464 22
0 324.157728 258.5136 366.719712 159.56128 19
0 537.867392 499.752 574.908288 402.47776 28
0 589.721376 477.37984 604.691424 353.8688 20
0 605.896448 448.75296 629.265152 372.59232 29
0 407.637728 225.85152 428.055072 134.73472 14
0 588.194912 284.1872 600.768928 216.42464 31
0 549.55264 425.133728 578.24 380.176992 23
0 413.598592 275.445184 431.768448 212.607296 16
0 25.1744 214.25952 41.882752 116.82912 32
