0 311.3576 406.1952 352.51568 288.38144 1
0 287.17024 317.17664 308.68512 177.22976 2
0 312.921664 207.51808 333.693376 106.99584 3
0 395.011488 391.192 424.335712 286.76 4
0 389.405984 218.338528 420.018656 164.565792 5
0 339.462528 174.35008 357.939072 106.60352 6
0 407.416416 364.86176 439.512224 258.50208 7
0 529.752384 428.10336 545.750976 311.42432 8
0 548.389248 286.631136 572.093312 233.788704 9
0 518.700032 309.8912 540.624128 220.3104 10
0 547.530816 319.63504 574.711744 255.65968 11
0 352.461888 138.27936 375.456192 62.63968 12
0 372.660512 269.4912 404.823008 192.49664 13
0 394.873568 285.14352 430.679072 222.9 15
0 470.40096 366.13472 498.30304 283.50112 17
0 327.363968 147.35968 353.183872 77.23936 18
0 500.097344 349.88064 531.668416 272.16352 21
0 562.684768 386.39904 581.976992 308.82144 24
0 505.620288 298.619584 531.397312 242.738496 25
0 543.15856 381.77504 565.1256 315.67136 26
0 590.42016 362.788352 606.4656 306.682368 27
0 574.243232 386.96416 590.043488 307.64064 30
0 466.657472 312.621024 489.602368 249.004576 22
0 327.063072 261.89536 365.858528 159.944 19
0 537.551776 502.19232 574.896224 401.20736 28
0 591.705152 457.60064 606.051008 350.24832 20
0 606.647968 451.0384 629.513312 370.89568 29
0 398.815104 188.38752 420.450176 123.73792 14
0 589.596 290.92128 600.88464 219.99968 31
0 549.55264 425.133728 578.24 380.176992 23
0 413.598592 275.445184 431.768448 212.607296 16
0 25.1744 214.25952 41.882752 116.82912 32
