0 287.31856 340.18624 309.99216 183.46816 2
0 383.206912 391.92736 424.790528 286.39328 4
0 338.985056 171.996608 357.535904 109.219392 6
0 403.695424 357.97568 438.092736 256.22976 7
0 579.648096 285.36672 596.477344 213.46336 9
0 519.708512 307.06432 541.343648 218.69184 10
0 550.398112 327.82048 575.103328 256.90272 11
0 379.024704 263.32768 410.854336 190.21856 13
0 407.177344 288.335104 440.779136 226.960896 15
0 503.601664 348.07584 533.325056 268.61792 21
0 541.862368 375.050016 562.319392 316.288224 26
0 595.850752 455.6416 615.244288 346.79168 27
0 571.522368 358.68208 593.017792 299.49776 30
0 324.134208 254.5136 367.206592 160.59936 23
0 572.83552 393.784896 594.06752 330.656704 24
0 339.972832 152.8352 375.183648 76.33472 18
0 460.879712 425.59968 504.484768 331.00576 3
0 552.934496 402.155904 578.210464 352.969856 29
0 299.576512 393.01984 347.499328 285.57472 1
0 467.844192 324.01376 490.642848 254.504 22
0 481.84464 355.967456 507.9256 292.370464 17
0 614.49248 445.1008 630.73248 372.61312 8
0 463.682752 284.7376 487.179328 215.28928 14
0 364.548608 222.650432 403.606272 159.430848 16
0 573.335424 453.56192 602.911616 385.56256 20
0 592.23248 369.138016 606.91504 309.441184 32
0 442.72528 363.44512 468.09072 274.10752 19
0 352.900544 121.0464 376.470336 47.05472 5
0 369.408416 209.303072 403.813984 159.441888 12
0 509.543904 299.082176 533.275936 242.183744 25
0 25.51008 215.44 40.317632 117.904 31
0 306.572992 392.60672 347.468608 288.17792 28
