0 314.966176 406.3728 351.924064 287.62784 1
0 288.63072 322.41824 310.70496 181.6048 2
0 396.128096 390.98112 424.346784 284.3776 4
0 336.126304 174.70688 358.729376 105.78848 6
0 405.78624 350.26016 437.95648 256.14112 7
0 579.623744 285.38144 596.829376 214.06176 9
0 519.958464 306.76992 541.174336 219.46752 10
0 548.348608 321.027776 574.521152 257.648704 11
0 355.414272 135.09856 376.521728 56.22816 12
0 379.049696 269.95296 410.483744 189.41728 13
0 405.087136 286.807392 438.464864 222.898848 15
0 481.329184 373.77312 504.083936 282.99232 17
0 506.073472 345.34752 536.046208 272.8848 21
0 506.492064 299.387872 533.104736 243.389728 25
0 543.306336 368.958144 565.921184 311.624256 26
0 595.77456 382.53728 606.564 309.9376 27
0 571.843712 360.38128 592.751488 309.26992 30
0 465.875296 331.27104 490.909344 248.94528 22
0 324.627616 259.9808 365.447264 160.57088 23
0 573.93776 401.52288 592.82576 333.60416 24
0 585.51232 346.053408 597.2512 286.223072 32
0 335.505024 148.33216 372.395136 73.13984 18
0 363.476448 219.980672 403.098912 158.713728 16
0 418.732832 440.72096 457.196768 341.53056 3
0 524.710912 501.9296 565.431808 410.1024 28
0 577.258016 467.29088 603.457504 378.17984 20
0 412.986464 254.49856 440.041376 163.71456 14
0 530.673696 419.25632 546.164704 324.9344 8
0 24.816896 211.76288 38.886784 117.47616 31
0 605.490624 450.26976 630.586176 374.66208 29
0 372.938016 206.853792 404.559584 158.556768 5
0 330.749728 143.37824 358.235872 77.05568 19
