0 313.57552 406.5552 352.30352 287.39936 1
0 288.637056 322.51008 310.446464 180.45568 2
0 395.426464 357.42464 424.062816 284.10368 4
0 336.149984 173.73952 358.730016 105.55008 6
0 405.015264 350.696 438.960416 255.76544 7
0 529.357472 417.38368 546.531168 322.89792 8
0 580.210464 270.175456 596.429536 213.418784 9
0 519.637792 303.62176 540.925408 220.13632 10
0 547.569888 324.5632 574.855712 257.70112 11
0 355.009344 135.47008 376.709056 56.45952 12
0 374.366624 272.10816 410.736736 191.27744 13
0 405.775968 290.74752 439.884192 217.80032 15
0 481.032704 374.27296 504.289536 284.26144 17
0 505.526016 341.29504 535.839744 273.07808 21
0 507.0064 296.049152 531.99776 243.926528 25
0 541.011744 366.867552 564.575456 310.006688 26
0 591.88272 381.22336 606.37648 310.4208 27
0 568.92976 356.78144 589.25648 308.09408 30
0 465.854848 325.76896 492.860032 248.81152 22
0 410.054048 225.27616 426.941792 141.05216 14
0 324.721376 264.65696 364.282144 160.34912 23
0 573.81344 399.08064 593.0064 331.21696 24
0 334.538624 152.43648 371.715456 73.59872 18
0 25.052512 210.98496 40.580896 116.87936 31
0 544.964064 425.710336 578.170656 373.932544 28
0 364.133184 212.161952 404.435136 158.582368 16
0 524.338848 497.5232 568.104032 402.9248 3
0 585.549792 465.71008 603.401248 377.41056 20
0 581.688608 316.01952 594.916832 246.84384 32
0 605.490624 450.26976 630.586176 374.66208 29
0 372.938016 206.853792 404.559584 158.556768 5
0 330.749728 143.37824 358.235872 77.05568 19
