0 313.649184 406.98784 352.423136 288.45408 1
0 288.70272 320.368 310.95424 181.67232 2
0 312.577504 203.23456 333.145376 99.79904 3
0 396.752128 395.6912 428.097792 293.27136 4
0 395.546688 216.13248 424.558272 167.56288 5
0 339.659072 175.22848 358.394048 106.89632 6
0 403.65216 357.60352 439.15488 259.848 7
0 526.911456 431.09664 545.830944 322.264 8
0 540.889408 321.960352 556.335552 259.655008 9
0 517.882528 298.71008 539.031392 220.8496 10
0 555.030752 317.470624 574.150688 257.495136 11
0 354.328096 139.29472 378.681824 63.67488 12
0 372.862272 270.97056 405.591488 191.06208 13
0 386.226976 197.516704 413.459424 141.721696 14
0 392.906176 283.78464 423.261504 216.00032 15
0 461.499072 368.07552 495.882048 282.12352 17
0 327.35888 150.35488 355.54032 77.71168 18
0 499.41776 339.05696 532.82544 273.19392 21
0 560.6336 365.13248 575.93472 297.34432 24
0 503.479328 289.147584 528.236512 237.956416 25
0 542.789888 375.288288 563.596032 315.119392 26
0 594.496384 392.6016 606.243456 310.47936 27
0 574.812576 389.68832 589.991264 314.5088 30
0 465.944416 306.858176 496.291744 248.706624 22
0 324.591744 265.8832 364.295296 159.48 19
0 537.733888 496.3568 576.503552 399.74304 28
0 544.411136 423.218336 576.248064 374.788704 23
0 589.444384 288.04512 600.867296 214.96544 31
0 550.961408 397.72464 576.713472 351.72048 29
0 25.14304 214.09888 42.137728 115.97856 32
0 587.87856 399.79328 599.77456 304.3744 20
0 575.853056 497.57888 589.385984 413.20128 16
