0 303.769504 391.17632 349.340256 288.99904 1
0 286.978272 335.52256 309.995808 184.6976 2
0 396.614784 391.39744 423.725696 282.85792 4
0 338.651104 171.576224 358.417696 107.776096 6
0 404.867072 359.30112 437.745408 257.11744 7
0 579.51792 281.22048 596.04304 213.63136 9
0 520.305024 304.59808 541.698176 220.01248 10
0 551.77552 328.78208 575.18384 257.2672 11
0 379.09248 265.84768 410.55232 189.8528 13
0 406.316544 288.30016 440.180736 227.66272 15
0 480.38912 374.688 503.0976 279.2512 17
0 504.540064 350.36544 536.147296 272.77312 21
0 505.595904 296.302368 533.719296 242.664672 25
0 543.13712 368.676224 566.77776 311.972736 26
0 595.407552 448.66304 613.369408 334.71872 27
0 571.748864 356.168064 592.601856 299.565696 30
0 466.915424 324.47648 489.500576 251.09088 22
0 457.880224 281.66464 481.701216 212.97984 14
0 324.0904 256.53888 368.1464 160.22528 23
0 572.790944 392.93648 593.776736 329.97552 24
0 338.504608 146.432 373.167712 73.90592 18
0 364.111936 223.04896 403.377344 159.03744 16
0 443.933024 405.6016 479.017376 321.14656 3
0 368.555392 208.032576 403.494528 158.812864 5
0 574.896384 451.20512 603.570176 378.81216 20
0 558.113504 397.146176 579.268896 353.169344 29
0 25.297152 215.25216 39.5968 118.37344 31
0 593.60208 363.517184 606.17904 309.949696 32
0 612.849312 451.24512 630.371168 372.95584 8
0 523.868768 502.28064 564.924832 409.11776 28
0 353.287968 118.27392 374.525152 50.12544 12
0 330.749728 143.37824 358.235872 77.05568 19
