0 313.506272 406.01504 352.170528 287.48128 1
0 286.184192 318.63552 307.804928 180.7488 2
0 309.455072 188.2832 325.933088 83.44416 3
0 394.336576 394.24096 429.854144 293.36864 4
0 408.659968 237.976 434.515712 159.14144 5
0 339.74624 166.166624 358.32224 105.908896 6
0 406.279904 364.8704 442.608416 264.84608 7
0 525.492352 430.10656 545.204608 314.89056 8
0 542.83792 357.80352 559.68112 284.4928 9
0 513.753152 286.63456 534.090688 211.42496 10
0 554.713792 306.070464 574.238528 256.431936 11
0 364.235616 165.6624 385.648544 85.96384 12
0 373.817792 267.86464 403.212608 190.75936 13
0 392.504992 204.49024 415.404128 133.49888 14
0 389.171008 291.232 420.487872 221.216 15
0 589.794048 449.35584 603.985152 344.5424 16
0 454.738496 370.15872 492.565184 277.98336 17
0 328.46208 139.834976 354.47808 77.643424 18
0 328.813184 251.01568 369.283456 158.39488 19
0 610.60032 444.13856 630.90496 373.25024 20
0 499.706656 353.07616 535.524064 274.89056 21
0 467.740384 335.59744 498.362656 247.75744 22
0 550.70864 440.267424 581.92624 382.965856 23
0 559.643552 335.732096 582.412128 286.908544 24
0 504.629984 290.270688 530.982176 233.707552 25
0 545.102048 407.43552 580.678432 349.03424 26
0 593.199648 391.14688 608.144352 322.33664 27
0 540.622752 505.78272 578.751328 404.49056 28
0 557.775488 382.98912 583.706752 318.34336 29
0 569.778624 401.31872 590.404416 314.1616 30
