0 313.809088 405.55072 352.132672 287.952 1
0 288.63232 316.63968 311.07968 183.63808 2
0 310.225056 195.12416 327.180384 85.50688 3
0 395.596768 397.55392 428.294432 293.632 4
0 408.517024 227.3168 433.234016 160.1264 5
0 339.492704 172.77952 358.377376 105.26848 6
0 406.73088 354.58272 438.54528 258.41184 7
0 525.838816 430.912 545.299744 314.74176 8
0 543.367264 351.81056 560.257696 283.59168 9
0 513.552704 287.83488 535.589056 212.25856 10
0 555.498176 305.49664 574.031424 255.51712 11
0 357.55168 146.31584 379.04864 72.13024 12
0 373.110144 271.94112 403.938176 191.02976 13
0 390.803328 204.34176 415.083392 134.79808 14
0 392.2376 284.50176 425.03216 219.31136 15
0 589.244512 454.56544 605.071008 357.14784 16
0 461.204064 368.91808 495.814816 281.8416 17
0 326.573216 136.955328 353.113184 76.178752 18
0 325.010176 257.6672 366.031104 159.19424 19
0 610.412032 450.1792 630.882048 384.14912 20
0 499.799616 344.41664 536.172224 274.91264 21
0 466.723424 312.058688 497.931936 249.144512 22
0 546.74016 437.290336 581.38656 383.444384 23
0 559.563936 335.020352 576.814944 288.225728 24
0 501.85088 291.894944 530.29632 237.880416 25
0 545.093312 402.812032 578.801728 346.177408 26
0 592.761504 370.864128 606.543456 318.604032 27
0 540.667872 503.11424 578.413088 404.56576 28
0 572.952416 401.02048 591.146144 309.13888 30
0 558.430624 373.789888 579.225696 321.448512 29
0 588.39456 303.05056 600.41056 214.43424 31
0 560.367712 394.90656 588.287648 315.99264 32
