0 311.686176 407.24256 352.036064 287.81664 1
0 288.438496 318.752 310.372384 180.84864 2
0 373.849216 418.03808 424.365184 300.6512 3
0 396.345344 365.2544 424.071936 285.05856 4
0 338.394016 171.81344 358.152544 106.1232 6
0 406.871808 359.77728 438.673152 256.33024 7
0 529.257248 427.2 545.296352 321.1456 8
0 580.024736 267.6344 596.247904 212.28112 9
0 519.201696 304.17568 541.021024 219.8192 10
0 546.920832 321.9792 574.357888 257.26688 11
0 352.111744 133.2256 376.332416 60.46144 12
0 373.509344 270.49536 408.434976 189.46624 13
0 405.414496 292.7072 441.194144 218.93824 15
0 480.938112 373.53472 503.829888 280.73984 17
0 505.836384 341.47616 536.209056 273.43712 21
0 506.692896 298.56176 532.896224 243.86768 25
0 541.322784 368.27376 565.028576 310.75088 26
0 591.117728 378.03616 606.277472 310.65248 27
0 568.20864 363.702944 591.41504 308.128096 30
0 466.908352 332.856 490.868288 249.42752 22
0 604.91984 450.45568 630.03696 374.13824 29
0 571.946976 389.690336 592.799264 329.731104 24
0 585.292256 480.48448 603.971104 373.872 20
0 409.966624 222.44192 427.178976 140.50592 14
0 324.535392 263.65472 364.455328 160.40288 23
0 363.481216 218.203552 403.028864 159.414368 16
0 349.112128 150.89568 367.744192 80.31584 19
0 540.969664 446.032864 575.547456 388.141856 31
0 327.075904 141.443072 354.257856 78.455808 32
0 557.678144 413.200704 579.001536 352.764096 28
0 583.579968 298.888224 597.583552 245.303776 18
0 367.409152 207.35104 404.857088 158.78016 5
