0 315.105024 406.392 351.931136 287.36672 1
0 288.855168 317.9488 310.431872 181.37024 2
0 395.881632 386.20736 424.328288 284.1888 4
0 335.689792 174.5136 358.803648 105.62976 6
0 405.989536 348.37952 437.968224 256.4064 7
0 579.65632 284.34976 596.83648 213.976 9
0 519.939936 306.488 541.185184 219.30144 10
0 548.182112 320.41296 574.610848 257.7016 11
0 355.359616 135.1056 376.504704 56.17632 12
0 379.192736 271.3168 410.647904 189.18624 13
0 404.908704 287.706144 438.730336 224.117216 15
0 481.403904 373.17248 504.123136 283.39072 17
0 506.020544 345.4976 536.122176 272.8704 21
0 506.251744 299.600064 533.170976 243.631936 25
0 543.25952 368.216928 565.98976 311.480992 26
0 595.779904 383.55296 606.694336 310.13664 27
0 569.746336 359.724832 592.080224 309.025248 30
0 465.89056 329.61056 490.49472 249.14016 22
0 324.641472 262.176 365.323328 160.5184 23
0 573.152288 404.82528 592.664032 333.46848 24
0 585.333664 341.32144 597.756256 281.47408 32
0 335.409792 146.83552 372.390528 72.75872 18
0 363.324864 220.144352 403.093056 158.598688 16
0 416.230336 441.65408 455.639104 344.11872 3
0 524.244896 500.68576 565.445984 409.02944 28
0 578.049568 463.8016 603.444192 378.31552 20
0 412.524128 242.9104 435.808672 157.48384 14
0 530.673696 419.25632 546.164704 324.9344 8
0 24.816896 211.76288 38.886784 117.47616 31
0 605.490624 450.26976 630.586176 374.66208 29
0 372.938016 206.853792 404.559584 158.556768 5
0 330.749728 143.37824 358.235872 77.05568 19
