0 315.227072 405.44768 352.131648 288.01152 1
0 288.526112 318.60736 310.935008 183.35488 2
0 309.929952 197.4208 327.638048 83.87072 3
0 396.679168 395.53184 428.340992 293.20032 4
0 408.228032 228.90016 433.000768 160.19168 5
0 339.42096 172.73248 358.44144 105.97984 6
0 405.6464 355.60224 438.48032 258.8464 7
0 525.926848 429.91904 544.940352 313.03008 8
0 543.302464 353.52448 560.346816 283.49184 9
0 513.155968 288.616 535.605632 212.67296 10
0 555.575328 305.52448 574.051552 255.53024 11
0 355.682976 146.15584 379.225184 71.61312 12
0 373.19568 270.59872 403.55696 191.15104 13
0 390.681728 203.61344 414.599552 135.37408 14
0 392.782464 284.78304 423.307136 219.5984 15
0 588.243072 457.95968 605.888128 362.4384 16
0 460.8928 367.86368 495.57312 281.66592 17
0 326.442528 138.654816 352.273632 75.924384 18
0 326.880608 256.24064 366.111392 163.79648 19
0 614.059552 454.12544 631.005408 384.27968 20
0 499.564448 343.00768 534.882912 274.66784 21
0 547.287456 439.120704 581.485664 382.969536 23
0 559.68336 335.932256 576.61872 288.483744 24
0 501.505024 292.234432 530.276096 237.854528 25
0 543.974944 405.63712 579.205856 344.192 26
0 592.914112 377.228544 606.680128 318.309376 27
0 541.22416 503.7952 578.51984 404.71296 28
0 570.624448 401.53856 590.969152 308.63616 30
0 557.398912 373.795008 579.015808 323.651392 29
0 466.753024 311.820704 497.700096 249.155936 22
0 588.39456 303.05056 600.41056 214.43424 31
0 560.367712 394.90656 588.287648 315.99264 32
