0 313.811296 405.776 352.089504 287.96224 1
0 288.365728 316.136 311.058272 183.46848 2
0 309.741856 173.80992 326.258144 83.56608 3
0 395.650624 397.73408 428.257216 293.48512 4
0 409.507616 227.58976 433.413344 159.77536 5
0 339.697952 171.07968 358.361568 105.75232 6
0 406.833984 354.89152 438.544576 258.3424 7
0 525.587232 431.92992 545.350368 314.50976 8
0 542.985376 349.02816 559.728224 283.38784 9
0 513.444576 287.7568 535.231264 212.10112 10
0 555.445568 305.424096 573.966272 255.424544 11
0 357.464896 146.3008 378.952384 72.88 12
0 373.084224 271.86432 403.280576 190.84672 13
0 390.83568 204.16576 414.93712 134.48896 14
0 392.341376 284.75168 425.450624 217.90048 15
0 589.275008 455.71328 605.135232 354.77376 16
0 461.065248 370.15168 496.120032 282.13888 17
0 326.648 137.451968 353.44544 75.833152 18
0 323.940448 257.10432 365.930912 159.98496 19
0 609.856192 450.36928 630.461248 382.65472 20
0 499.610048 341.56736 535.399232 275.14816 21
0 466.557216 305.988896 495.568864 248.713184 22
0 547.44624 438.63088 581.49328 382.82576 23
0 559.273088 331.625536 576.435072 287.685824 24
0 501.697056 291.451552 529.916384 237.843808 25
0 545.43744 400.679232 579.13344 347.110848 26
0 592.578368 368.765664 606.615232 318.916896 27
0 541.43424 502.35424 578.34688 404.4272 28
0 573.76208 401.59008 591.08912 308.9968 30
0 557.70768 374.149056 579.26128 320.906304 29
0 588.39456 303.05056 600.41056 214.43424 31
0 560.367712 394.90656 588.287648 315.99264 32
