0 314.076576 405.8016 352.084064 287.9648 1
0 288.515552 315.87296 310.959648 183.47424 2
0 309.80016 172.5776 326.09872 83.62848 3
0 395.750912 398.05952 428.296448 293.64224 4
0 408.953536 229.1152 433.550144 159.67456 5
0 339.664608 170.6064 358.362912 105.71872 6
0 406.516896 355.74432 438.476384 258.29472 7
0 525.8656 432.72256 545.30368 314.59904 8
0 542.790976 347.74336 559.299264 283.46176 9
0 513.45328 287.75328 535.20976 212.13536 10
0 555.36256 305.333216 573.9328 255.301664 11
0 357.64064 146.44512 379.1504 72.97248 12
0 373.065376 272.33024 403.633504 191.09632 13
0 390.811712 204.52 414.922688 134.584 14
0 392.373888 285.27424 425.194112 218.80256 15
0 589.64672 454.07232 605.1808 353.97632 16
0 460.924224 370.35232 496.170176 282.17248 17
0 326.729024 135.556032 353.365696 76.532288 18
0 323.74608 257.27616 365.83472 158.82112 19
0 611.246784 451.06944 630.118976 381.70112 20
0 499.593184 341.5552 535.435296 275.26144 21
0 466.464544 306.6944 496.051936 248.59392 22
0 548.870944 438.992576 581.475296 382.684224 23
0 559.269984 332.885984 576.685216 287.814176 24
0 501.773152 291.643584 529.837728 237.983296 25
0 545.431872 400.391744 579.241408 347.993536 26
0 593.052576 369.512992 606.617184 318.266848 27
0 541.254432 502.25376 578.357728 404.40992 28
0 574.189856 402.0032 591.064544 309.12512 30
0 556.640768 370.749536 579.498752 319.225504 29
0 588.39456 303.05056 600.41056 214.43424 31
0 560.367712 394.90656 588.287648 315.99264 32
