0 311.404032 406.91072 352.384768 287.51872 1
0 288.489024 314.38784 310.234816 180.79296 2
0 367.734752 390.42304 407.836448 274.14016 3
0 396.28928 386.88096 423.93856 284.48288 4
0 338.366688 171.83552 358.109472 106.78208 6
0 406.399584 355.592 438.719136 256.888 7
0 529.348736 425.8528 545.240704 321.00544 8
0 579.84192 282.616 595.72544 212.57888 9
0 519.420288 304.45088 541.062272 219.448 10
0 546.534944 323.64704 574.158816 257.3808 11
0 352.660288 134.37632 376.700352 61.55712 12
0 373.197984 272.81984 408.318816 190.50176 13
0 405.661632 292.58656 440.856128 216.61664 15
0 480.627392 374.96288 503.958848 282.27872 17
0 327.017984 144.56128 358.221056 78.65536 18
0 505.088448 341.63328 536.228672 273.53472 21
0 506.117216 298.896992 532.674464 243.509408 25
0 542.646912 379.2304 565.181568 313.02816 26
0 591.048 372.724544 606.20512 309.469376 27
0 567.748192 357.590336 590.320288 308.051904 30
0 467.705344 326.66976 492.274176 249.72576 22
0 533.431072 502.54848 574.219488 415.7184 28
0 590.300576 463.15392 605.682784 362.06208 20
0 410.089376 223.7824 427.204704 141.3824 14
0 606.780768 450.04704 630.206112 374.81312 29
0 324.436448 264.09344 364.445472 160.39936 23
0 363.374656 221.371648 404.357824 157.970432 16
0 574.044 389.293856 592.4584 331.524064 24
0 367.10672 207.739456 404.97776 159.200704 5
0 347.865664 148.08224 366.330816 79.30592 19
0 580.805344 285.41328 594.630176 229.23888 32
0 556.852032 410.877056 579.077568 353.727104 31
