0 311.50672 407.61792 352.57648 287.85472 1
0 287.326624 317.25088 309.312096 178.9104 2
0 308.978304 262.3456 337.870976 158.0128 3
0 394.281888 391.53856 423.796832 286.4672 4
0 380.411072 214.576352 412.706368 163.091488 5
0 339.299328 169.978208 358.195712 106.426272 6
0 405.750528 358.70336 438.532352 255.01184 7
0 529.771136 429.92352 546.236544 319.65728 8
0 571.36256 286.636288 587.80672 228.545792 9
0 518.917536 301.70592 540.855904 219.11456 10
0 550.904448 323.03552 574.524032 256.49984 11
0 351.1304 136.94272 376.49584 60.81216 12
0 372.949536 273.56928 406.155744 189.62048 13
0 402.436192 282.03632 435.186848 220.74896 15
0 480.976864 376.04576 504.510496 282.55264 17
0 327.202432 146.79552 352.572288 78.07744 18
0 505.514912 343.60256 536.586848 277.6032 21
0 564.78752 395.96096 583.45184 312.08128 24
0 505.115808 297.588352 532.667232 243.408768 25
0 543.757856 383.02464 565.968864 316.70272 26
0 591.7216 364.610624 606.3392 300.888256 27
0 573.793728 377.1024 590.085952 306.31136 30
0 467.528032 327.248 491.817888 249.4432 22
0 327.024256 251.94816 365.930624 160.66752 19
0 537.664704 499.9632 575.017536 404.20448 28
0 589.800672 481.2976 605.245728 354.63328 20
0 408.283328 225.22048 430.027072 137.74784 14
0 590.011328 289.70624 600.896832 218.05824 31
0 606.261792 444.9088 628.549088 372.60416 29
0 549.55264 425.133728 578.24 380.176992 23
0 413.598592 275.445184 431.768448 212.607296 16
0 25.1744 214.25952 41.882752 116.82912 32
