0 311.720672 407.22112 352.640288 288.09536 1
0 287.137408 318.38048 308.801152 178.3952 2
0 307.908448 254.48096 330.107552 147.04352 3
0 394.344096 393.39424 423.874144 286.32672 4
0 381.811008 214.17344 413.226432 163.50848 5
0 339.649152 170.798272 358.318208 106.937408 6
0 405.933952 358.55424 438.743168 255.3952 7
0 530.043872 428.03552 546.126368 318.344 8
0 569.498656 278.798432 587.009504 228.482208 9
0 518.66144 301.90208 540.51936 219.21664 10
0 549.931744 322.97888 574.485536 256.19552 11
0 351.51312 135.8928 376.46768 59.928 12
0 372.815008 273.45152 406.096992 189.5488 13
0 402.501056 280.789952 434.176064 219.344448 15
0 481.032416 376.11584 504.511264 281.66464 17
0 327.10432 146.2272 352.83936 77.85728 18
0 505.190048 344.09728 536.302432 278.72128 21
0 564.39392 390.43072 582.91232 310.87104 24
0 504.927008 297.771296 533.073632 243.509984 25
0 543.832096 383.87168 565.732064 316.43296 26
0 591.311648 365.073216 606.225632 301.979584 27
0 573.723872 379.48224 589.779488 305.93344 30
0 467.440288 325.18624 493.807712 249.1792 22
0 325.863328 255.22336 366.301792 160.71776 19
0 538.080768 500.19104 575.012352 401.69568 28
0 589.703808 478.01696 604.662912 354.09568 20
0 407.868096 225.05184 429.767744 136.51872 14
0 588.301024 284.16608 600.893216 216.44704 31
0 605.387648 447.3104 628.560512 372.85728 29
0 549.55264 425.133728 578.24 380.176992 23
0 413.598592 275.445184 431.768448 212.607296 16
0 25.1744 214.25952 41.882752 116.82912 32
