0 315.060128 405.27008 351.851872 287.69504 1
0 288.516 320.06048 310.69808 183.76288 2
0 309.098912 196.10176 326.294368 87.43488 3
0 395.706848 394.20576 428.716832 293.29376 4
0 409.481248 227.57728 432.959712 160.38816 5
0 339.616032 172.76 358.391008 106.21344 6
0 404.239968 353.62016 438.646432 258.66528 7
0 525.856384 432.68704 544.985216 314.5552 8
0 543.302848 346.407712 560.502592 283.818208 9
0 513.534496 288.10944 535.636704 212.72256 10
0 555.571744 305.998016 574.111456 255.901504 11
0 355.014656 145.89184 379.546624 70.41792 12
0 373.406208 270.36 404.484352 191.1312 13
0 390.84224 202.86624 414.9408 134.44448 14
0 392.84576 284.43488 424.48544 219.57536 15
0 584.326304 458.11072 603.484256 374.82752 16
0 461.45552 367.98944 495.08464 282.39136 17
0 326.021024 146.71072 353.315936 77.05888 18
0 324.467616 257.59168 366.422624 161.1232 19
0 499.67536 343.03808 535.02032 274.61568 21
0 551.370944 439.895456 581.519936 381.303904 23
0 559.80768 336.935744 576.37664 288.565696 24
0 502.487712 291.149472 530.279008 238.078048 25
0 545.954912 400.98784 575.520928 330.38624 26
0 593.25344 382.25536 606.56992 318.18752 27
0 572.074048 403.97664 591.497152 308.1552 30
0 466.725984 306.551904 492.672416 248.898976 22
0 604.737312 453.43872 624.110048 380.30464 20
0 584.84384 347.269248 598.15392 290.973312 32
0 541.851712 505.95904 578.607808 404.99136 28
0 560.431296 403.06304 591.357504 305.12256 29
0 588.39456 303.05056 600.41056 214.43424 31
