0 312.750464 406.57664 352.342656 288.14848 1
0 288.55696 319.40096 310.51376 181.79584 2
0 312.68224 201.3168 330.83392 94.03808 3
0 395.469856 397.67904 428.327904 294.056 4
0 393.325728 215.28624 423.663712 166.14992 5
0 339.565888 174.88608 358.313152 106.5744 6
0 402.977888 357.19296 438.720672 258.96704 7
0 524.126272 426.40032 545.368768 315.7936 8
0 540.103744 328.95376 558.457536 273.55248 9
0 518.238016 299.36992 539.447744 219.36544 10
0 555.80464 314.894432 574.0872 256.871328 11
0 354.332928 139.28928 378.779392 62.5488 12
0 372.89072 271.27808 405.50416 191.52768 13
0 387.230208 197.213344 413.830912 139.554656 14
0 392.862496 284.592 423.454944 217.808 15
0 461.042592 372.10784 494.034528 282.23968 17
0 327.401856 151.39712 355.737984 77.09312 18
0 499.80512 333.68032 533.18176 273.97408 21
0 550.888192 420.987136 579.876608 380.387584 23
0 560.337248 359.853248 575.560352 296.109632 24
0 502.728352 290.554112 528.440928 237.795328 25
0 542.554592 379.754464 566.299168 317.073696 26
0 593.599616 394.2976 606.562944 314.97984 27
0 575.09056 389.07232 590.52608 312.26656 30
0 466.365024 301.795968 492.678816 248.388992 22
0 324.736864 265.98368 364.736416 158.6 19
0 585.765632 376.49664 596.939008 290.14528 20
0 559.140256 393.785024 576.898144 351.882816 29
0 548.190144 495.52672 578.084416 406.7056 28
0 588.96192 288.03552 600.60992 214.568 31
0 576.3768 490.53664 593.01712 413.06144 16
0 24.272672 214.792 39.122144 122.42016 32
