0 311.558784 407.85088 352.784256 288.39744 1
0 287.21968 316.93088 308.66256 177.23744 2
0 311.592896 233.73408 329.075264 121.51328 3
0 393.821088 391.16832 424.001632 286.44064 4
0 384.913024 219.635872 414.489216 168.351328 5
0 339.29584 174.7904 357.72304 106.50112 6
0 406.823968 365.38656 439.567072 257.5152 7
0 529.791008 430.95168 546.091232 318.96448 8
0 560.53936 266.600384 579.62576 232.177216 9
0 518.759104 305.1504 540.728896 219.87872 10
0 547.588608 321.50976 574.134272 257.29472 11
0 351.37376 140.04032 376.38176 61.57632 12
0 372.906112 271.54368 406.766208 191.47072 13
0 398.22832 284.430688 433.33648 221.722272 15
0 477.245632 372.22144 502.444608 283.46752 17
0 327.169728 148.65536 352.450112 78.3616 18
0 503.263584 345.25312 532.843936 273.49888 21
0 563.532672 391.0848 582.456448 309.78688 24
0 504.716544 298.49712 531.632896 244.16144 25
0 543.301408 383.71808 565.336032 316.11168 26
0 590.735072 365.00368 606.230048 305.61136 27
0 574.43152 384.64288 590.28272 307.3456 30
0 468.263808 320.8224 497.137792 247.95712 22
0 326.113184 258.80576 367.074656 159.63776 19
0 537.70656 501.0512 574.54176 401.13632 28
0 606.629248 449.21312 629.771392 371.49728 29
0 588.41904 287.83904 600.94032 217.27712 31
0 589.994336 477.58944 605.036704 351.5856 20
0 403.896288 223.79648 426.110752 128.91776 14
0 549.55264 425.133728 578.24 380.176992 23
0 413.598592 275.445184 431.768448 212.607296 16
0 25.1744 214.25952 41.882752 116.82912 32
