0 313.78112 405.54592 352.13376 287.92864 1
0 288.65744 316.9056 311.08272 183.67296 2
0 310.291872 197.39136 327.375968 85.78432 3
0 395.595072 397.55552 428.292288 293.63296 4
0 408.562272 227.3024 433.229728 160.13568 5
0 339.462304 172.9712 358.357856 105.23168 6
0 406.74496 354.61568 438.53504 258.45312 7
0 525.853856 430.38112 545.320544 314.71968 8
0 543.296864 351.6432 560.246176 283.58496 9
0 513.562592 287.80384 535.644448 212.26016 10
0 555.503616 305.560928 574.033664 255.506592 11
0 357.475584 146.41792 379.091456 72.09472 12
0 373.115712 271.9376 403.974848 191.0768 13
0 390.794624 204.3408 415.088256 134.82208 14
0 392.2504 284.56032 425.05008 219.42176 15
0 589.295104 454.31104 605.049856 357.27168 16
0 461.19904 369.19808 495.84672 281.82272 17
0 326.587136 136.9376 353.014784 76.05824 18
0 325.12896 257.50304 366.0608 159.47488 19
0 610.520192 450.25248 630.899328 384.22304 20
0 499.828128 343.53088 536.272992 274.96768 21
0 466.629056 309.9592 497.833024 248.75056 22
0 546.3744 437.25728 581.37984 383.49408 23
0 559.570432 335.305728 576.962048 288.362752 24
0 501.668672 291.932096 530.305728 237.918784 25
0 545.031232 401.80336 578.605248 346.24784 26
0 592.790208 370.87472 606.537792 318.56912 27
0 540.49248 503.05984 578.42208 404.62656 28
0 572.582432 400.816 591.156448 308.94912 30
0 558.403136 374.574976 579.227584 321.647744 29
0 588.39456 303.05056 600.41056 214.43424 31
0 560.367712 394.90656 588.287648 315.99264 32
