0 312.291808 406.10688 352.298272 288.25984 1
0 285.303232 316.22976 307.649088 181.06048 2
0 309.334784 181.5504 326.277376 83.88192 3
0 393.000864 391.22464 428.998496 292.40416 4
0 406.499008 235.7744 433.932352 160.08224 5
0 340.005824 167.330144 358.464576 106.066336 6
0 406.646656 361.30304 442.337664 263.58656 7
0 525.810656 428.23712 545.004064 315.27776 8
0 542.747296 357.95168 559.509344 284.61472 9
0 513.939488 279.04288 533.681632 211.33536 10
0 554.940992 305.834112 574.157248 255.896448 11
0 364.261344 167.87296 385.837856 85.84096 12
0 374.080352 267.41728 403.692448 190.21856 13
0 392.534848 203.9296 415.826112 133.3312 14
0 389.773472 291.25312 420.955488 220.7264 15
0 589.7416 447.5792 604.04016 343.95104 16
0 459.917888 370.63872 494.055872 282.22144 17
0 328.686368 138.017536 354.201312 77.442304 18
0 328.679328 255.15488 369.736032 158.44768 19
0 610.323552 444.85984 630.823328 373.47232 20
0 500.056896 349.14816 534.738624 274.55488 21
0 467.156608 322.68896 498.508672 249.06144 22
0 546.766016 440.420384 582.036544 383.959776 23
0 559.622464 336.233888 582.504896 286.848352 24
0 503.785856 289.77856 530.473344 235.10848 25
0 543.729152 404.64256 579.766528 350.10304 26
0 594.701024 391.76608 608.163616 323.04608 27
0 540.685664 505.8224 578.807456 404.07968 28
0 557.145184 383.98112 583.900576 318.22432 29
0 572.303072 402.81504 590.287648 313.66752 30
0 589.10016 290.30688 601.91424 222.67872 31
