0 311.14272 405.49632 352.00608 288.2752 1
0 287.268576 312.65248 309.279264 180.08992 2
0 309.641248 279.0 354.104032 176.35104 3
0 395.390848 392.04128 423.971712 285.45376 4
0 376.020352 210.40544 409.341568 160.12256 5
0 339.438656 168.657728 358.572224 107.145152 6
0 408.002624 357.38656 438.246336 255.06016 7
0 529.245792 428.98688 547.014048 321.65888 8
0 579.728064 287.22592 592.894016 220.66272 9
0 518.992224 303.57792 540.416416 218.42528 10
0 551.821984 325.80576 574.227296 256.64672 11
0 352.418528 135.18208 376.632352 59.86048 12
0 372.739072 270.88064 405.375488 189.23328 13
0 401.313344 285.967168 436.127936 223.131072 15
0 481.02544 376.57408 505.6408 283.23392 17
0 327.107584 145.73408 355.101696 77.57856 18
0 505.657984 342.4048 535.958656 273.62976 21
0 565.0904 415.03904 584.82448 316.19296 24
0 505.998336 295.85024 532.373504 244.31488 25
0 542.883648 374.552736 565.540032 314.668384 26
0 591.357472 365.16512 606.279648 295.58496 27
0 573.378848 373.67424 590.151392 307.93728 30
0 466.979872 329.16608 491.407328 250.4704 22
0 330.54464 244.82272 367.54304 162.80096 19
0 533.188832 500.1088 575.150368 404.7296 28
0 591.00464 455.25056 605.492 356.39872 20
0 408.905376 222.99968 428.581984 140.18752 14
0 606.287424 449.24864 629.804736 373.2 29
0 548.356 406.428544 576.71536 355.903616 23
0 591.564704 287.84736 601.600096 205.6336 31
0 348.994816 146.60704 364.121344 80.99104 16
0 25.1744 214.25952 41.882752 116.82912 32
