0 311.963296 406.75488 352.176224 288.41184 1
0 287.228064 313.5152 309.164896 180.23712 2
0 315.798944 287.5776 362.034016 184.48512 3
0 395.781248 393.51744 424.271232 284.41536 4
0 374.96304 211.330432 408.86672 159.250048 5
0 339.364864 169.242688 358.478336 107.255232 6
0 407.452256 358.816 438.260384 255.38688 7
0 529.69136 429.18688 546.49296 321.40384 8
0 579.577216 279.86144 593.357184 213.448 9
0 519.12272 304.95168 540.42544 218.6336 10
0 550.107648 325.22336 574.284032 256.648 11
0 351.727712 136.88544 376.386208 62.30944 12
0 372.53392 272.70272 405.81232 188.80512 13
0 402.692576 285.190912 436.424224 222.611968 15
0 480.8232 378.00192 505.22736 285.42208 17
0 327.356992 147.04224 355.327168 78.08032 18
0 505.647776 343.92736 535.906144 273.31552 21
0 564.867072 380.039968 584.575488 317.106912 24
0 506.695456 296.287744 532.000224 243.390976 25
0 543.113568 377.17792 565.022112 315.52096 26
0 591.763648 365.9072 606.334272 295.09504 27
0 573.849984 376.53216 590.503296 308.8976 30
0 467.14368 330.328 493.74464 248.62368 22
0 344.268832 249.89696 366.625248 165.65248 19
0 533.511584 502.65728 574.610016 405.27104 28
0 409.539328 222.96736 428.749312 140.30176 14
0 590.630528 456.70176 605.453952 356.78688 20
0 606.329632 449.3344 629.761248 374.04352 29
0 592.025728 294.76256 601.619072 215.3264 31
0 565.305952 424.28928 586.959008 319.1872 23
0 348.994816 146.60704 364.121344 80.99104 16
0 25.1744 214.25952 41.882752 116.82912 32
