0 287.346784 330.54432 309.966496 183.6944 2
0 383.794752 394.06592 425.155008 284.01536 4
0 338.891488 172.35152 357.612832 108.5688 6
0 404.378208 358.64512 437.787552 256.26176 7
0 579.761472 284.95328 596.426688 213.64384 9
0 519.682304 305.14688 541.541376 218.85312 10
0 549.92656 326.17728 575.16528 257.09952 11
0 378.789632 263.28928 410.905088 189.98176 13
0 407.121792 289.68688 440.483968 226.88784 15
0 503.905216 347.1664 534.972224 269.89728 21
0 509.543904 299.082176 533.275936 242.183744 25
0 542.41376 375.972864 563.06464 316.240896 26
0 595.87904 456.4848 615.09312 346.89312 27
0 571.698048 357.798752 592.808832 299.730848 30
0 572.773536 393.662592 594.105184 330.515328 24
0 339.945856 153.96704 375.273344 76.19104 18
0 461.217984 424.20192 504.741696 330.87648 3
0 297.66544 392.74144 347.48656 285.69568 1
0 467.897152 325.18464 491.549888 255.42464 22
0 481.792544 354.913568 506.924256 292.401632 17
0 463.823872 286.80192 488.008448 215.60704 14
0 324.002336 254.26368 366.003424 160.34496 23
0 364.44032 221.832064 403.34848 159.364736 16
0 573.8848 453.448 603.85728 384.52832 20
0 554.877312 398.937248 578.269568 352.461152 29
0 591.998208 369.852832 606.922752 309.102688 32
0 369.281824 209.35904 403.927776 159.34624 12
0 353.67232 124.98496 376.4 51.14304 5
0 443.365408 360.1424 468.242912 274.05536 19
0 614.678528 446.0608 630.822912 371.94624 8
0 25.51008 215.44 40.317632 117.904 31
0 306.572992 392.60672 347.468608 288.17792 28
