0 312.322016 406.84384 352.278304 287.25024 1
0 288.32496 320.22944 310.21456 181.07744 2
0 347.460288 348.55392 384.468032 224.5328 3
0 395.957376 392.12576 423.986304 284.04448 4
0 338.625792 172.36032 358.547968 106.33792 6
0 405.890912 359.86816 438.438048 256.69504 7
0 529.729248 426.53344 545.201952 319.99328 8
0 579.366944 279.63712 595.216096 213.05664 9
0 519.50272 307.06304 541.11808 219.33696 10
0 548.680832 323.96608 574.286208 257.38304 11
0 352.115776 137.56512 376.510144 61.8128 12
0 373.18144 268.33696 407.4688 189.78016 13
0 404.960064 294.24768 441.091776 217.04192 15
0 480.555936 375.3216 505.543264 284.8256 17
0 327.116032 145.37984 357.806848 78.19392 18
0 505.411424 345.02912 536.118176 272.91904 21
0 507.566336 302.41168 533.252864 243.53776 25
0 542.976992 380.30368 565.660448 315.28672 26
0 590.852256 372.45888 606.362464 307.55264 27
0 567.812448 358.543072 590.473632 306.918688 30
0 466.609504 324.48384 490.227616 249.20064 22
0 534.152672 501.12128 574.757408 410.11328 28
0 590.594144 467.92544 605.952416 358.45536 20
0 410.065024 222.4288 428.162176 139.70624 14
0 606.643872 450.57504 630.399328 374.59488 29
0 324.5976 244.67744 363.86064 160.088 23
0 587.04272 306.36064 607.03472 238.1616 32
0 363.215104 222.741248 400.638976 159.359232 16
0 569.813152 394.4992 590.792288 329.12832 24
0 369.104832 209.156832 404.755008 158.757408 5
0 565.886976 402.56256 588.129024 312.84736 31
0 346.740512 227.510624 364.079328 165.314976 19
