0 311.858464 408.14816 352.842976 288.7952 1
0 287.03552 314.2128 308.79808 177.81536 2
0 313.896736 209.1344 331.946464 114.67744 3
0 394.018976 390.18656 424.013664 286.1488 4
0 387.079392 218.241792 417.191968 168.142848 5
0 339.422944 173.47104 357.874976 106.6288 6
0 406.849984 364.78656 439.461696 257.8912 7
0 530.02272 430.42368 546.05024 317.648 8
0 551.935456 277.197984 575.864864 231.979616 9
0 518.512032 307.08288 540.842848 220.14272 10
0 547.853792 320.94528 574.437408 256.7136 11
0 351.271296 138.98432 376.121984 61.46496 12
0 372.86192 271.0272 406.10768 191.31648 13
0 396.901856 284.288928 432.416544 221.270112 15
0 474.726208 374.40288 498.576832 284.8304 17
0 327.308096 147.66624 353.868224 78.09504 18
0 502.2104 346.90368 531.98224 273.0464 21
0 563.124768 389.79584 582.490592 309.55648 24
0 504.745024 300.023744 531.559616 244.862016 25
0 543.30992 384.58432 565.2264 316.01728 26
0 589.583104 366.887296 606.254336 306.859904 27
0 574.35312 386.48608 590.1256 307.61056 30
0 466.769184 315.27232 496.109536 248.10816 22
0 325.579808 258.72992 366.385632 159.69184 19
0 536.828768 501.60992 574.331552 401.46848 28
0 590.15408 473.39808 605.30192 351.76672 20
0 606.599872 450.26112 629.546048 371.51808 29
0 402.89936 213.04416 426.4024 125.544 14
0 588.693856 287.3568 600.904864 217.94368 31
0 549.55264 425.133728 578.24 380.176992 23
0 413.598592 275.445184 431.768448 212.607296 16
0 25.1744 214.25952 41.882752 116.82912 32
