0 287.812256 304.71232 310.011744 183.76896 2
0 376.376704 389.09952 422.375296 285.64992 4
0 338.960512 172.011136 357.536128 109.218944 6
0 403.04592 358.78912 437.89744 256.1024 7
0 579.447616 280.35808 596.292544 214.1776 9
0 519.808448 308.1136 541.970752 218.9328 10
0 550.742208 322.64576 575.213632 257.11488 11
0 379.284 263.0704 410.41712 190.0176 13
0 407.5168 289.983488 441.17568 227.283712 15
0 501.818464 349.70528 532.526496 267.896 21
0 539.910336 370.837344 560.012864 311.754656 26
0 596.993344 456.78336 615.229376 347.33184 27
0 571.187872 359.396064 593.171808 299.714336 30
0 463.18016 287.4176 487.2928 213.9392 14
0 324.207968 251.95424 368.388512 164.07776 23
0 573.82288 388.019008 594.1848 331.550912 24
0 340.402368 153.12192 375.621952 76.47936 18
0 364.310464 227.49824 403.279936 158.46784 16
0 461.285856 423.8432 502.793504 331.21728 3
0 572.370976 455.2896 600.011744 384.38272 20
0 549.133152 405.604352 578.240928 355.273728 29
0 592.48144 373.22112 606.89648 310.2208 32
0 299.308256 394.24448 347.875104 286.70016 1
0 467.775104 321.56768 491.198336 254.2096 22
0 482.185888 355.968512 508.806752 293.564928 17
0 614.309312 452.13568 630.454848 372.07808 8
0 510.995776 505.64032 554.468544 409.91424 28
0 354.36704 118.10528 376.9328 42.19168 5
0 545.156768 475.98304 573.040992 391.74048 19
0 369.408416 209.303072 403.813984 159.441888 12
0 509.543904 299.082176 533.275936 242.183744 25
0 25.51008 215.44 40.317632 117.904 31
