0 313.90032 405.7472 352.09776 288.0256 1
0 288.423904 316.11936 311.097376 183.46336 2
0 309.730976 174.43072 326.139744 83.64672 3
0 395.63104 397.5488 428.26784 293.44512 4
0 409.380896 227.5456 433.376224 159.78624 5
0 339.63776 171.65632 358.37568 105.7184 6
0 406.844864 354.88032 438.552896 258.35616 7
0 525.608 431.88992 545.39104 314.65216 8
0 543.00176 349.7488 559.88208 283.5248 9
0 513.43056 287.7952 535.2504 212.1216 10
0 555.438272 305.571392 573.972288 255.438528 11
0 357.529728 146.25568 378.964352 72.7792 12
0 373.082016 271.8672 403.323744 190.80928 13
0 390.848608 204.28224 414.975392 134.44672 14
0 392.352768 284.85888 425.426432 218.04416 15
0 589.250592 455.76608 605.108448 355.06784 16
0 461.126336 370.02624 495.989824 282.1248 17
0 326.608032 136.66608 353.316448 76.13648 18
0 324.052672 257.42528 365.983808 159.80736 19
0 609.575136 450.19648 630.559264 382.93504 20
0 499.555168 341.48352 535.365792 275.13216 21
0 466.727072 307.55088 496.804448 248.39536 22
0 547.528288 438.375424 581.475232 382.827776 23
0 559.32128 331.784352 576.44704 287.701088 24
0 501.72128 291.374592 529.89856 237.826048 25
0 545.540256 401.040928 579.095904 346.554592 26
0 592.619712 368.785984 606.617408 318.920896 27
0 541.272672 502.29056 578.354848 404.43712 28
0 573.706752 401.20672 591.104768 308.92704 30
0 558.041408 375.333312 579.252672 321.414208 29
0 588.39456 303.05056 600.41056 214.43424 31
0 560.367712 394.90656 588.287648 315.99264 32
