0 315.369888 405.34784 352.138592 287.88608 1
0 288.45424 319.11872 310.80464 183.59872 2
0 309.545856 194.11296 327.055744 86.27232 3
0 395.996224 396.66176 428.312256 293.54112 4
0 408.676224 229.08576 432.976256 159.94208 5
0 339.490368 173.44544 358.464192 106.1104 6
0 404.889472 353.90464 438.569088 258.81088 7
0 525.985088 434.75904 544.736192 314.26368 8
0 543.29408 346.551264 560.35904 283.459616 9
0 513.258848 287.90944 535.114912 212.38368 10
0 555.695136 304.97584 574.044384 255.66544 11
0 355.339424 148.11904 379.148896 70.53824 12
0 373.165696 269.976 403.735424 191.32832 13
0 390.70144 203.66528 414.59136 135.21088 14
0 392.7976 284.33216 425.77904 219.856 15
0 586.0088 454.78272 604.34384 371.6544 16
0 461.006592 368.83328 495.607808 281.98144 17
0 326.347648 148.91424 353.119872 76.55136 18
0 324.694176 255.15328 366.233184 163.69728 19
0 499.780384 343.30304 535.015136 274.6272 21
0 551.914112 438.380224 581.529728 381.686336 23
0 559.955424 339.934016 576.351776 288.845504 24
0 502.00768 291.821408 529.86048 237.934752 25
0 545.40352 401.90048 577.09632 332.92448 26
0 593.460352 380.410208 606.607488 318.451872 27
0 572.43072 403.70848 591.21856 307.0768 30
0 466.777088 308.847424 497.248512 248.486336 22
0 560.431296 403.06304 591.357504 305.12256 29
0 617.619136 455.47168 631.287104 383.74624 20
0 541.849856 502.21856 578.724864 404.68448 28
0 588.39456 303.05056 600.41056 214.43424 31
0 560.367712 394.90656 588.287648 315.99264 32
