0 314.910144 406.17568 351.964736 287.2848 1
0 288.851872 314.47552 310.419808 181.06752 2
0 395.7208 386.3264 424.15632 284.5344 4
0 336.415072 174.27392 358.955168 105.66464 6
0 405.978944 346.97408 438.316736 256.96448 7
0 580.527872 276.594464 596.670208 213.705696 9
0 520.081664 303.82656 541.185536 219.89568 10
0 547.854784 321.950208 574.751296 257.983232 11
0 355.209696 131.7536 376.506144 55.5488 12
0 379.512256 272.19584 411.726144 189.00608 13
0 404.249472 288.85344 439.465088 222.72288 15
0 480.844992 373.19328 504.653888 283.86272 17
0 505.755808 345.90176 535.956832 272.89632 21
0 507.596608 299.168896 533.104832 243.511424 25
0 542.997312 369.210944 565.221568 311.139776 26
0 592.886464 383.30592 606.623296 309.97536 27
0 569.003328 360.051584 590.651072 309.037696 30
0 465.816736 328.89312 492.805984 248.63776 22
0 324.688864 262.8192 365.808416 160.70592 23
0 572.147552 403.32512 592.652448 328.85792 24
0 334.789472 148.3824 372.629408 72.51488 18
0 363.195232 222.0408 403.221408 158.39568 16
0 413.544512 441.51648 453.229248 346.07648 3
0 577.720864 464.35744 603.606496 378.54944 20
0 408.228448 228.1888 424.461472 140.01216 14
0 581.02672 329.51104 595.16912 260.67392 32
0 522.465536 500.26496 564.692224 406.65216 28
0 528.554912 419.51712 546.163808 322.39904 8
0 24.816896 211.76288 38.886784 117.47616 31
0 605.490624 450.26976 630.586176 374.66208 29
0 372.938016 206.853792 404.559584 158.556768 5
0 330.749728 143.37824 358.235872 77.05568 19
