0 312.15952 407.1392 352.36912 287.1648 1
0 288.392768 321.41984 310.255552 181.02496 2
0 348.2744 352.6864 385.55344 229.30784 3
0 395.944512 391.11296 424.010688 284.18176 4
0 338.522912 173.16704 358.421728 106.43232 6
0 405.747616 360.06208 438.416224 256.60992 7
0 529.789024 429.79616 545.345696 318.59552 8
0 579.420736 278.864 595.324864 212.7648 9
0 519.549312 307.1712 541.182848 219.56416 10
0 548.58688 323.01376 574.27392 257.45984 11
0 352.463744 137.2256 376.492416 62.29184 12
0 373.02896 269.11488 407.73264 189.73952 13
0 405.216224 293.54464 441.156896 218.10976 15
0 480.464992 375.13408 505.501088 284.57152 17
0 327.11968 146.23808 358.1808 78.448 18
0 505.412032 343.7456 536.202048 273.0416 21
0 507.0416 303.139584 533.18368 243.575296 25
0 543.065248 380.97248 565.288032 315.49216 26
0 590.999904 371.739744 606.355616 308.975776 27
0 567.861696 357.413024 590.505024 307.306336 30
0 466.408608 324.5376 488.973152 249.44256 22
0 534.259584 500.44512 574.700416 410.51296 28
0 410.009248 222.01344 428.091232 140.02048 14
0 606.745696 451.4288 630.379424 374.49888 29
0 363.208928 222.938304 400.405792 159.474496 16
0 572.045472 395.6112 591.180128 330.5712 24
0 370.975904 208.561152 404.784736 158.923008 5
0 590.698816 465.64 605.966784 358.63008 20
0 324.608704 245.54912 363.844416 160.25312 23
0 585.980896 305.8208 607.360544 239.55136 32
0 565.886976 402.56256 588.129024 312.84736 31
0 346.740512 227.510624 364.079328 165.314976 19
