0 311.520896 407.5584 352.148864 287.456 1
0 288.429792 321.07392 310.213408 181.26464 2
0 350.879488 365.41504 390.340352 240.75072 3
0 396.149344 390.71168 424.081056 283.81376 4
0 338.256576 172.50176 358.215744 106.21952 6
0 405.294464 358.384 438.577536 256.30656 7
0 529.385952 424.37952 545.679648 319.52448 8
0 579.527392 280.81216 595.462688 212.4512 9
0 519.48448 306.14752 541.45888 219.31552 10
0 548.812384 323.18272 574.145696 257.32544 11
0 352.3496 135.38848 376.48624 62.77344 12
0 372.860576 268.9024 408.357984 189.70624 13
0 405.611008 291.38464 440.854272 218.06176 15
0 480.558336 374.23264 505.282304 285.54336 17
0 327.0736 144.00928 354.05024 79.34432 18
0 505.446656 343.58112 536.502784 272.99104 21
0 506.336864 301.15616 532.698016 243.69376 25
0 542.942368 380.7648 565.253472 314.71936 26
0 590.943488 371.724064 606.204672 309.170656 27
0 567.570784 360.277632 590.885536 307.470208 30
0 466.3976 321.49792 489.6152 249.92352 22
0 533.377984 501.76064 575.149376 411.95072 28
0 410.16048 221.94304 427.34096 141.10976 14
0 606.860864 452.05152 630.302656 374.41504 29
0 324.498752 250.8352 364.689088 160.45952 23
0 585.090048 305.684 606.001152 241.7848 32
0 363.403008 222.86592 403.848192 158.05952 16
0 572.266112 386.34432 592.080768 328.32576 24
0 369.064512 207.037728 404.831168 158.916832 5
0 557.750144 409.504512 579.029376 353.811968 31
0 590.826048 456.51904 605.867712 357.75808 20
0 346.740512 227.510624 364.079328 165.314976 19
