0 287.713984 304.92064 309.944896 183.72832 2
0 377.276736 389.91648 423.365824 286.59552 4
0 338.95536 172.385792 357.49392 109.331968 6
0 402.968224 358.68576 437.859936 256.23648 7
0 579.465024 281.88928 596.300736 213.96096 9
0 519.78336 307.13056 541.77312 218.98528 10
0 550.758848 323.67072 575.196992 257.00768 11
0 379.29568 263.4432 410.51808 190.07744 13
0 407.53744 289.263072 440.87216 227.342368 15
0 501.818816 350.85152 532.532544 268.03488 21
0 540.37312 370.451936 560.6176 313.060384 26
0 596.901504 457.11296 615.363456 347.42848 27
0 571.208608 359.09952 593.120352 299.76 30
0 463.214112 286.63264 487.423968 214.23776 14
0 324.194784 251.39296 368.020256 163.83904 23
0 573.542368 389.767648 594.086432 331.412512 24
0 340.356352 152.72064 375.534848 76.61568 18
0 364.365856 226.52896 403.216864 158.79712 16
0 461.328416 423.97696 502.695904 331.28704 3
0 572.455968 455.63648 600.402912 385.30176 20
0 549.218176 405.954976 578.219904 355.611744 29
0 592.464096 373.506112 606.920224 310.079168 32
0 300.260768 394.18464 347.877472 286.65888 1
0 467.870304 322.8976 491.712416 254.47712 22
0 482.131456 355.757888 508.611584 293.638592 17
0 614.378176 450.6304 630.540864 372.09344 8
0 511.978848 506.78784 555.192992 410.0352 28
0 545.156768 475.98304 573.040992 391.74048 19
0 354.08752 118.08352 376.91408 42.32352 5
0 369.408416 209.303072 403.813984 159.441888 12
0 509.543904 299.082176 533.275936 242.183744 25
0 25.51008 215.44 40.317632 117.904 31
