0 310.85248 405.408 352.03008 288.19456 1
0 287.402688 311.50592 309.132352 180.05376 2
0 309.094656 278.42528 350.452224 174.61024 3
0 395.398464 392.17952 423.925696 285.45632 4
0 380.206144 210.813184 409.909696 160.496896 5
0 339.380512 168.929984 358.566368 107.076416 6
0 408.025408 357.50944 438.260672 255.0384 7
0 529.336064 424.94592 547.027456 321.66912 8
0 579.50192 288.08352 592.21264 223.36352 9
0 518.965376 303.5568 540.447104 218.33888 10
0 551.786656 325.64288 574.249824 256.37056 11
0 352.365824 135.0784 376.632576 60.0832 12
0 372.735104 271.43936 405.956736 189.13792 13
0 401.631968 285.600224 436.129312 223.277856 15
0 481.208992 376.59264 505.618528 282.69184 17
0 327.149792 146.15808 355.104288 77.58336 18
0 505.672992 342.02976 536.035808 273.55808 21
0 565.355072 411.856 585.016768 315.97248 24
0 505.812 295.873376 531.93392 243.540384 25
0 543.16064 374.900992 565.71232 314.892288 26
0 590.949376 364.73056 606.249984 295.3104 27
0 572.940064 370.568544 589.911776 307.671456 30
0 467.067424 329.41792 491.245536 249.75776 22
0 328.472224 245.13984 367.170656 162.0768 19
0 533.698368 500.53056 575.256512 405.30496 28
0 409.021856 222.7904 428.681824 139.63264 14
0 606.180672 449.75648 629.949888 373.03136 29
0 590.621792 461.82976 605.462688 356.47552 20
0 348.766048 147.51808 364.001952 81.26016 16
0 590.79456 287.72864 601.03392 215.3472 31
0 549.55264 425.133728 578.24 380.176992 23
0 25.1744 214.25952 41.882752 116.82912 32
