0 309.435392 407.16832 351.420928 289.52416 1
0 287.256512 326.87328 309.990208 183.87232 2
0 396.390848 397.3408 424.314432 283.37856 4
0 338.247264 171.5936 358.452896 106.6336 6
0 406.247424 357.75648 437.967616 256.82144 7
0 579.602432 285.58656 596.364288 213.424 9
0 520.143264 304.90912 541.338976 219.8704 10
0 549.562176 325.32224 575.277504 257.7088 11
0 353.45168 119.6 375.05008 49.05536 12
0 379.75424 265.80608 410.89024 190.38464 13
0 405.195808 279.504032 435.197152 226.565728 15
0 479.709312 378.2928 503.312768 282.56096 17
0 504.569472 348.46752 536.211328 273.14656 21
0 504.321984 297.766496 534.474816 242.900384 25
0 543.160992 371.593152 566.021728 312.035648 26
0 593.237536 424.98688 608.705504 317.55136 27
0 573.686016 354.349568 592.662784 299.398912 30
0 465.75616 332.36832 492.04096 249.13696 22
0 432.87632 290.9104 470.86768 196.82464 14
0 324.132352 258.08576 366.751488 159.71776 23
0 571.3528 404.45184 592.8712 328.61952 24
0 335.46368 143.35168 371.56864 73.63264 18
0 364.646976 220.30688 403.734464 158.6832 16
0 441.437024 407.90336 475.076256 316.47552 3
0 371.11168 207.058464 403.88992 158.821856 5
0 573.837536 463.69632 603.615264 377.76032 20
0 558.477216 402.928672 578.870624 353.516768 29
0 594.290624 361.300256 607.781696 309.029344 32
0 524.647808 501.65344 564.705152 410.53216 28
0 530.673696 419.25632 546.164704 324.9344 8
0 24.816896 211.76288 38.886784 117.47616 31
0 330.749728 143.37824 358.235872 77.05568 19
