0 311.11712 405.51936 351.992 288.3328 1
0 287.321696 312.61728 309.260704 180.11232 2
0 309.470656 278.4544 353.240384 176.03008 3
0 395.430176 391.88288 423.965664 285.56992 4
0 376.68608 210.669568 409.43104 160.178432 5
0 339.433312 168.57328 358.575008 107.12464 6
0 408.021856 357.3568 438.278304 255.0592 7
0 529.295104 429.41888 547.045376 322.10112 8
0 579.726304 287.34016 592.633376 222.32 9
0 519.008352 304.15328 540.492448 218.37856 10
0 551.825248 325.95968 574.250912 256.61952 11
0 352.399232 134.85888 376.631168 59.86624 12
0 372.788608 270.83424 405.446272 189.2656 13
0 401.35392 285.885888 436.11168 223.207232 15
0 481.043648 376.6592 505.621312 283.20896 17
0 327.113088 145.84352 355.039872 77.5856 18
0 505.656256 342.68384 536.041024 273.63744 21
0 565.183648 415.68512 584.777312 316.12032 24
0 505.903552 295.789568 531.807808 243.685632 25
0 542.90736 375.473152 565.59184 314.518528 26
0 591.208288 365.15968 606.264992 295.52 27
0 573.175488 373.37888 590.089792 307.90624 30
0 466.969856 329.1696 491.670784 250.00352 22
0 330.345504 245.09056 367.569376 162.8416 19
0 533.191296 500.30272 575.135104 405.54816 28
0 408.987936 222.944 428.578784 140.08448 14
0 606.277632 449.20736 629.794048 373.14272 29
0 590.794176 457.49792 605.493824 356.4272 20
0 591.564704 287.84736 601.600096 205.6336 31
0 348.994816 146.60704 364.121344 80.99104 16
0 549.55264 425.133728 578.24 380.176992 23
0 25.1744 214.25952 41.882752 116.82912 32
