0 313.089568 404.7504 351.817952 287.46848 1
0 288.385472 319.3552 310.712128 183.44928 2
0 309.532736 181.16608 327.122624 84.37888 3
0 392.102592 394.7584 428.904768 292.78464 4
0 408.706464 229.5936 433.815136 160.6336 5
0 339.704512 166.901504 358.429248 106.210816 6
0 407.212672 367.25056 440.759168 262.26624 7
0 525.547264 429.46016 545.046016 315.58304 8
0 542.83856 354.73344 559.38992 284.35008 9
0 513.838272 283.36608 533.869888 211.87104 10
0 555.371424 305.35152 573.733216 256.32784 11
0 362.300992 168.5888 385.103808 85.32224 12
0 373.758656 273.92992 404.458304 190.94048 13
0 392.086816 203.42432 415.580384 134.14752 14
0 393.595328 287.74208 429.332032 221.08352 15
0 590.384512 456.94336 605.322368 349.75232 16
0 462.33184 366.53184 496.17824 282.91584 17
0 327.737664 136.955392 353.356736 74.994688 18
0 328.503488 249.04608 369.293632 161.61888 19
0 608.89184 450.33344 630.1328 374.06848 20
0 500.096736 350.3568 535.894304 275.74752 21
0 467.15536 324.64992 498.63152 250.55264 22
0 550.078496 439.947648 581.414624 383.485312 23
0 559.178592 335.399136 579.606688 287.908384 24
0 503.698816 290.865536 530.346624 236.175744 25
0 544.408704 406.782112 578.833536 345.356128 26
0 593.326112 379.739008 607.883488 323.681152 27
0 541.314592 505.09696 578.685408 405.36576 28
0 558.950784 381.754144 580.204416 319.779296 29
0 588.488544 299.91968 600.386976 215.28288 31
0 568.57008 401.8688 590.24464 312.01792 30
0 560.367712 394.90656 588.287648 315.99264 32
