0 311.727648 407.65312 352.607712 287.968 1
0 287.406816 316.50624 309.411104 179.32224 2
0 308.932608 263.2336 339.244032 160.6704 3
0 394.249632 391.36832 423.834208 286.4928 4
0 381.489536 215.249472 412.779904 163.071168 5
0 339.26128 169.817952 358.17104 106.338208 6
0 405.649632 358.84512 438.498848 255.00576 7
0 529.770912 429.31296 546.234208 319.62272 8
0 571.606912 286.31856 587.599488 228.74192 9
0 518.92864 301.78016 540.85632 219.09152 10
0 550.862944 323.02016 574.488736 256.71104 11
0 351.290848 136.89696 376.526112 61.12544 12
0 372.947136 273.68672 405.993024 189.50048 13
0 402.389728 282.175872 434.929952 220.619648 15
0 480.944096 375.8912 504.558624 282.2784 17
0 327.23744 146.41632 352.856 78.18144 18
0 505.576064 342.8 536.503936 277.16416 21
0 565.031744 393.42112 583.434176 312.24416 24
0 505.061312 296.452256 533.547328 242.295904 25
0 543.745024 382.98688 566.029056 316.69312 26
0 591.735264 364.46816 606.340896 300.64288 27
0 573.793536 377.88576 590.068224 306.44832 30
0 467.523744 327.6464 491.749216 249.43904 22
0 326.89344 249.60832 365.904 161.03232 19
0 537.706752 499.77536 574.884608 404.6304 28
0 589.800672 481.2976 605.245728 354.63328 20
0 408.283328 225.22048 430.027072 137.74784 14
0 590.011328 289.70624 600.896832 218.05824 31
0 606.261792 444.9088 628.549088 372.60416 29
0 549.55264 425.133728 578.24 380.176992 23
0 413.598592 275.445184 431.768448 212.607296 16
0 25.1744 214.25952 41.882752 116.82912 32
