0 313.613632 406.01504 352.201408 288.248 1
0 287.626336 314.31168 309.149344 178.48704 2
0 312.457568 208.48448 333.781152 104.22976 3
0 395.300832 390.66432 424.618528 288.37696 4
0 396.149312 217.273088 424.118208 165.672192 5
0 339.243808 175.82208 358.360032 107.39328 6
0 405.330272 361.30752 439.302048 259.75104 7
0 528.13712 432.2112 546.1208 319.4176 8
0 539.2552 308.77248 560.20592 233.56736 9
0 518.305888 310.55616 539.589792 219.55328 10
0 550.425792 320.418272 574.129728 257.792288 11
0 354.056128 138.26368 376.589632 64.37184 12
0 372.717536 269.45728 405.563424 191.53984 13
0 392.931232 284.144 419.272288 218.0704 15
0 463.596672 363.68928 496.364928 282.65824 17
0 327.501088 150.98848 356.500192 77.44672 18
0 499.859808 348.16 533.028512 272.80128 21
0 561.95632 384.68224 580.96592 304.8832 24
0 504.59888 290.487168 529.06128 239.155072 25
0 542.641696 379.568288 565.295584 315.657312 26
0 589.767872 361.182944 606.541888 307.389216 27
0 573.851008 389.43872 589.729152 305.83424 30
0 466.40304 302.700992 491.37232 249.334848 22
0 325.324608 266.38304 364.967872 159.88384 19
0 538.264128 500.79616 575.997632 397.64352 28
0 548.064704 428.037408 577.810496 378.425312 23
0 589.622048 290.23072 600.885472 219.31808 31
0 400.085792 172.986432 415.063008 133.116608 14
0 590.659456 441.67488 604.046464 336.40896 20
0 25.1744 214.25952 41.882752 116.82912 32
0 555.963584 398.699712 577.054016 352.093248 29
0 575.853056 497.57888 589.385984 413.20128 16
