0 306.7064 407.18432 350.63632 290.30688 1
0 287.328896 328.54976 310.018944 183.87776 2
0 396.315392 397.25952 424.144128 282.85696 4
0 338.491936 172.3952 358.311904 107.48704 6
0 406.749184 357.10848 437.895936 256.02816 7
0 579.60352 285.28704 596.4272 213.52 9
0 520.07136 305.5632 541.36352 219.992 10
0 550.616352 327.54304 575.376608 257.55264 11
0 379.566176 266.168 410.773664 190.20064 13
0 405.311968 288.634816 439.562272 225.228864 15
0 479.781568 379.8784 503.433792 279.67616 17
0 504.607616 348.7616 535.730304 272.51456 21
0 504.503168 298.381408 534.526592 242.874272 25
0 542.941216 370.22272 566.208224 312.21184 26
0 593.671456 436.20768 610.930144 324.58208 27
0 571.638784 356.018432 592.403456 298.851328 30
0 465.749472 326.16832 491.245088 250.13888 22
0 324.089216 257.61056 367.387264 159.61312 23
0 571.739392 401.10592 592.979968 329.80736 24
0 337.18512 147.44128 372.63632 73.5776 18
0 364.598592 222.167296 403.633088 158.808064 16
0 442.447808 410.31712 477.152832 322.33952 3
0 370.704 207.008416 403.7728 158.877024 5
0 574.432064 453.67264 603.278016 379.33984 20
0 556.980032 401.792128 578.980288 353.700992 29
0 442.485792 287.14272 474.219488 202.6224 14
0 24.923488 209.74976 40.485792 116.62208 31
0 594.110656 365.311936 607.642944 309.492544 32
0 610.062496 448.67904 630.299744 372.8096 8
0 353.287968 118.27392 374.525152 50.12544 12
0 524.647808 501.65344 564.705152 410.53216 28
0 330.749728 143.37824 358.235872 77.05568 19
