0 312.698848 405.81408 352.441632 288.1776 1
0 285.494496 318.35488 307.350304 180.99616 2
0 309.34464 187.72544 325.7952 83.68832 3
0 392.767008 394.31616 429.209312 292.89792 4
0 408.303648 237.85536 434.333152 159.5744 5
0 339.872928 166.546208 358.370912 105.746912 6
0 406.644736 365.05504 442.467584 264.2416 7
0 525.72496 426.83328 545.10128 314.52096 8
0 542.82128 357.28256 559.80144 284.30848 9
0 514.010048 283.81344 533.918272 211.3968 10
0 554.783328 306.14432 574.104992 256.27872 11
0 364.274368 167.34496 385.742912 85.67136 12
0 373.909312 267.88512 403.113408 190.936 13
0 392.497472 203.95936 415.590848 133.61888 14
0 389.228704 291.80672 420.729696 220.82944 15
0 589.819648 447.70048 603.944192 344.30976 16
0 456.970144 369.93504 493.134176 278.85472 17
0 328.577856 140.02912 354.305984 77.36992 18
0 328.795072 251.01728 369.990208 158.44832 19
0 610.392992 444.76864 630.949728 373.92832 20
0 499.868608 352.77312 535.170112 274.58048 21
0 467.750048 327.75552 498.351712 247.90144 22
0 548.343616 440.402624 581.951424 382.998336 23
0 559.62608 335.499904 582.35536 286.683776 24
0 504.165472 290.229728 530.610848 234.963232 25
0 544.593376 405.920736 580.420384 348.147744 26
0 593.763712 392.288 608.204928 322.50112 27
0 540.998368 505.71936 578.814752 404.152 28
0 558.428224 383.51008 583.888576 318.00672 29
0 572.473312 402.24096 590.436128 314.00736 30
