0 313.0784 405.728 352.30912 287.5712 1
0 288.750784 312.7216 310.401856 179.80448 2
0 312.503424 207.59296 333.836416 104.07552 3
0 395.387872 395.18112 425.462048 290.28576 4
0 394.694688 217.035648 424.296672 166.534272 5
0 339.439232 175.52544 358.339968 107.15232 6
0 404.003392 360.13824 439.264448 259.97696 7
0 527.46928 431.58656 546.28688 321.68704 8
0 539.63104 313.592 559.02496 239.83776 9
0 517.726848 308.84736 539.286912 218.72768 10
0 550.124384 319.38256 574.108576 257.63248 11
0 354.086368 137.50016 377.177632 64.76032 12
0 372.557792 268.52544 404.258848 191.56288 13
0 393.17568 284.83424 420.1888 218.21088 15
0 463.591616 362.9504 496.876864 282.54336 17
0 327.4432 151.28128 355.92832 77.84 18
0 499.625952 343.53152 532.786208 273.16992 21
0 561.199424 383.19488 580.200896 302.304 24
0 503.895136 289.576096 528.488864 238.701664 25
0 542.108064 379.037088 565.138016 315.362912 26
0 590.426048 363.35072 606.294592 307.6816 27
0 574.23536 384.52512 589.89904 307.47232 30
0 466.142976 302.02768 489.242624 248.36464 22
0 325.6024 267.35584 364.83728 159.71488 19
0 538.476896 500.54336 575.535264 398.42112 28
0 547.753248 428.587392 578.302432 377.240448 23
0 396.935808 173.247264 413.955712 136.800736 14
0 589.695456 290.53984 600.831264 219.46848 31
0 589.107072 441.06208 603.557248 332.76064 20
0 25.1744 214.25952 41.882752 116.82912 32
0 555.963584 398.699712 577.054016 352.093248 29
0 575.853056 497.57888 589.385984 413.20128 16
