0 311.223424 405.7248 352.059776 288.26176 1
0 287.246816 312.7136 309.275424 179.91232 2
0 310.57872 281.79296 356.6712 178.4336 3
0 395.414624 392.07712 424.086176 285.35008 4
0 374.63664 209.777536 408.94224 160.069504 5
0 339.423488 168.60848 358.479872 107.16624 6
0 407.921312 357.42848 438.293088 255.10272 7
0 529.65616 429.89056 546.88144 320.8768 8
0 579.587008 285.5984 593.302592 216.96416 9
0 518.998336 303.76416 540.360384 218.42848 10
0 551.667072 326.08736 574.218368 256.51232 11
0 352.397472 135.18432 376.654688 59.89152 12
0 372.695776 270.80672 405.149984 189.20736 13
0 401.77408 285.518176 437.52192 221.767584 15
0 481.024864 377.15712 505.674656 283.16288 17
0 327.088864 145.98688 355.171616 77.39744 18
0 505.64928 342.71168 536.00448 273.4944 21
0 565.050688 406.80128 584.857792 316.144 24
0 506.102784 296.318304 532.773376 244.607136 25
0 542.913184 374.070848 565.426016 314.759872 26
0 591.700128 365.08768 606.272352 295.42432 27
0 573.493056 374.61248 590.299584 308.18688 30
0 466.966592 328.55648 493.039808 249.46592 22
0 330.597888 244.088 367.611392 162.4528 19
0 533.174816 499.89472 575.088864 403.17344 28
0 590.99696 454.81888 605.50352 356.2736 20
0 408.66256 222.90432 428.60208 140.3264 14
0 606.302944 449.19552 629.772576 373.57184 29
0 548.564864 406.203104 576.903296 355.261216 23
0 591.564704 287.84736 601.600096 205.6336 31
0 348.994816 146.60704 364.121344 80.99104 16
0 25.1744 214.25952 41.882752 116.82912 32
