0 314.093088 406.73568 351.948512 289.05184 1
0 287.188864 315.66496 309.685376 180.59104 2
0 326.014528 300.20672 373.468352 200.4576 3
0 396.03232 392.95936 424.21984 284.30528 4
0 377.977696 210.98032 408.716704 159.52848 5
0 339.486944 169.57328 358.480416 106.23472 6
0 407.593376 358.13536 438.464864 255.65664 7
0 530.251072 424.0656 546.756288 321.2016 8
0 580.12016 276.839456 594.03536 213.054944 9
0 519.08288 304.00128 541.08096 217.56032 10
0 550.191392 323.808 574.288608 256.73216 11
0 351.141344 136.9376 376.530976 61.104 12
0 372.639808 274.64896 406.122432 189.27936 13
0 402.644032 290.00832 439.615168 217.6384 15
0 480.815872 378.61248 505.224448 285.376 17
0 327.520768 148.56864 358.070272 77.42944 18
0 505.675936 343.61952 536.452704 272.89504 21
0 564.907488 384.12128 584.770592 317.26496 24
0 507.20256 297.4552 532.38912 243.53808 25
0 543.163584 378.688736 565.233216 315.814944 26
0 591.290464 365.69856 606.417056 295.60576 27
0 573.691296 376.03552 590.628704 309.36352 30
0 467.4832 331.11872 495.224 248.69952 22
0 534.212736 501.9216 574.585984 408.40288 28
0 590.63008 460.4352 605.4736 357.04832 20
0 409.584192 222.02176 428.087488 140.2592 14
0 606.274016 447.74304 629.937184 373.5344 29
0 323.940928 221.941408 357.040832 158.120032 23
0 565.40496 405.7616 586.03056 315.22016 31
0 591.991744 300.15488 602.528576 222.50496 19
0 323.861952 219.736768 349.653568 159.139392 32
0 364.549504 222.961376 394.167936 162.444064 16
