0 313.780128 405.60064 352.121952 287.99424 1
0 288.429824 316.28448 310.951936 183.3328 2
0 309.780384 176.096 326.090336 83.78496 3
0 395.514208 397.72832 428.273312 293.63168 4
0 408.693152 227.34176 433.289568 159.97472 5
0 339.622624 171.79968 358.395936 105.54816 6
0 406.794688 354.56544 438.544192 258.41632 7
0 525.5384 432.44608 545.3224 315.1008 8
0 543.325728 351.27424 560.176352 283.48416 9
0 513.539872 287.65856 535.374048 212.1648 10
0 555.463072 304.852096 573.966688 255.516544 11
0 357.82928 145.82784 378.95664 72.35584 12
0 373.03104 272.0496 403.6128 190.8816 13
0 390.860128 204.296 415.045792 134.54432 14
0 392.314272 284.35392 425.201248 218.27648 15
0 589.234336 456.34848 605.117024 356.08032 16
0 461.225504 369.3088 495.853536 282.00128 17
0 326.621696 135.576864 353.620224 76.365536 18
0 324.279872 257.43584 365.960128 158.94176 19
0 610.197952 449.89696 630.768448 383.60448 20
0 499.586848 344.93984 535.794912 274.95904 21
0 466.847552 310.331296 497.641408 248.434784 22
0 548.47168 437.412896 581.45472 382.989024 23
0 559.483648 333.218656 576.401152 287.926944 24
0 502.010752 291.904 530.204288 237.88672 25
0 545.496 402.130656 579.0224 346.843424 26
0 592.709664 368.815136 606.562016 318.571744 27
0 541.187264 503.032 578.394176 404.2896 28
0 573.94288 401.30944 591.11824 309.3248 30
0 558.43808 372.327904 579.27456 321.277216 29
0 588.39456 303.05056 600.41056 214.43424 31
0 560.367712 394.90656 588.287648 315.99264 32
