0 311.797472 408.03008 352.871968 288.88768 1
0 287.068768 314.66624 308.704672 177.70112 2
0 312.863744 220.92416 331.036416 117.71392 3
0 394.156832 389.8048 423.985888 286.50496 4
0 386.22976 219.15344 416.5376 167.93264 5
0 339.376032 173.54176 357.866848 106.71168 6
0 406.769088 364.48224 439.488832 257.99456 7
0 529.95408 429.99968 546.08816 318.36 8
0 555.24336 272.459072 576.22288 232.828608 9
0 518.554784 307.65728 540.751456 219.96768 10
0 547.6936 321.3472 574.37104 256.57792 11
0 351.312864 138.37248 376.410656 61.05664 12
0 372.86192 271.26304 406.32784 191.5184 13
0 397.404416 284.20944 433.261824 221.23952 15
0 475.171136 376.35776 500.832704 284.03136 17
0 327.321664 148.41696 353.494976 78.08544 18
0 502.5304 347.98144 532.24848 273.35104 21
0 563.275936 390.21632 582.459744 309.66592 24
0 504.795968 301.23728 531.623872 244.89392 25
0 543.271488 384.1056 565.275072 316.09408 26
0 589.620544 366.41456 606.259136 306.80016 27
0 574.369504 386.08512 590.143776 307.52384 30
0 467.245152 317.73472 496.164768 247.69632 22
0 325.510656 259.57184 366.901504 159.67424 19
0 536.999552 501.504 574.427008 401.14304 28
0 590.089792 476.11072 605.155008 351.62688 20
0 606.764288 449.66752 629.631232 371.52672 29
0 403.499168 216.58304 426.297952 126.31744 14
0 588.675968 287.0096 600.842112 217.63424 31
0 549.55264 425.133728 578.24 380.176992 23
0 413.598592 275.445184 431.768448 212.607296 16
0 25.1744 214.25952 41.882752 116.82912 32
