0 311.576832 407.31456 352.677888 288.10432 1
0 287.149312 317.61152 308.738048 178.05184 2
0 308.452128 245.58592 325.731552 136.14976 3
0 393.640032 391.40896 423.806368 286.25504 4
0 383.612768 217.704672 412.942752 164.379168 5
0 339.545952 170.89472 357.929888 106.25088 6
0 405.320672 358.34784 439.346208 255.61824 7
0 530.030432 427.54496 546.155168 315.7664 8
0 566.867616 273.600992 586.440544 230.263328 9
0 518.858688 303.49312 540.791872 219.4944 10
0 548.943392 322.7776 574.287328 256.17536 11
0 351.525792 138.192 376.384608 60.94144 12
0 372.952192 273.72672 406.410368 190.16576 13
0 402.575136 279.529792 434.566624 218.683328 15
0 480.9904 376.27104 504.57376 282.12 17
0 326.905792 147.1248 352.820288 78.03488 18
0 505.067008 343.53024 535.544832 277.31456 21
0 564.035456 391.54208 582.614144 309.78144 24
0 504.72096 295.377472 533.21568 242.103488 25
0 543.518176 384.15072 565.408544 316.2384 26
0 590.43712 366.59168 606.14528 299.90432 27
0 574.19488 382.91808 590.0432 306.17632 30
0 467.944864 324.44192 495.115616 250.16928 22
0 324.09136 257.11872 366.73232 159.93088 19
0 537.89488 500.0176 574.93584 402.39776 28
0 589.601952 479.2688 604.714848 353.86144 20
0 605.74576 448.94528 629.23536 372.54848 29
0 407.614016 226.70336 428.761024 135.77088 14
0 588.281344 283.8672 600.764416 216.72288 31
0 549.55264 425.133728 578.24 380.176992 23
0 413.598592 275.445184 431.768448 212.607296 16
0 25.1744 214.25952 41.882752 116.82912 32
