0 312.650944 407.01568 352.183616 287.9424 1
0 287.440512 318.97984 310.058368 181.19168 2
0 342.421632 328.17408 378.396288 210.99648 3
0 396.034464 394.05952 423.933536 284.09728 4
0 338.993472 168.887424 358.358208 106.089856 6
0 406.99408 359.46048 438.33584 256.46144 7
0 529.392416 419.73248 545.924064 321.59232 8
0 580.353152 277.19968 595.384448 212.87904 9
0 519.472576 303.7904 541.141824 218.50336 10
0 549.421024 325.13824 574.582816 257.53312 11
0 352.152992 133.0208 376.608608 60.57792 12
0 373.58512 268.328 407.04592 189.44992 13
0 403.94912 293.69504 440.37472 216.4016 15
0 480.680128 377.65952 505.605952 286.14592 17
0 327.234944 144.91616 356.464256 78.0944 18
0 505.532736 343.92096 536.485824 272.89824 21
0 507.1848 297.410624 532.6104 243.788736 25
0 543.065856 379.5488 565.663744 315.09952 26
0 591.648352 368.70176 606.385568 297.38208 27
0 571.639712 368.06192 590.373728 308.26704 30
0 467.347584 328.34816 493.063296 248.6528 22
0 533.79536 501.66656 574.81648 409.82272 28
0 590.65808 463.95296 605.74384 356.632 20
0 409.975904 222.06688 428.503456 139.75328 14
0 606.4736 450.26144 630.5312 374.4848 29
0 324.45552 236.22336 363.4344 159.28256 23
0 586.494368 301.19808 606.274912 234.79808 32
0 363.398464 221.37408 403.902656 157.3152 16
0 565.886976 402.56256 588.129024 312.84736 31
0 565.611296 385.57472 586.437344 315.25984 24
0 368.624224 209.542752 406.029216 156.823968 5
0 346.740512 227.510624 364.079328 165.314976 19
