0 315.474912 406.18912 351.894048 287.65664 1
0 288.6304 321.19456 311.4272 182.78368 2
0 395.972864 393.7888 424.836096 283.90336 4
0 336.491104 175.04672 358.484896 106.09504 6
0 406.252032 350.47776 437.947648 256.456 7
0 579.721568 282.01152 596.663712 213.64928 9
0 519.957408 305.97824 541.226592 219.5552 10
0 548.536864 319.977056 574.550496 257.670304 11
0 355.429088 136.85856 376.418592 55.72128 12
0 378.91024 268.688 410.76144 189.80544 13
0 404.82704 288.61424 438.6072 225.13424 15
0 481.122656 374.41856 504.176544 283.5616 17
0 506.21024 347.4448 536.07328 272.90976 21
0 506.46816 299.292128 533.272 243.468832 25
0 543.384416 368.745408 565.985184 311.751232 26
0 596.928448 382.14208 606.498112 310.14208 27
0 573.585312 359.1936 593.092448 309.07392 30
0 465.537504 334.50784 491.553056 249.63424 22
0 414.519392 265.15232 448.923808 170.10784 14
0 324.544512 256.07968 365.768448 160.30176 23
0 574.109056 402.23008 592.727424 333.49728 24
0 586.209024 372.26528 597.735936 290.50208 32
0 335.46208 146.51936 372.13216 70.71328 18
0 363.856768 217.650624 403.048832 158.624576 16
0 421.353696 437.69632 459.695904 335.6208 3
0 523.713792 502.20128 565.179648 411.03392 28
0 577.071328 469.65184 603.567392 378.44416 20
0 530.673696 419.25632 546.164704 324.9344 8
0 24.816896 211.76288 38.886784 117.47616 31
0 605.490624 450.26976 630.586176 374.66208 29
0 372.938016 206.853792 404.559584 158.556768 5
0 330.749728 143.37824 358.235872 77.05568 19
