0 313.768 406.79872 352.47456 288.8096 1
0 288.673184 317.7488 310.744416 181.63168 2
0 312.916288 202.64992 332.874432 97.71104 3
0 396.577408 396.45056 428.252032 293.53088 4
0 396.358464 217.048192 425.002176 167.680128 5
0 339.541056 176.29536 358.329024 106.91872 6
0 403.998656 357.25536 439.178304 259.60736 7
0 527.191616 431.36128 545.512384 321.6384 8
0 540.428032 323.416736 557.517568 263.175264 9
0 518.068416 297.08704 538.990144 221.05184 10
0 556.278208 313.761536 574.203712 257.240064 11
0 354.465024 139.2848 378.774016 63.48896 12
0 373.009408 272.4944 405.775872 191.42368 13
0 386.7752 196.994848 413.22352 141.222112 14
0 392.929312 282.98528 422.256608 216.8752 15
0 461.48144 369.42176 495.09584 282.29664 17
0 327.359104 148.54144 355.299456 77.72032 18
0 499.51968 335.842272 532.88352 273.023008 21
0 559.784832 364.37664 575.929728 297.36928 24
0 503.383616 289.940224 528.451264 238.447616 25
0 543.48848 377.922848 563.77296 315.983072 26
0 596.199456 389.44416 606.272224 310.86432 27
0 575.01184 390.13792 590.26944 315.15488 30
0 466.00752 304.320672 493.8952 248.716128 22
0 324.86432 264.6016 364.29408 159.06816 19
0 538.863328 498.5872 577.873952 400.74592 28
0 544.663136 425.013056 576.179104 378.227904 23
0 589.444384 288.04512 600.867296 214.96544 31
0 550.961408 397.72464 576.713472 351.72048 29
0 25.14304 214.09888 42.137728 115.97856 32
0 587.87856 399.79328 599.77456 304.3744 20
0 575.853056 497.57888 589.385984 413.20128 16
