0 311.785472 407.41856 352.754688 288.1488 1
0 287.104608 318.5424 308.799392 177.64064 2
0 309.21648 241.55328 326.43152 129.41376 3
0 393.563392 390.13632 423.765248 286.15168 4
0 383.676672 219.172736 412.890368 165.977984 5
0 339.423968 172.57824 357.864992 106.34528 6
0 404.849504 359.71104 439.539616 256.86112 7
0 530.009504 428.58368 546.098016 314.81728 8
0 565.450368 273.260032 585.903232 231.916288 9
0 518.8856 303.19808 541.02992 219.3184 10
0 548.567744 322.93792 574.097216 256.792 11
0 351.69136 138.80768 376.37264 61.6992 12
0 372.901568 273.29024 406.437952 190.61504 13
0 402.007968 280.262816 434.027872 218.640224 15
0 481.143136 376.01728 504.547744 280.92736 17
0 326.804928 146.73824 352.401472 78.3216 18
0 504.732288 345.75584 534.987392 276.2896 21
0 563.89008 389.94336 582.51632 309.52032 24
0 504.959328 295.040672 532.255392 242.504288 25
0 543.463392 383.62976 565.378848 316.3536 26
0 590.156768 366.08768 606.138912 299.51488 27
0 574.297184 383.25024 590.187936 306.03232 30
0 468.281888 325.14496 495.592672 249.64288 22
0 324.312288 259.60224 366.713632 159.3584 19
0 537.859616 500.192 574.878944 401.6896 28
0 589.771456 477.08576 604.752704 353.83136 20
0 606.135328 448.98688 629.478112 372.4544 29
0 407.447808 226.18816 427.619072 134.4544 14
0 588.01936 284.78112 600.78192 216.51808 31
0 549.55264 425.133728 578.24 380.176992 23
0 413.598592 275.445184 431.768448 212.607296 16
0 25.1744 214.25952 41.882752 116.82912 32
