0 287.333184 333.15968 309.974976 183.8208 2
0 386.960608 392.86624 424.718112 282.34272 4
0 338.987008 173.22176 357.770752 108.2656 6
0 404.535936 358.376 437.739904 256.63968 7
0 579.790912 284.88032 596.491968 213.59264 9
0 519.7432 304.8112 542.46224 218.8048 10
0 550.690624 326.03968 575.217856 257.0848 11
0 378.760096 263.41088 410.887264 189.98432 13
0 406.586976 288.186848 439.427744 225.968672 15
0 504.99392 347.17888 536.27968 270.93568 21
0 509.56816 298.4216 533.1672 242.4808 25
0 542.360896 373.395904 562.878144 315.642176 26
0 595.788 458.86368 615.35312 345.92608 27
0 571.420128 357.456416 592.819232 299.774944 30
0 572.977728 391.341664 594.126272 330.626976 24
0 339.641376 152.84352 375.157984 76.0256 18
0 460.39328 420.27008 503.5248 330.65856 3
0 591.9104 369.309536 606.75712 308.659104 32
0 297.910016 392.86432 347.544064 285.76352 1
0 467.742144 323.1392 491.071296 255.3312 22
0 481.706848 356.328256 506.659232 292.487104 17
0 463.7672 286.24832 487.87056 215.58592 14
0 323.949568 255.4416 369.444352 163.03648 23
0 364.55552 222.872448 403.65568 159.631232 16
0 573.677536 451.42432 603.977504 380.82144 20
0 556.210592 398.520768 578.673248 352.107072 29
0 443.365408 360.1424 468.242912 274.05536 19
0 369.328992 209.037152 403.870368 159.563168 5
0 614.678528 446.0608 630.822912 371.94624 8
0 477.139904 290.07776 497.779776 219.12544 12
0 25.51008 215.44 40.317632 117.904 31
0 306.572992 392.60672 347.468608 288.17792 28
