0 313.205824 404.40768 351.980736 287.60128 1
0 288.440512 318.79552 310.791488 183.34336 2
0 309.469472 182.18496 326.990048 84.41088 3
0 392.163488 395.27168 428.994912 292.58624 4
0 408.357056 229.88512 433.798464 160.52256 5
0 339.691712 166.95936 358.426688 106.15424 6
0 407.143872 364.78912 441.172288 262.96896 7
0 525.568 431.05984 544.8192 315.49504 8
0 542.96992 355.92 559.39808 284.5152 9
0 513.85104 283.36864 533.88784 211.9568 10
0 555.317376 305.536704 573.843584 256.433216 11
0 362.370144 168.3984 385.131936 85.24128 12
0 373.679648 274.01504 404.445152 190.87712 13
0 392.277728 203.1328 415.623712 134.00256 14
0 393.45744 288.21184 429.18448 220.42688 15
0 590.294784 454.92128 605.401856 349.10304 16
0 462.387136 366.82432 496.147264 283.40032 17
0 327.903424 137.344896 353.786176 75.045504 18
0 328.061152 251.04224 369.167648 160.24224 19
0 609.021152 449.15264 630.076448 373.95136 20
0 500.196416 349.2688 535.945664 275.704 21
0 467.197504 326.02464 498.713536 250.7856 22
0 550.880384 441.16144 581.534336 383.53872 23
0 559.181792 335.301664 579.662368 288.115936 24
0 503.736992 290.686368 530.189408 236.197472 25
0 543.57936 408.00272 578.45712 345.41936 26
0 593.61104 380.851712 607.86864 323.685888 27
0 541.427552 503.95968 578.880928 405.31008 28
0 558.718816 383.888448 580.184224 319.915712 29
0 588.553216 299.20064 600.527104 216.04416 31
0 570.169632 400.76576 590.283488 311.97024 30
0 560.367712 394.90656 588.287648 315.99264 32
