0 313.886144 405.65824 352.188736 287.58336 1
0 288.582688 316.27392 310.567392 183.05664 2
0 311.717984 203.01472 328.595616 91.52096 3
0 396.510176 393.70208 428.571424 293.52864 4
0 403.318528 217.499456 428.035072 164.973504 5
0 339.305504 175.43552 358.299616 106.30656 6
0 402.552192 356.00608 438.620288 258.69344 7
0 524.980352 429.58208 545.746048 316.0384 8
0 539.55696 329.155584 559.43312 276.462336 9
0 517.377536 301.55328 539.316224 217.47008 10
0 555.607712 311.089536 573.886048 256.938624 11
0 354.536256 140.59616 379.364544 63.4384 12
0 373.33536 269.91968 405.784 190.19424 13
0 390.548608 200.77824 414.280832 135.96672 14
0 392.988768 282.285792 424.131232 219.124768 15
0 460.677792 367.34464 494.039648 282.11456 17
0 327.14304 147.6016 355.568 77.48128 18
0 499.72896 338.81376 533.44224 274.22176 21
0 550.194112 429.713472 581.260608 381.299648 23
0 559.8912 350.498368 573.0176 289.614272 24
0 502.9832 290.540768 528.68784 237.086752 25
0 543.03328 375.713408 568.05792 316.703872 26
0 591.929792 400.2512 605.953088 315.27008 27
0 571.80416 397.44576 590.63552 310.27264 30
0 467.30256 302.340064 490.80816 248.734496 22
0 577.716384 495.83136 596.903776 404.99936 16
0 326.025824 258.71936 364.799136 160.6432 19
0 554.97168 396.144384 577.12432 353.511936 29
0 597.984096 449.34528 617.278624 375.83488 20
0 541.080864 496.78784 578.633696 405.36768 28
0 24.104992 214.27808 39.031776 121.6592 32
0 588.39456 303.05056 600.41056 214.43424 31
