0 307.493216 407.34624 350.769824 289.54976 1
0 287.358048 326.85632 310.040992 183.8432 2
0 396.275936 397.79232 424.227104 282.86048 4
0 338.377216 172.05184 358.335744 107.04576 6
0 406.577248 357.12032 437.938592 255.93312 7
0 579.55648 285.07968 596.32704 213.456 9
0 520.100544 305.51968 541.375296 220.13536 10
0 550.461664 327.2816 575.376416 257.80768 11
0 379.58448 266.38528 410.71568 190.24704 13
0 405.177984 289.37248 439.490176 225.09024 15
0 479.456032 379.28448 503.409888 280.84096 17
0 504.816544 347.89856 535.806816 272.74016 21
0 504.693216 298.799968 535.206944 243.267232 25
0 542.948608 370.430976 566.129152 312.091904 26
0 593.507264 434.75808 610.522176 317.40448 27
0 571.913856 355.429408 592.514944 298.993632 30
0 466.022464 329.1424 492.592576 249.72352 22
0 324.131776 258.05248 367.596864 159.5232 23
0 571.6216 402.296 593.012 329.7232 24
0 337.213696 148.29216 372.505344 73.49216 18
0 364.611744 221.522368 403.753056 158.759232 16
0 442.619296 408.528 476.656224 319.37856 3
0 370.605088 206.3992 403.930592 158.81936 5
0 557.620288 402.37728 579.020992 353.80064 29
0 24.88832 212.01696 40.737024 116.90208 31
0 438.488576 290.46624 471.462144 200.05792 14
0 574.174432 459.96928 603.472928 379.19104 20
0 594.029056 364.645088 607.650304 309.488672 32
0 609.613888 451.44384 630.318272 372.38208 8
0 353.287968 118.27392 374.525152 50.12544 12
0 524.647808 501.65344 564.705152 410.53216 28
0 330.749728 143.37824 358.235872 77.05568 19
