0 311.826432 407.03296 352.127488 286.8768 1
0 288.688864 320.71392 310.447136 180.2896 2
0 392.401152 441.4496 433.207808 342.70528 3
0 395.282144 354.3136 424.159776 284.16064 4
0 336.989408 173.36128 358.743072 105.6544 6
0 404.832768 351.35904 439.210752 255.5504 7
0 529.222688 418.82496 546.493152 323.84128 8
0 580.131168 270.811872 596.510112 213.632288 9
0 519.585504 302.71008 540.936736 220.03808 10
0 547.986144 324.9488 574.822176 257.54592 11
0 354.804288 136.61472 376.676032 56.56288 12
0 374.0208 272.72992 409.88064 191.5504 13
0 405.536576 290.24704 440.297664 219.82144 15
0 480.819808 373.208 504.033952 285.26368 17
0 505.372064 342.72032 535.950176 273.1184 21
0 507.39344 296.795744 532.33392 243.844256 25
0 541.285408 367.003104 564.556512 310.317856 26
0 591.286592 380.26368 606.276288 310.52032 27
0 568.83568 357.747808 590.02128 308.122272 30
0 465.859968 330.88128 490.884992 248.65536 22
0 583.216224 471.90944 603.397536 376.46688 20
0 410.03104 224.5744 426.94432 140.81056 14
0 324.703296 264.5088 364.567744 160.28864 23
0 573.090592 398.97664 592.910048 331.1072 24
0 581.802816 315.09984 595.203264 246.91872 32
0 334.935552 152.23712 371.461888 74.88864 18
0 24.740032 212.4112 40.20384 117.14272 31
0 544.927104 424.415456 578.010496 372.863264 28
0 364.941952 210.75344 404.385408 158.41008 16
0 605.490624 450.26976 630.586176 374.66208 29
0 372.938016 206.853792 404.559584 158.556768 5
0 330.749728 143.37824 358.235872 77.05568 19
