0 314.851456 405.50208 352.079744 288.05568 1
0 288.700256 318.21792 311.027104 183.4896 2
0 309.992192 198.36512 327.386368 83.65984 3
0 396.236544 396.37472 428.352256 293.43392 4
0 408.55776 228.49728 433.08704 160.2912 5
0 339.423712 173.30336 358.399008 105.62272 6
0 405.974912 355.27232 438.501248 258.54912 7
0 525.909472 430.336 544.901408 313.55904 8
0 543.326912 353.6032 560.409408 283.70368 9
0 512.873696 288.2048 535.789344 212.87424 10
0 555.544032 305.466848 574.047008 255.462432 11
0 355.817216 146.9904 379.161344 71.768 12
0 373.148064 270.99296 403.655776 191.19072 13
0 390.72752 203.73088 414.71632 135.41024 14
0 392.903488 285.232 424.658112 219.88544 15
0 589.027232 456.82368 605.509728 360.09024 16
0 461.013952 368.01408 495.565888 281.77664 17
0 326.401344 137.179296 352.144576 75.560544 18
0 324.784384 257.68384 366.228736 163.26208 19
0 612.022432 452.50624 630.956128 384.03904 20
0 499.776544 342.88 535.035616 274.6048 21
0 547.106336 438.107712 581.429984 383.287488 23
0 559.611936 334.433216 576.658144 288.249664 24
0 501.625696 291.98368 530.374304 237.6944 25
0 543.870688 406.000992 579.310112 344.160928 26
0 593.137728 374.491104 606.639552 318.247456 27
0 540.674016 503.3856 578.491424 404.83712 28
0 571.67728 400.608 590.93776 308.39808 30
0 557.506912 374.32576 579.038368 323.35104 29
0 466.658944 309.055744 497.622656 248.958976 22
0 588.39456 303.05056 600.41056 214.43424 31
0 560.367712 394.90656 588.287648 315.99264 32
