0 314.257952 406.56224 352.391648 287.68288 1
0 288.537248 325.20864 310.340192 180.2096 2
0 395.282656 371.17536 424.160544 284.95008 4
0 336.200544 173.05952 358.789536 105.5952 6
0 405.207424 348.51456 438.571136 257.46432 7
0 529.282848 416.74848 546.475232 323.1888 8
0 580.40848 269.602816 596.93552 213.616384 9
0 519.699008 304.27328 540.966592 220.02624 10
0 547.842208 326.52608 574.813792 257.74912 11
0 354.74224 135.7376 376.59216 56.04608 12
0 376.76656 270.90848 409.78576 188.44128 13
0 405.715104 290.34912 439.745376 217.43584 15
0 480.672416 374.12672 504.130144 282.84096 17
0 505.463392 341.98304 535.727008 273.07616 21
0 506.908288 297.509472 532.226432 243.769248 25
0 541.174304 367.442848 564.494816 310.059872 26
0 591.825216 382.96096 606.445504 310.37152 27
0 568.747168 359.254208 590.194272 308.617792 30
0 465.90448 325.87744 494.5576 248.60448 22
0 410.065152 225.56416 427.025408 140.75648 14
0 324.786816 264.68288 364.165504 160.41024 23
0 572.403776 401.74848 593.165504 329.85472 24
0 582.033216 318.98816 594.773184 250.2432 32
0 334.859136 152.17408 372.111744 73.21728 18
0 25.029536 210.92832 40.502624 116.9872 31
0 545.925952 428.586048 578.528448 375.037632 28
0 405.24592 444.66528 449.20656 350.94816 3
0 580.300544 474.25984 603.390976 377.99744 20
0 363.77744 218.497216 403.87696 157.628224 16
0 605.490624 450.26976 630.586176 374.66208 29
0 372.938016 206.853792 404.559584 158.556768 5
0 330.749728 143.37824 358.235872 77.05568 19
