0 311.88784 406.52416 352.5064 288.11776 1
0 287.56688 314.66144 309.36752 179.61696 2
0 308.024384 264.48096 341.228736 164.27808 3
0 394.401152 391.37696 423.804288 286.0784 4
0 380.303648 214.202112 411.578592 163.451648 5
0 339.219072 169.372416 358.322048 106.662144 6
0 406.881792 358.26144 438.376448 255.11712 7
0 529.309472 428.9648 546.036448 320.69408 8
0 572.38272 285.928544 588.20224 228.858016 9
0 518.976832 301.09376 540.768448 219.00352 10
0 551.066016 322.11616 574.377824 257.03776 11
0 352.279232 135.2352 376.662848 61.4816 12
0 373.174208 272.40384 406.336832 190.04736 13
0 402.393088 284.056544 435.571712 221.917216 15
0 481.160288 376.83328 504.716192 282.304 17
0 327.124192 146.35072 353.716768 78.29184 18
0 505.655072 342.56512 536.417248 276.28672 21
0 565.099008 395.55616 583.624192 312.70368 24
0 505.187616 296.600224 533.173984 242.938976 25
0 543.776544 382.28672 566.083296 316.99904 26
0 592.106592 364.097088 606.386848 300.444352 27
0 573.9408 379.61664 589.9888 306.56576 30
0 467.357376 329.65536 492.184384 250.48544 22
0 326.6696 248.76576 365.87312 161.432 19
0 537.679008 499.93824 575.028832 403.67008 28
0 606.240832 445.73152 629.047488 373.0576 29
0 589.800672 481.2976 605.245728 354.63328 20
0 408.283328 225.22048 430.027072 137.74784 14
0 590.011328 289.70624 600.896832 218.05824 31
0 549.55264 425.133728 578.24 380.176992 23
0 413.598592 275.445184 431.768448 212.607296 16
0 25.1744 214.25952 41.882752 116.82912 32
