0 311.494176 406.21088 352.123104 288.59232 1
0 287.268896 312.89504 309.202144 180.32736 2
0 312.41296 283.49024 359.02128 181.18048 3
0 395.406368 393.31488 424.113632 285.11328 4
0 376.345536 210.635616 409.114944 159.926944 5
0 339.556032 168.721632 358.438208 107.264288 6
0 407.783776 358.11712 438.246304 255.1488 7
0 529.517568 430.76416 546.748672 320.9184 8
0 579.842112 280.32608 593.167808 214.6384 9
0 519.123296 304.0992 540.387744 218.43008 10
0 551.32304 327.33248 574.27312 256.36928 11
0 352.293856 135.23584 376.739104 60.45952 12
0 372.512224 271.68992 405.114656 189.06272 13
0 401.870592 285.352416 436.377088 222.044704 15
0 481.002432 378.47936 505.555008 283.99616 17
0 327.068928 146.13536 355.260672 77.49344 18
0 505.604448 342.95808 536.053152 273.32992 21
0 564.921856 386.65248 584.644864 316.54624 24
0 506.16096 295.869728 531.95616 243.779552 25
0 542.837472 374.63296 565.268768 314.82496 26
0 591.547104 366.07584 606.235936 295.7072 27
0 573.716256 376.69248 590.281184 308.10112 30
0 466.883136 329.7728 495.218624 248.93184 22
0 326.725024 248.15072 366.002016 157.32768 19
0 533.396224 500.62528 575.207936 402.43648 28
0 590.794912 455.6048 605.461088 356.53856 20
0 408.938176 222.63968 428.739904 140.11488 14
0 606.1568 449.64608 629.91616 373.66912 29
0 565.506944 416.57344 585.877376 315.58912 23
0 591.971168 292.39136 601.523872 214.32992 31
0 348.994816 146.60704 364.121344 80.99104 16
0 25.1744 214.25952 41.882752 116.82912 32
