0 310.735136 405.09664 352.158944 288.15904 1
0 287.39744 312.0112 308.96224 180.0784 2
0 308.72272 275.01056 348.41776 174.49856 3
0 395.285472 392.24512 424.031008 285.46624 4
0 382.276288 212.601792 411.090752 161.110848 5
0 339.242048 168.89472 358.597312 106.84416 6
0 407.757984 357.168 438.191456 255.12256 7
0 529.289952 426.64224 546.345248 320.28768 8
0 574.861856 290.5344 590.160864 223.78112 9
0 518.908896 301.7216 540.415264 218.49216 10
0 551.505952 326.06816 574.245088 256.6864 11
0 352.40864 134.60608 376.68704 60.2048 12
0 372.916512 272.04032 406.373088 189.15392 13
0 402.037088 286.144448 436.068512 222.280512 15
0 481.27424 376.63104 505.56224 281.90848 17
0 327.176288 145.59168 355.052192 77.6224 18
0 505.826176 342.60512 536.166784 273.71616 21
0 565.681248 417.6384 585.669792 313.58848 24
0 505.67792 296.175136 532.72592 244.522464 25
0 543.175776 379.13344 565.826464 315.05024 26
0 591.503808 364.5328 606.295872 294.95392 27
0 572.258976 369.457632 589.840224 306.894368 30
0 466.888192 329.45184 490.815488 250.12576 22
0 326.766496 246.70464 366.181984 161.5936 19
0 534.020032 500.12832 575.125568 405.16576 28
0 590.356032 466.60032 605.428928 356.35008 20
0 408.777888 223.07648 428.699232 139.23136 14
0 606.296832 449.85408 629.621248 373.12064 29
0 348.943488 144.518112 363.777152 81.421088 16
0 590.79456 287.72864 601.03392 215.3472 31
0 549.55264 425.133728 578.24 380.176992 23
0 25.1744 214.25952 41.882752 116.82912 32
