0 315.005504 406.36896 351.920576 287.64064 1
0 288.634816 321.47168 310.647104 181.55808 2
0 396.068416 389.59328 424.311744 284.35872 4
0 336.0016 174.40288 358.79776 105.72512 6
0 405.990048 349.49408 437.966432 256.06112 7
0 579.642496 285.08448 596.843904 214.05664 9
0 519.9368 306.72352 541.17296 219.37312 10
0 548.219264 320.972 574.526336 257.62384 11
0 355.399744 134.94496 376.524736 56.2 12
0 379.21456 270.29824 410.48144 189.44704 13
0 405.081216 286.274944 438.372224 222.416256 15
0 481.358528 373.66272 504.114752 283.17824 17
0 506.06416 345.31072 536.04144 272.86016 21
0 506.463552 299.423776 533.099968 243.408864 25
0 543.246272 368.815744 565.937728 311.629696 26
0 595.75072 382.96544 606.56352 310.13664 27
0 571.358496 359.849216 592.590304 309.228544 30
0 465.963872 330.43776 490.745248 249.15776 22
0 324.657376 260.4832 365.312544 160.67136 23
0 573.839136 400.29536 592.903904 333.4864 24
0 585.501984 345.490048 597.474016 285.155712 32
0 335.521696 147.3184 372.350304 73.16288 18
0 363.41824 220.239808 403.02272 158.706752 16
0 418.25616 441.1024 456.68912 342.53792 3
0 524.917344 501.76864 565.514656 409.71168 28
0 412.629152 249.1568 438.876768 162.53856 14
0 577.465248 464.56288 603.471712 378.22496 20
0 530.673696 419.25632 546.164704 324.9344 8
0 24.816896 211.76288 38.886784 117.47616 31
0 605.490624 450.26976 630.586176 374.66208 29
0 372.938016 206.853792 404.559584 158.556768 5
0 330.749728 143.37824 358.235872 77.05568 19
