0 299.925728 392.35808 348.256032 286.93408 1
0 286.971712 334.6032 309.994688 184.52 2
0 396.551872 391.79296 423.764288 282.82336 4
0 338.603712 171.662528 358.453568 107.757632 6
0 404.968512 359.09024 437.792448 257.0928 7
0 579.51696 281.5696 596.05552 213.49216 9
0 520.06752 304.88832 541.64768 220.03328 10
0 551.798048 328.21696 575.249632 256.89408 11
0 379.10976 265.14496 410.44928 189.9808 13
0 407.060672 292.75232 441.286208 227.16448 15
0 479.943488 374.3728 503.054272 279.32448 17
0 505.080384 353.16224 536.249536 273.18016 21
0 505.63536 296.346528 533.836 242.698592 25
0 543.105152 367.216576 566.804608 312.215104 26
0 595.998496 445.6112 613.133024 336.25504 27
0 571.665088 355.449152 592.588352 299.323328 30
0 466.206176 326.26368 489.481504 251.71392 22
0 324.060096 255.85728 367.957824 160.1696 23
0 573.031328 390.408256 594.035552 330.687424 24
0 338.48656 147.47392 373.10256 73.66912 18
0 364.065216 223.4816 403.407424 159.11552 16
0 443.741888 406.11008 478.787392 323.2672 3
0 575.379168 449.9952 603.672352 379.17856 20
0 556.086816 397.341344 579.023584 352.905056 29
0 593.584864 364.146176 606.161696 309.583104 32
0 524.264896 502.104 564.526144 409.032 28
0 612.846784 450.88448 630.214976 372.8416 8
0 459.606976 278.65088 483.036224 212.63488 14
0 368.500608 208.030112 403.486592 158.843488 5
0 25.297152 215.25216 39.5968 118.37344 31
0 353.287968 118.27392 374.525152 50.12544 12
0 330.749728 143.37824 358.235872 77.05568 19
