0 313.088768 405.86432 352.296192 287.50272 1
0 288.533536 312.53248 310.222304 179.63648 2
0 312.486496 208.25728 333.741984 104.11904 3
0 395.354816 395.21504 425.012544 290.05856 4
0 394.633184 216.965856 424.300576 166.761504 5
0 339.389664 175.37952 358.361376 107.25088 6
0 404.101856 361.06208 439.258144 259.9376 7
0 527.435264 431.71296 546.274816 321.33536 8
0 539.531968 313.6832 559.234112 239.06944 9
0 517.809952 308.8688 539.263968 218.76384 10
0 550.11312 319.658624 574.11088 257.425536 11
0 354.153376 137.36512 377.058144 64.52288 12
0 372.546048 268.5152 404.228352 191.62688 13
0 393.175968 284.78432 420.214112 218.1648 15
0 463.525152 362.60512 496.788448 282.5456 17
0 327.463904 150.48832 356.107296 77.48864 18
0 499.651328 343.68608 532.879872 273.08576 21
0 561.2224 383.6704 580.26496 302.6144 24
0 503.798048 289.809248 528.579552 238.794912 25
0 542.199648 379.62944 565.155232 315.41952 26
0 590.378432 362.265472 606.329408 307.663488 27
0 574.144064 384.78016 589.878976 306.94208 30
0 466.176256 302.190048 489.369344 248.331552 22
0 325.537472 267.4 364.842048 159.63488 19
0 538.48528 500.1808 575.4104 398.87968 28
0 547.811712 428.31168 578.264448 377.6928 23
0 589.653536 442.27296 603.723744 334.3888 20
0 395.924256 173.974432 413.956064 136.470368 14
0 589.679424 290.62944 600.833216 219.47488 31
0 25.1744 214.25952 41.882752 116.82912 32
0 555.963584 398.699712 577.054016 352.093248 29
0 575.853056 497.57888 589.385984 413.20128 16
