0 287.083424 335.216 310.004576 184.01472 2
0 396.521664 390.9152 423.782976 281.88608 4
0 338.58304 171.65184 358.19904 107.28448 6
0 405.695808 359.54016 437.748672 257.38016 7
0 579.73152 282.39776 596.33888 213.9696 9
0 519.743168 304.31328 542.326592 219.78272 10
0 550.706176 327.39968 575.249664 257.64992 11
0 378.927264 265.01344 410.777696 189.40064 13
0 407.066144 292.0624 441.004256 227.96192 15
0 504.57936 354.95392 536.04528 273.00128 21
0 507.838144 298.144576 533.472576 243.373504 25
0 542.529312 383.00736 563.970528 316.9504 26
0 596.072736 455.30656 614.327264 341.00448 27
0 571.445024 357.691968 592.764896 300.299712 30
0 467.178336 347.25536 497.214624 252.61664 22
0 573.292416 389.709472 593.902464 331.021408 24
0 338.215552 151.25728 373.587328 74.49504 18
0 364.1584 223.239936 403.10304 159.363584 16
0 448.225408 411.78912 486.681472 324.05344 3
0 575.514048 448.71008 603.925312 378.4848 20
0 555.009632 396.441984 578.845088 352.742016 29
0 592.150592 365.527104 606.487488 309.788096 32
0 298.579936 393.224 347.219744 286.39328 1
0 463.007616 283.08704 484.051584 214.45536 14
0 323.922784 254.18848 365.352096 160.15136 23
0 440.64064 350.2976 467.90336 272.96512 19
0 613.215264 451.232 630.506976 372.76032 8
0 25.51008 215.44 40.317632 117.904 31
0 526.048672 501.61824 564.367968 408.95072 17
0 368.969472 211.014432 403.481088 159.114208 5
0 521.140896 422.18336 542.792544 315.3424 12
0 306.572992 392.60672 347.468608 288.17792 28
