0 313.966624 404.63328 351.981536 287.88128 1
0 288.179584 316.05152 310.777216 183.48768 2
0 309.496192 175.04384 327.694208 84.5312 3
0 395.230144 397.39872 428.438336 293.11776 4
0 409.144256 229.55232 433.958464 160.21792 5
0 339.877152 166.767616 358.279648 106.153984 6
0 407.130368 353.72064 438.342912 259.06528 7
0 525.59088 432.58496 545.25712 314.4576 8
0 542.518048 357.36192 559.253472 283.99488 9
0 513.03584 284.23008 534.0976 212.23328 10
0 555.235872 303.710368 573.670368 256.284512 11
0 360.208192 155.70464 382.410688 77.51136 12
0 373.699296 272.6 404.242464 191.48704 13
0 390.198144 203.53664 415.444096 134.70336 14
0 392.29072 285.896 427.22288 220.41056 15
0 590.10192 458.34304 605.32464 354.91904 16
0 462.086592 369.45088 496.248128 282.14464 17
0 326.945152 139.304352 353.710208 75.541088 18
0 324.461632 254.57248 364.808128 156.37664 19
0 607.677888 454.11136 629.649472 380.80448 20
0 499.6768 345.0608 534.83584 274.44384 21
0 467.115328 304.481152 497.267392 248.432768 22
0 553.364096 438.008192 581.362304 381.859968 23
0 559.182976 337.31504 578.877824 288.56656 24
0 503.7 290.628864 530.5144 236.667136 25
0 544.926176 403.29968 579.667744 344.71696 26
0 592.491872 374.921568 607.500448 321.560992 27
0 540.25328 505.6192 578.3272 404.81152 28
0 588.39456 303.05056 600.41056 214.43424 31
0 572.195712 400.20224 590.767488 315.43424 30
0 558.598048 385.5584 580.504672 321.3984 29
0 560.367712 394.90656 588.287648 315.99264 32
