0 313.458208 404.47936 351.712992 287.69472 1
0 288.017344 318.51808 310.318656 183.16384 2
0 309.608864 175.58816 327.155296 84.36064 3
0 395.091936 395.7168 428.367904 293.10496 4
0 407.957568 229.06976 433.917632 160.34208 5
0 339.779328 167.553248 358.291712 106.243872 6
0 407.011008 356.33792 439.077952 260.23936 7
0 525.802016 430.7728 545.813984 315.1344 8
0 543.034208 355.28704 559.550112 284.2368 9
0 513.856352 282.92224 534.001568 212.06144 10
0 555.196768 302.851712 573.692832 256.178048 11
0 362.326272 159.05408 385.838848 84.59264 12
0 374.03056 270.856 404.3144 191.27008 13
0 390.754496 203.3888 415.845184 134.03968 14
0 392.476256 287.61664 427.880864 222.22784 15
0 590.29584 456.53408 605.16144 354.49952 16
0 461.959744 366.0304 496.199616 282.232 17
0 326.969664 137.02208 352.511936 75.87648 18
0 327.377024 251.75392 368.332416 160.87072 19
0 608.829792 448.78336 630.103968 378.05312 20
0 499.936576 350.1456 535.381184 275.20992 21
0 466.804 307.228832 497.58 248.663648 22
0 551.250304 438.574464 581.289856 382.672256 23
0 559.210592 336.54416 579.308448 288.5528 24
0 503.1176 290.933248 530.36208 236.387072 25
0 545.5712 403.65712 579.02912 348.54256 26
0 592.456736 379.281568 607.757024 323.122272 27
0 540.460768 503.80192 578.183712 405.04032 28
0 588.488064 301.04736 600.377216 214.71712 31
0 566.5848 400.3808 589.95152 313.2832 30
0 558.577344 386.17536 581.032256 321.23072 29
0 560.367712 394.90656 588.287648 315.99264 32
