0 312.199072 406.87296 352.200288 287.45536 1
0 288.193024 319.72128 310.148096 181.06592 2
0 346.64512 346.91872 383.94688 223.53504 3
0 395.96224 392.8912 424.00832 284.21216 4
0 338.647264 171.74304 358.584096 106.26016 6
0 406.158752 360.31264 438.430048 256.75744 7
0 529.563392 423.736 545.273088 320.16032 8
0 579.474624 279.8992 595.484736 213.33088 9
0 519.467584 306.50688 541.117376 219.15328 10
0 548.83728 323.71104 574.34224 257.40256 11
0 351.5712 137.41248 376.5184 62.06656 12
0 373.313568 268.56928 407.554272 189.79616 13
0 404.927552 293.62016 440.971968 216.96928 15
0 480.645312 375.93248 505.575488 285.04672 17
0 327.163168 145.21984 357.581792 78.12992 18
0 505.424928 345.608 536.159712 272.87264 21
0 507.442976 301.519488 533.044704 243.603072 25
0 542.990944 380.23424 565.705376 315.32544 26
0 590.58496 372.77184 606.3264 306.54592 27
0 568.137312 359.432064 590.420128 306.807936 30
0 466.78224 324.96224 491.37712 249.13184 22
0 534.120608 501.64448 574.666592 409.79488 28
0 410.07136 222.46624 428.18016 139.71616 14
0 569.281408 394.6768 590.833792 328.21728 24
0 368.62288 209.491648 404.7992 158.700352 5
0 590.749376 468.1712 605.831744 357.61696 20
0 606.57776 449.14016 630.41424 374.4912 29
0 324.530464 242.81408 363.689696 159.75744 23
0 587.013536 308.05632 607.459424 239.9936 32
0 363.181568 222.024256 401.243392 158.912704 16
0 565.886976 402.56256 588.129024 312.84736 31
0 346.740512 227.510624 364.079328 165.314976 19
