0 314.98672 405.21216 351.83568 287.83616 1
0 288.537216 319.73728 310.712704 183.78784 2
0 309.10784 198.14848 326.06656 87.49376 3
0 395.7056 394.21376 428.68736 293.1936 4
0 409.507552 227.17536 432.961568 160.456 5
0 339.63056 173.02304 358.38416 106.2704 6
0 403.924352 353.40608 438.619008 258.52736 7
0 525.820512 433.02144 544.992928 314.5984 8
0 543.213952 345.402592 560.524928 283.831328 9
0 513.59424 288.33216 535.7152 212.78144 10
0 555.573568 306.379104 574.114752 255.900576 11
0 355.016224 145.88608 379.582176 70.48768 12
0 373.425248 270.34272 404.574112 191.12928 13
0 390.8968 202.81472 414.93104 134.50112 14
0 392.875616 284.51776 424.511904 219.5744 15
0 584.454336 457.38944 603.347264 375.44128 16
0 461.515424 368.02272 495.014496 282.4336 17
0 326.127808 146.88 353.407552 77.06112 18
0 324.694176 257.69856 366.440544 161.06496 19
0 499.704128 342.99008 534.834112 274.62144 21
0 551.026016 440.29968 581.573024 381.13648 23
0 559.791744 336.939808 576.386176 288.523232 24
0 502.646752 291.156032 530.256928 238.063808 25
0 546.03232 400.21568 574.80608 328.72 26
0 593.26496 382.98944 606.55712 318.23552 27
0 571.586752 406.40064 591.311168 308.57792 30
0 466.685568 306.715776 492.458112 248.895104 22
0 584.778912 347.094112 598.113888 290.984608 32
0 604.737312 453.43872 624.110048 380.30464 20
0 541.851712 505.95904 578.607808 404.99136 28
0 560.431296 403.06304 591.357504 305.12256 29
0 588.39456 303.05056 600.41056 214.43424 31
