0 314.87584 405.47872 352.17312 288.09824 1
0 288.425376 319.60992 310.743904 183.5248 2
0 309.840928 195.89216 327.350752 84.46496 3
0 396.453568 396.2384 428.299072 293.10304 4
0 408.11648 228.68832 432.9984 160.19744 5
0 339.447872 173.42784 358.456768 106.29824 6
0 405.659648 355.1984 438.465792 258.84192 7
0 525.938784 430.69312 544.860576 313.09184 8
0 543.018272 350.39008 560.467168 283.57856 9
0 513.329824 287.62112 535.106656 212.42112 10
0 555.620096 305.837024 574.059264 255.623456 11
0 355.669792 146.77728 379.210208 71.20416 12
0 373.204 270.42496 403.67536 191.1648 13
0 390.720864 203.43712 414.592416 135.21504 14
0 392.78336 286.0096 424.17408 219.29344 15
0 587.120864 454.07424 605.638176 366.31744 16
0 460.956672 367.25824 495.497728 281.65952 17
0 326.093248 145.60768 352.880192 76.21504 18
0 327.781824 256.0736 366.332736 163.64096 19
0 616.95248 455.24608 631.20752 383.91552 20
0 499.628416 343.4928 535.028864 274.82912 21
0 548.831712 439.594368 581.455648 382.242432 23
0 559.915232 337.5424 576.048928 288.84352 24
0 501.739552 291.952128 530.187488 237.916672 25
0 543.977824 404.055584 578.321056 342.553056 26
0 593.013856 377.884192 606.616224 318.517728 27
0 541.82816 502.61024 578.67104 404.58464 28
0 567.545856 401.70144 590.942464 307.44672 30
0 466.733984 309.600672 497.488736 249.141088 22
0 559.076096 391.63456 588.140544 309.35104 29
0 588.39456 303.05056 600.41056 214.43424 31
0 560.367712 394.90656 588.287648 315.99264 32
