0 314.927552 405.37472 352.175168 288.07552 1
0 288.470144 319.59328 310.783616 183.672 2
0 309.750656 195.1728 327.310464 84.56736 3
0 396.388896 396.86208 428.274144 293.0144 4
0 408.266112 228.82432 433.007488 160.13312 5
0 339.401056 173.4832 358.472864 106.32096 6
0 405.626272 355.03488 438.474848 258.77376 7
0 525.94816 432.21664 544.9344 313.20416 8
0 542.854688 348.00384 560.401632 283.55072 9
0 513.347264 287.47936 535.046976 212.41696 10
0 555.672768 305.95136 574.056512 255.7024 11
0 355.615488 146.8912 379.185152 71.1632 12
0 373.232672 270.33792 403.686368 191.14176 13
0 390.71856 203.5248 414.60368 135.176 14
0 392.8672 286.05248 425.27168 219.62304 15
0 586.756384 452.68416 605.378016 367.75872 16
0 460.99792 366.78752 495.46032 281.68864 17
0 326.218688 146.12864 352.916032 76.07936 18
0 326.393792 255.97056 366.279488 162.45888 19
0 617.619136 455.47168 631.287104 383.74624 20
0 499.64 343.88288 534.92256 274.70016 21
0 550.182528 438.911072 581.465472 382.086048 23
0 559.935424 337.278816 576.028736 288.835744 24
0 501.950208 291.849312 530.080512 237.853088 25
0 544.596384 403.313888 578.041696 341.267232 26
0 593.055264 378.466848 606.602976 318.568672 27
0 541.849856 502.21856 578.724864 404.68448 28
0 568.617312 399.78432 590.907808 307.60512 30
0 466.750336 310.506112 497.521024 249.090688 22
0 560.151552 395.6032 590.966528 305.68448 29
0 588.39456 303.05056 600.41056 214.43424 31
0 560.367712 394.90656 588.287648 315.99264 32
