0 313.847008 405.59264 352.126752 287.92288 1
0 288.56 315.90176 311.06112 183.4992 2
0 309.911296 182.81248 326.397184 83.75008 3
0 395.55136 397.69376 428.2976 293.58048 4
0 408.459296 227.2384 433.255904 160.06016 5
0 339.585856 172.06272 358.412224 105.40416 6
0 406.784672 354.48704 438.560608 258.38976 7
0 525.688512 432.21824 545.338688 314.98944 8
0 543.401504 351.50272 560.250336 283.47968 9
0 513.563168 287.81408 535.363552 212.20256 10
0 555.499904 304.969536 574.009216 255.491264 11
0 357.932864 145.9264 378.961856 72.40704 12
0 373.020608 272.00992 403.696192 190.8752 13
0 390.83456 204.3536 415.05984 134.67872 14
0 392.18672 284.38272 425.0792 218.53696 15
0 589.187136 455.35744 605.096384 356.59008 16
0 461.19264 369.16384 495.8096 281.92736 17
0 326.5688 136.567872 353.60272 76.351168 18
0 324.362208 257.86336 365.971232 158.57056 19
0 610.165568 449.91296 630.811072 383.8112 20
0 499.670336 345.50208 535.866304 274.88064 21
0 466.885952 314.79328 498.013888 249.47808 22
0 548.075744 437.43712 581.424416 383.21184 23
0 559.569984 334.117216 576.555456 288.052384 24
0 502.043776 291.94256 530.283904 237.84944 25
0 545.311264 401.58272 578.707936 346.736 26
0 592.612736 369.542176 606.574464 318.912224 27
0 541.30464 503.44096 578.39328 404.30816 28
0 573.980256 400.55776 591.125664 309.64384 30
0 558.412448 372.006752 579.225952 321.206688 29
0 588.39456 303.05056 600.41056 214.43424 31
0 560.367712 394.90656 588.287648 315.99264 32
