0 311.19584 407.04736 352.01696 287.70592 1
0 288.411616 318.36192 310.200864 180.6128 2
0 371.687904 411.91136 418.468896 292.78496 3
0 396.127808 381.36576 423.740352 284.89216 4
0 338.126624 171.84704 357.993696 106.29696 6
0 406.593888 356.19488 438.550432 256.9776 7
0 529.336736 426.56576 545.371744 320.94016 8
0 579.823136 270.407008 595.895264 212.325792 9
0 519.152768 304.57216 541.035392 219.58912 10
0 546.983232 322.27328 574.244288 257.15328 11
0 352.218944 133.69792 376.389056 60.5856 12
0 373.283456 274.97792 408.723584 190.352 13
0 405.355776 292.45632 440.852224 219.36704 15
0 480.748384 374.6 503.901856 281.37056 17
0 505.855616 341.98816 536.205184 273.4192 21
0 506.589888 298.959168 532.784192 243.897792 25
0 541.801696 371.175072 565.039904 310.887008 26
0 591.142784 377.01888 606.270336 310.26304 27
0 568.186144 361.222848 591.068896 308.141632 30
0 467.052832 331.37856 492.549088 249.52256 22
0 410.076064 222.6528 427.154016 140.36288 14
0 605.698656 452.62432 630.179744 374.1584 29
0 324.62112 263.0208 364.48736 160.42496 23
0 363.528576 218.668064 403.487104 158.706656 16
0 572.57568 393.39168 592.86176 331.1856 24
0 348.54256 155.008 367.2808 79.7696 19
0 541.822464 443.52192 575.798016 388.6752 31
0 327.017408 145.98752 356.231232 78.29024 32
0 587.148352 472.65824 604.992448 370.95136 20
0 327.145408 143.14784 351.506752 78.9104 18
0 532.119264 504.54688 573.466656 417.11328 28
0 367.057312 207.813568 404.888928 159.083072 5
