0 313.22384 405.712 352.16112 287.91872 1
0 288.407648 310.62816 310.957472 183.77952 2
0 309.766432 174.79264 327.472608 83.6944 3
0 395.885952 398.8528 428.267648 293.68864 4
0 409.133728 231.58784 433.634912 160.11648 5
0 339.934304 169.036832 358.296736 106.040288 6
0 406.425312 355.54144 438.443808 258.20064 7
0 525.53504 434.29088 545.35776 315.24384 8
0 542.534912 355.05792 559.253248 283.76576 9
0 513.442656 283.8912 534.309024 212.47872 10
0 555.113632 304.403328 573.842528 255.825792 11
0 358.349408 153.16576 380.416672 74.19168 12
0 373.410976 271.74144 403.666784 191.32672 13
0 390.694944 205.1712 414.665696 134.0544 14
0 392.172352 285.31712 425.686208 219.8464 15
0 589.801024 457.2304 605.127616 354.3088 16
0 460.841632 372.31008 496.474208 282.20256 17
0 326.933664 137.974112 353.847136 76.025248 18
0 323.583808 255.4576 365.161152 157.14656 19
0 610.188288 451.44416 629.770752 380.7248 20
0 499.607552 347.26016 534.878208 274.88768 21
0 466.8128 307.18592 497.41376 248.04352 22
0 550.030528 439.196 581.465152 382.4744 23
0 559.198784 332.685952 577.683136 288.242048 24
0 502.686464 290.725088 530.135296 237.902112 25
0 545.171424 402.618368 578.994976 346.830592 26
0 593.125824 370.14032 606.922816 319.48272 27
0 541.191072 503.05792 578.456928 404.49024 28
0 575.7512 402.47776 591.05968 310.56288 30
0 557.951072 376.469088 580.345248 321.065632 29
0 588.39456 303.05056 600.41056 214.43424 31
0 560.367712 394.90656 588.287648 315.99264 32
