0 298.883392 392.85664 347.324608 287.10624 1
0 286.899776 331.98592 309.929664 184.63872 2
0 396.539648 392.89024 423.747072 282.64768 4
0 338.74784 171.428288 358.53856 107.543872 6
0 405.386304 358.53856 437.825216 256.75104 7
0 579.331904 282.832 596.147136 214.24192 9
0 519.749728 302.6752 541.680032 220.04864 10
0 551.049728 328.05952 575.287552 257.77856 11
0 379.030912 265.73952 410.338688 189.78816 13
0 406.898272 290.905728 440.770208 227.037312 15
0 504.23936 348.1776 535.92704 273.06912 21
0 506.988736 297.185888 532.948544 243.376032 25
0 542.85472 372.036928 566.14496 314.996672 26
0 596.35664 455.11648 612.85296 336.96544 27
0 571.577568 356.065472 592.652832 299.373888 30
0 466.291072 322.83264 490.068608 251.2192 22
0 573.439872 389.483872 594.226048 331.193248 24
0 338.086048 148.0864 373.472352 73.90656 18
0 444.8608 412.88832 482.03328 324.7168 3
0 575.201792 451.40704 604.171008 378.696 20
0 462.400416 278.83488 483.844704 214.53472 14
0 324.136 253.52544 366.32544 160.4048 23
0 363.910816 225.72032 400.753504 159.54816 16
0 553.756192 397.491456 578.964448 352.856064 29
0 593.238368 363.140192 606.414752 311.195808 32
0 440.499872 345.86176 467.592288 271.75744 19
0 521.714688 422.57536 542.909952 316.19968 12
0 612.459808 448.808 630.333152 372.98016 8
0 369.29456 209.754112 403.48496 158.962688 5
0 601.795648 453.35328 613.217472 337.79552 17
0 25.635584 218.4896 40.892928 118.15936 31
0 524.187456 502.50272 564.339904 407.58112 28
