0 286.891392 332.91232 309.939328 184.56608 2
0 396.545312 392.34208 423.729888 282.54944 4
0 338.742528 171.352 358.484992 107.46656 6
0 405.381792 358.68576 437.784928 257.12608 7
0 579.42176 282.12768 596.11104 214.12192 9
0 519.713024 302.23072 541.748736 219.74944 10
0 551.165888 327.0048 575.285312 257.6096 11
0 378.94336 266.02592 410.40576 189.80128 13
0 406.771232 291.59904 440.871648 227.14784 15
0 504.303552 349.38624 535.933248 272.95104 21
0 507.253344 297.40272 532.968096 243.42416 25
0 542.693952 374.314336 565.880768 315.231904 26
0 596.502848 456.29632 613.036992 338.25216 27
0 571.73696 356.546656 592.82368 299.597984 30
0 466.27024 321.184 490.12912 251.10016 22
0 462.57856 278.283872 484.15936 214.591648 14
0 324.08464 253.67104 365.95056 160.4 23
0 573.4672 389.602912 594.3152 331.139488 24
0 338.417856 147.64288 373.450304 73.96992 18
0 363.923808 226.6736 399.186592 159.78528 16
0 445.230592 410.03296 483.324928 324.36064 3
0 575.170752 451.80768 604.166208 378.79072 20
0 553.204704 397.53568 578.895136 352.86816 29
0 592.9976 363.20496 606.53264 311.05424 32
0 440.636512 346.3568 467.683488 271.9536 19
0 612.736608 450.45408 630.565792 373.0416 8
0 369.679744 208.530784 403.421056 158.964896 5
0 25.352544 217.32928 40.115744 118.63232 31
0 525.119808 503.272 564.325312 407.40064 17
0 297.78896 392.70208 347.24528 287.09696 1
0 521.140896 422.18336 542.792544 315.3424 12
0 306.572992 392.60672 347.468608 288.17792 28
