0 311.25808 405.30112 352.27344 287.98528 1
0 287.475456 311.8432 309.053184 180.016 2
0 308.010208 271.54368 345.726752 171.92256 3
0 395.240704 392.86432 423.894016 285.44096 4
0 383.113664 213.018976 411.070016 161.501344 5
0 339.175232 169.956768 358.531008 106.757472 6
0 407.657312 357.62112 437.996448 255.14688 7
0 529.525216 423.65632 546.467104 319.41312 8
0 574.234848 289.59232 590.961952 225.39008 9
0 518.923616 301.71712 540.844704 218.53888 10
0 551.670208 323.38208 574.286912 256.41056 11
0 352.639104 134.24192 376.703616 60.5664 12
0 372.866656 272.41536 406.728864 189.6672 13
0 402.110592 286.5104 436.105088 222.488 15
0 481.1856 377.53824 504.8944 284.26272 17
0 327.079616 146.19488 355.655744 77.96256 18
0 505.640064 342.75776 536.031616 273.86816 21
0 565.718048 427.83808 585.606112 312.74432 24
0 505.468704 294.548544 534.262496 242.687936 25
0 543.68256 380.64864 565.952 315.39232 26
0 591.369536 364.072 606.277824 297.42432 27
0 573.410848 373.50784 589.954272 306.63296 30
0 466.9704 330.26528 491.3656 250.65248 22
0 326.563584 246.99296 366.144256 162.10912 19
0 534.53904 500.85024 575.26704 405.9632 28
0 408.765824 222.5648 428.414336 139.79552 14
0 591.034176 288.13536 600.867264 216.3152 31
0 606.152576 450.17696 629.825664 372.98848 29
0 590.490912 461.43712 605.345248 355.54848 20
0 348.188768 145.020224 363.512992 81.114816 16
0 549.55264 425.133728 578.24 380.176992 23
0 25.1744 214.25952 41.882752 116.82912 32
