0 313.606656 406.03936 352.235264 288.26592 1
0 287.463456 316.43488 308.938464 178.09056 2
0 312.54416 208.04768 333.93008 104.3824 3
0 395.312256 390.00832 424.529024 287.99104 4
0 396.964096 216.933984 423.957504 165.559456 5
0 339.210592 175.69088 358.311328 107.5168 6
0 405.604192 361.78336 439.279008 259.70528 7
0 528.2312 432.3536 546.08304 318.64672 8
0 539.6864 302.75584 560.78464 232.30848 9
0 518.451264 310.84512 539.903936 220.0976 10
0 550.968064 320.48176 574.162176 257.8312 11
0 354.022848 138.94496 376.516672 64.38432 12
0 372.674432 269.78336 405.639808 191.61312 13
0 392.8016 283.4944 424.2416 217.95968 15
0 463.708992 364.2304 496.063168 282.61376 17
0 327.508704 150.4 356.547616 77.42208 18
0 499.974912 348.7312 532.956928 272.74208 21
0 562.08144 385.57056 581.02512 305.35168 24
0 504.505824 290.437824 529.165856 239.419456 25
0 542.796544 380.05472 565.364736 315.70208 26
0 589.7416 359.319264 606.5528 307.486496 27
0 573.806656 391.28704 589.715904 305.74464 30
0 466.443872 302.523936 491.558048 249.438944 22
0 325.009888 266.28 365.022752 160.35168 19
0 538.404 500.93344 575.99344 397.68544 28
0 547.858016 427.628224 577.877664 378.770496 23
0 589.631584 290.3296 600.901536 219.32544 31
0 590.794944 441.8512 604.341056 337.97856 20
0 604.022944 448.9744 629.070176 372.30432 29
0 413.62448 274.51808 431.5928 212.37216 16
0 400.085792 172.986432 415.063008 133.116608 14
0 25.1744 214.25952 41.882752 116.82912 32
