0 311.814912 405.9648 352.424448 288.1856 1
0 287.598784 313.21216 309.350976 179.84384 2
0 307.768704 264.22368 342.141056 165.45696 3
0 394.532928 391.60512 423.709632 285.91808 4
0 380.369792 213.052224 411.357568 163.526336 5
0 339.221952 168.89728 358.331968 106.88896 6
0 407.441824 357.67264 438.352736 255.16192 7
0 529.362816 428.63328 545.986944 321.23424 8
0 572.825344 286.5808 588.480256 228.73952 9
0 518.989952 300.18752 540.733568 218.94336 10
0 551.134176 321.33216 574.331424 256.90528 11
0 352.612832 134.7088 376.682528 61.54848 12
0 373.272736 271.90752 406.530144 190.1328 13
0 402.43184 284.69984 435.56368 222.44384 15
0 481.233152 377.60672 504.764928 282.63008 17
0 327.070048 146.50144 354.025632 78.27168 18
0 505.669344 343.17536 536.533536 275.88384 21
0 565.069312 399.58624 583.657728 312.85792 24
0 505.167648 296.545312 532.849632 243.349728 25
0 543.805504 381.8 566.118336 317.18624 26
0 592.25376 363.900672 606.38176 300.558848 27
0 573.963296 380.95136 589.904864 306.616 30
0 467.246112 330.50976 492.076768 250.84192 22
0 326.541472 248.23776 365.892448 161.69632 19
0 537.478624 499.97824 575.070496 403.84256 28
0 590.228608 474.40928 605.347712 355.22656 20
0 408.890496 223.5104 428.682624 139.344 14
0 589.911232 287.64448 600.939328 214.66208 31
0 606.4248 446.89504 629.62 372.78752 29
0 549.55264 425.133728 578.24 380.176992 23
0 413.598592 275.445184 431.768448 212.607296 16
0 25.1744 214.25952 41.882752 116.82912 32
