0 303.36208 407.32128 350.14192 290.78432 1
0 286.998016 333.30432 310.008064 184.59904 2
0 396.566304 392.04704 423.778016 283.0736 4
0 338.4104 171.9872 358.40112 107.30624 6
0 404.8056 359.45888 437.74672 256.96736 7
0 579.522592 281.83776 596.012768 213.78336 9
0 520.32976 305.44096 541.70928 220.0976 10
0 551.529184 327.95872 575.157536 257.49024 11
0 379.091552 265.63296 410.463648 189.7552 13
0 406.392672 288.755552 440.347808 227.723168 15
0 480.77344 375.00416 503.18688 278.944 17
0 504.451616 349.66944 535.792864 272.4592 21
0 505.603744 297.602176 533.653856 242.987904 25
0 542.88752 369.214112 566.52688 312.095328 26
0 597.6152 448.34496 613.2968 334.78208 27
0 571.787904 356.203808 592.564096 299.372512 30
0 465.99328 320.62048 489.36288 248.8336 22
0 324.08752 256.88384 368.04048 160.1632 23
0 572.348192 396.5696 593.578208 329.84064 24
0 338.336512 146.87328 373.267968 73.8704 18
0 364.105984 223.36192 403.369216 159.11488 16
0 443.77136 405.75616 478.10256 321.08032 3
0 368.851488 207.605792 403.695072 158.831328 5
0 575.216704 454.56032 603.441856 379.2624 20
0 558.554976 398.300288 579.152544 353.346432 29
0 25.275648 215.33344 39.572096 118.42016 31
0 593.382592 362.7664 606.154048 310.07584 32
0 612.680576 451.76704 630.601344 373.408 8
0 524.053216 502.3872 564.782624 409.35296 28
0 453.15616 282.30176 477.87488 211.78464 14
0 353.287968 118.27392 374.525152 50.12544 12
0 330.749728 143.37824 358.235872 77.05568 19
