0 311.30384 405.25088 352.2584 288.01248 1
0 287.537536 310.92064 309.066624 180.01056 2
0 307.834336 271.41184 345.283104 171.31968 3
0 395.189792 392.89184 423.888608 285.45696 4
0 382.999456 213.050304 411.227744 161.718336 5
0 339.186624 169.986336 358.533696 106.779104 6
0 407.607232 357.31296 438.046528 255.11584 7
0 529.572288 422.18816 546.592832 319.46304 8
0 574.105152 289.309056 590.838208 225.495424 9
0 518.915904 301.72512 540.838336 218.5168 10
0 551.663712 323.04832 574.294688 256.39104 11
0 352.615968 133.98688 376.751072 60.43104 12
0 372.859104 272.39136 406.672416 189.64128 13
0 402.097248 286.3568 436.000672 222.13984 15
0 481.20624 377.55616 504.91984 284.0784 17
0 327.070176 146.31776 355.631904 77.9728 18
0 505.61696 342.65312 536.03168 273.93184 21
0 565.729696 427.11136 585.522784 312.58272 24
0 505.459328 294.515424 534.182272 242.687776 25
0 543.805856 380.60032 565.984864 315.5584 26
0 591.609088 364.50112 606.271232 299.52832 27
0 573.338816 374.05536 589.921344 306.51936 30
0 467.072448 330.39264 491.766592 250.79904 22
0 326.68768 246.89312 366.15456 162.5712 19
0 534.540064 500.90848 575.291616 405.65664 28
0 590.490912 461.43712 605.345248 355.54848 20
0 408.842176 222.66752 428.288064 139.71072 14
0 591.109728 288.00704 600.827552 216.68032 31
0 606.157696 450.1296 629.761664 373.00256 29
0 348.188768 145.020224 363.512992 81.114816 16
0 549.55264 425.133728 578.24 380.176992 23
0 25.1744 214.25952 41.882752 116.82912 32
