0 314.512768 406.42976 352.275072 286.90144 1
0 288.66256 323.19872 310.37488 180.2624 2
0 395.125376 388.8784 423.880064 284.71392 4
0 335.871552 173.544 359.072448 105.70336 6
0 405.486944 344.66688 438.538656 256.98816 7
0 529.115328 419.84 546.339392 322.89792 8
0 580.616576 275.97552 596.504704 213.81904 9
0 519.802976 304.71744 541.091744 219.87904 10
0 547.494784 324.68608 574.632576 257.83424 11
0 354.513312 131.67936 376.627808 54.10752 12
0 377.68624 274.59904 410.55184 189.3472 13
0 405.556 290.21696 439.25296 213.888 15
0 480.5712 374.38144 504.1904 281.2704 17
0 505.846432 342.85536 535.931488 273.192 21
0 507.225504 298.57984 532.404576 243.78816 25
0 541.888352 368.47856 564.479648 310.45008 26
0 592.13072 383.31488 606.54576 310.4656 27
0 567.991104 360.625952 591.452096 308.958688 30
0 465.893664 328.08192 492.787936 248.36352 22
0 409.224448 228.18816 425.403392 139.58912 14
0 324.818272 264.92736 364.908448 160.31808 23
0 572.68416 403.00032 592.95424 331.39328 24
0 582.777504 323.35712 595.568736 255.91456 32
0 334.789824 150.10496 373.019456 73.01568 18
0 24.826784 211.70336 39.021152 117.464 31
0 546.096544 427.254336 578.630496 374.414784 28
0 363.399744 219.549504 403.490496 157.768896 16
0 415.525056 439.83328 452.487744 347.00832 3
0 576.566304 474.38528 603.443936 378.10368 20
0 605.490624 450.26976 630.586176 374.66208 29
0 372.938016 206.853792 404.559584 158.556768 5
0 330.749728 143.37824 358.235872 77.05568 19
