0 311.570656 407.87616 352.804384 288.39008 1
0 287.21792 316.77792 308.6528 177.26112 2
0 311.85936 231.784 329.6536 120.64864 3
0 393.89856 390.83072 423.9728 286.49024 4
0 385.028032 219.358624 415.211328 168.294496 5
0 339.324928 173.99552 357.768192 106.5344 6
0 406.56384 365.19168 439.53408 257.60768 7
0 529.938816 431.11072 546.090624 319.28288 8
0 559.469248 267.477664 579.180352 232.736096 9
0 518.694944 305.88608 540.757216 219.78048 10
0 547.51392 321.67008 573.9504 257.0256 11
0 351.378304 139.30272 376.382336 61.49344 12
0 372.972832 271.40128 406.776288 191.5248 13
0 398.197376 283.977312 432.802944 221.708448 15
0 475.646464 371.82304 501.851136 283.63424 17
0 327.21392 149.18592 352.86544 78.256 18
0 503.143552 344.60864 532.711808 273.28192 21
0 563.484768 390.81184 582.446752 309.72704 24
0 504.596576 299.068 531.572384 244.56848 25
0 543.290208 383.71008 565.320352 316.08512 26
0 590.722912 365.078784 606.244768 305.838336 27
0 574.345216 385.03072 590.292224 307.29312 30
0 467.951872 319.4416 496.571648 248.15136 22
0 326.533696 258.99104 367.175104 160.04896 19
0 537.713472 501.6512 574.554048 400.864 28
0 588.506048 287.9216 600.951872 217.39296 31
0 590.099232 477.48384 605.139168 351.9792 20
0 606.70976 449.67968 629.76896 371.63232 29
0 403.943328 221.95552 426.045792 127.80704 14
0 549.55264 425.133728 578.24 380.176992 23
0 413.598592 275.445184 431.768448 212.607296 16
0 25.1744 214.25952 41.882752 116.82912 32
