0 313.124704 406.3472 352.252576 288.74656 1
0 288.583328 321.17376 310.534752 181.55264 2
0 312.8608 201.62592 331.37472 94.1296 3
0 396.01568 395.84288 428.40032 294.31776 4
0 395.81584 216.63584 424.9176 166.91104 5
0 339.50368 175.11552 358.21024 106.3744 6
0 403.962976 358.70528 438.869664 259.1968 7
0 523.99792 431.20928 545.1784 319.13824 8
0 538.876256 329.48496 558.143904 270.84528 9
0 518.139968 294.928 539.389632 219.84192 10
0 555.917664 314.842592 574.117536 256.809248 11
0 354.414176 138.98528 378.951584 62.56352 12
0 372.667136 271.81792 405.826304 191.27328 13
0 386.348672 196.889664 413.577088 140.950976 14
0 392.862144 285.47328 423.629376 215.92064 15
0 461.088736 372.84384 494.368544 282.19744 17
0 327.532672 148.44192 355.319168 77.01728 18
0 499.696928 335.659456 533.210592 273.629504 21
0 559.669312 362.23168 576.343488 297.48032 24
0 503.046112 290.65584 528.626208 238.4168 25
0 542.63312 375.424864 565.4808 316.278176 26
0 593.423072 398.10752 606.387488 312.86336 27
0 575.125472 389.34624 590.424608 312.92192 30
0 466.23872 301.651264 492.74112 248.309696 22
0 324.636544 264.44608 364.477056 158.70656 19
0 585.844896 375.28832 597.072224 293.69856 20
0 553.532096 396.094592 576.851264 351.627648 29
0 539.65456 497.728 577.916 406.17984 28
0 589.089024 287.09472 600.801536 214.3056 31
0 575.853056 497.57888 589.385984 413.20128 16
0 549.627456 417.976544 578.957504 380.657696 23
0 24.272672 214.792 39.122144 122.42016 32
