0 314.174144 405.20256 351.868736 287.85088 1
0 288.458944 319.60512 310.542656 183.36064 2
0 310.632832 199.2672 327.883648 90.87296 3
0 395.622432 393.6192 428.614368 293.30816 4
0 407.445568 226.93856 432.823232 160.74656 5
0 339.217344 172.5184 358.249536 105.98272 6
0 401.873984 354.8 438.723776 257.79008 7
0 525.918656 434.65504 545.514304 313.8736 8
0 542.163232 333.007776 559.960288 282.331744 9
0 513.187424 293.51808 536.116896 214.0096 10
0 555.618912 308.371264 574.256288 255.842496 11
0 354.434464 144.76128 379.777376 68.584 12
0 373.46496 269.64832 404.01216 190.54752 13
0 391.15632 203.00672 414.73424 134.14016 14
0 392.951712 284.85472 423.891808 219.51392 15
0 460.543936 368.32704 494.311744 282.16256 17
0 326.883584 149.63776 353.829376 76.46912 18
0 499.915136 345.67008 533.554304 274.24416 21
0 546.73712 434.199872 581.4088 381.733568 23
0 559.85264 341.08272 575.62768 289.20464 24
0 502.6832 291.383264 529.92992 238.747936 25
0 544.29248 391.18304 569.75168 318.12384 26
0 592.861792 393.01536 606.464928 317.84032 27
0 568.812672 407.02528 591.214208 308.74048 30
0 467.080416 305.485568 491.690784 248.809472 22
0 601.370336 449.35232 616.644384 376.9888 20
0 585.105824 346.471616 598.121056 292.016704 32
0 558.766208 399.887264 579.425152 350.931296 29
0 579.39376 494.29696 601.09008 387.85472 16
0 325.70096 254.0272 365.41072 158.44128 19
0 541.851712 505.95904 578.607808 404.99136 28
0 588.39456 303.05056 600.41056 214.43424 31
