0 287.333248 332.02464 309.981312 183.85504 2
0 388.430336 392.70528 424.634624 282.30144 4
0 338.97584 173.01312 357.76016 108.08384 6
0 405.014752 358.12672 437.744928 256.53056 7
0 579.809888 285.07904 596.484512 213.62048 9
0 519.795136 305.24928 543.203904 218.73152 10
0 550.677312 325.664 575.210688 257.14688 11
0 378.77248 263.47712 410.87488 189.97568 13
0 406.532608 288.399392 439.652352 226.385888 15
0 505.231008 348.57408 536.733792 271.20832 21
0 509.641216 298.121216 533.016064 242.555904 25
0 542.3648 373.433824 562.76416 315.545376 26
0 595.788544 457.11232 615.663616 345.69216 27
0 571.435776 357.337216 592.779264 299.737984 30
0 463.7672 286.24832 487.87056 215.58592 14
0 323.949568 255.4416 369.444352 163.03648 23
0 573.022464 391.078496 594.090496 330.712224 24
0 339.448448 152.72928 375.129472 75.95808 18
0 364.55552 222.872448 403.65568 159.631232 16
0 460.131232 418.81696 502.838368 330.70752 3
0 573.677536 451.42432 603.977504 380.82144 20
0 556.210592 398.520768 578.673248 352.107072 29
0 591.849024 369.37568 606.741696 308.73248 32
0 297.808448 392.97152 347.543232 285.81504 1
0 467.736864 322.3472 491.062496 255.28608 22
0 481.720576 356.44 506.854144 292.54304 17
0 443.365408 360.1424 468.242912 274.05536 19
0 369.328992 209.037152 403.870368 159.563168 5
0 614.678528 446.0608 630.822912 371.94624 8
0 477.139904 290.07776 497.779776 219.12544 12
0 25.51008 215.44 40.317632 117.904 31
0 306.572992 392.60672 347.468608 288.17792 28
