0 313.739744 406.55072 352.295456 287.16192 1
0 288.645216 324.07072 310.362784 180.22752 2
0 395.316448 381.3808 424.360992 284.53536 4
0 336.66496 173.61024 358.96768 105.60384 6
0 404.846016 343.53408 438.473024 257.56288 7
0 530.04432 419.73984 546.42288 322.95456 8
0 580.545984 272.402944 596.972096 213.779456 9
0 519.744672 304.48768 541.105248 219.70304 10
0 547.791008 326.98624 574.728032 257.75872 11
0 354.649088 133.8912 376.598272 54.84608 12
0 377.762976 271.69248 410.051424 187.95424 13
0 405.431808 289.49408 439.698432 217.59328 15
0 480.710592 374.16864 504.159808 280.42464 17
0 505.587168 343.22656 535.964192 273.28928 21
0 507.091296 298.117696 532.098464 243.597504 25
0 542.199008 367.904064 564.487712 310.553536 26
0 592.012928 383.6368 606.475392 310.53024 27
0 568.591904 360.813472 590.989536 308.827488 30
0 466.033376 326.5376 492.992544 248.5664 22
0 579.051904 474.91968 603.604096 377.89696 20
0 410.02304 227.2144 426.4224 139.56576 14
0 324.870784 265.568 364.654976 160.30592 23
0 572.507456 402.05408 593.504704 330.1584 24
0 582.12944 321.84384 595.05968 252.94016 32
0 334.852448 151.92032 372.297632 73.12672 18
0 24.860768 211.67072 39.419808 117.3392 31
0 545.956352 428.483424 578.556928 375.375776 28
0 363.64976 220.171488 403.80624 158.051872 16
0 411.895712 444.45632 452.556128 347.9584 3
0 605.490624 450.26976 630.586176 374.66208 29
0 372.938016 206.853792 404.559584 158.556768 5
0 330.749728 143.37824 358.235872 77.05568 19
