0 287.252768 333.98368 309.979872 183.79424 2
0 391.296 393.73376 424.52096 281.09632 4
0 339.003808 171.88224 357.929312 107.83488 6
0 404.953088 357.85184 437.692672 256.51744 7
0 579.56304 284.93856 596.43184 213.7456 9
0 519.650464 303.86048 543.388256 219.09888 10
0 550.981664 326.84608 575.223776 257.45728 11
0 378.692864 264.13376 410.711296 189.72864 13
0 407.64384 294.57152 442.7984 227.3856 15
0 504.931424 354.74048 536.792736 272.28288 21
0 509.812576 297.274656 532.793504 242.901984 25
0 542.446752 372.583168 562.639968 315.186432 26
0 595.902688 456.34944 615.691552 345.61536 27
0 571.630912 357.667392 592.750528 300.132288 30
0 463.742464 284.5952 487.626496 215.6928 14
0 323.95552 255.58688 369.55616 162.76832 23
0 573.096608 389.977376 594.054752 330.940384 24
0 339.121184 153.39488 375.199456 75.32192 18
0 364.38352 222.529472 403.43216 159.701568 16
0 459.893536 419.05792 498.931424 329.5168 3
0 573.459072 451.66752 604.234368 379.32 20
0 555.565504 399.070592 578.848576 352.147328 29
0 591.706304 367.356704 606.630976 308.898016 32
0 443.380896 364.02432 468.420704 273.89952 19
0 298.71904 392.76928 347.32768 285.53088 1
0 468.170048 322.85664 493.029312 254.45536 22
0 481.704704 359.33184 506.228736 291.96032 17
0 369.612512 209.751008 403.501088 159.512352 5
0 614.678528 446.0608 630.822912 371.94624 8
0 477.139904 290.07776 497.779776 219.12544 12
0 25.51008 215.44 40.317632 117.904 31
0 306.572992 392.60672 347.468608 288.17792 28
