0 304.360352 407.27872 350.444128 291.13408 1
0 286.989728 333.18432 310.021472 184.52704 2
0 396.563552 391.74656 423.756448 283.02336 4
0 338.443712 172.01728 358.436928 107.39648 6
0 404.873344 359.63648 437.728896 256.88064 7
0 579.5648 282.27968 596.0576 213.82656 9
0 520.284576 306.39392 541.684064 220.06496 10
0 551.36288 326.9456 575.18432 257.5152 11
0 379.144576 265.40896 410.484864 189.72064 13
0 406.411264 288.673376 440.171776 227.462304 15
0 480.677216 375.97248 503.199904 279.26336 17
0 504.419072 348.90624 535.829248 272.3904 21
0 505.338016 297.700224 534.167904 242.857856 25
0 542.939744 369.034304 566.196896 312.142016 26
0 595.230368 443.01664 612.756832 334.2608 27
0 571.618816 356.289536 592.547584 299.311104 30
0 466.019072 321.78816 489.301248 247.81952 22
0 324.109472 256.54432 367.913568 160.14048 23
0 571.77328 397.15808 593.45808 329.84608 24
0 338.506784 147.4224 373.256416 73.89216 18
0 443.746112 406.82592 478.166208 322.952 3
0 369.054464 207.756576 403.700736 158.901984 5
0 575.372224 453.3824 603.396416 379.11808 20
0 612.174368 452.12544 630.507232 373.664 8
0 452.409024 283.28352 478.069056 209.816 14
0 363.730816 225.48736 398.898304 160.09216 16
0 553.647808 399.739872 578.805312 353.613088 29
0 24.65968 217.23808 39.492896 118.36128 31
0 593.353632 364.805376 606.395488 310.315264 32
0 353.287968 118.27392 374.525152 50.12544 12
0 524.647808 501.65344 564.705152 410.53216 28
0 330.749728 143.37824 358.235872 77.05568 19
