0 313.5416 406.55904 352.3144 288.376 1
0 288.860672 319.69664 311.339008 181.55776 2
0 312.14624 204.04928 333.03776 102.08832 3
0 397.326112 395.49856 427.696608 292.89696 4
0 394.736704 216.398816 424.106176 167.657504 5
0 339.715488 175.28512 358.393952 107.11488 6
0 403.960672 357.25056 439.179168 259.83488 7
0 526.819072 428.008 546.084608 322.872 8
0 540.342144 320.85888 555.404416 252.16 9
0 517.818752 294.69792 539.063168 220.36 10
0 552.737856 319.921408 574.087104 257.699072 11
0 354.284704 138.2896 378.676576 63.7136 12
0 372.866688 269.98496 405.502592 190.67424 13
0 384.379232 195.59664 411.867808 146.39888 14
0 392.989152 285.19232 422.460448 216.3552 15
0 462.206848 368.17248 496.386432 282.5104 17
0 327.310272 150.4128 355.507008 77.65632 18
0 499.45104 340.84064 532.72176 273.31616 21
0 560.561536 364.46208 576.017024 297.42208 24
0 503.646752 289.193952 528.487648 237.879328 25
0 541.880608 380.61888 564.359392 315.57184 26
0 591.72112 381.68608 606.31792 308.30688 27
0 574.677376 391.38464 590.095744 312.51424 30
0 466.042432 306.724128 496.955328 248.839392 22
0 324.982752 267.01056 364.719648 159.71328 19
0 537.883136 498.65024 575.185664 402.59392 28
0 589.388384 289.51008 600.694176 216.85408 31
0 545.141952 422.742176 576.162368 376.688224 23
0 25.178816 214.72096 42.342592 116.79904 32
0 555.963584 398.699712 577.054016 352.093248 29
0 587.87856 399.79328 599.77456 304.3744 20
0 575.853056 497.57888 589.385984 413.20128 16
