0 315.127552 406.08608 351.973888 287.4064 1
0 288.815264 312.7616 310.430816 181.01888 2
0 395.85536 386.15328 424.19456 284.38112 4
0 336.259936 174.40192 358.892704 105.68256 6
0 406.02352 348.3728 438.32592 256.87776 7
0 580.277504 278.4144 596.896256 213.71488 9
0 520.022176 303.19136 541.174624 219.9024 10
0 547.798176 322.23168 574.837344 258.16128 11
0 355.22576 133.38976 376.45424 56.10656 12
0 379.327616 271.59712 411.156864 188.82656 13
0 404.481664 289.38208 439.230336 221.62464 15
0 480.994176 373.15872 504.578944 283.86144 17
0 505.689248 345.00736 536.063072 273.0304 21
0 507.199392 298.23152 532.906848 243.58224 25
0 542.951904 369.153504 565.735456 311.179296 26
0 593.080512 382.9296 606.626368 309.89984 27
0 569.255392 360.510176 590.957088 308.759584 30
0 465.817792 329.6064 492.377408 248.76032 22
0 572.185888 405.48 592.774112 329.05184 24
0 334.783232 147.52416 372.526848 72.54752 18
0 413.255776 441.23648 452.656544 345.89568 3
0 531.196992 418.66144 546.387648 325.97856 8
0 577.862016 464.06016 603.616384 378.27072 20
0 408.578144 227.35616 425.225376 140.70528 14
0 324.686464 263.5984 365.940096 160.59488 23
0 581.804288 331.88 595.164672 263.75392 32
0 363.241952 221.20144 403.498528 158.44784 16
0 522.465536 500.26496 564.692224 406.65216 28
0 24.816896 211.76288 38.886784 117.47616 31
0 605.490624 450.26976 630.586176 374.66208 29
0 372.938016 206.853792 404.559584 158.556768 5
0 330.749728 143.37824 358.235872 77.05568 19
