0 286.940192 334.1568 309.958368 184.26752 2
0 396.52912 390.55488 423.70256 282.54464 4
0 338.618816 171.87616 358.370624 107.43392 6
0 405.467296 359.67648 437.705824 257.4 7
0 579.654528 280.6624 596.092032 213.89888 9
0 519.67376 302.4032 542.1784 219.7728 10
0 550.652288 327.0656 575.236992 257.64864 11
0 379.003264 264.976 410.444416 189.56736 13
0 406.3896 288.246336 439.844 227.876544 15
0 504.715424 352.39104 535.968096 272.8992 21
0 507.574112 297.577984 533.353888 243.559936 25
0 542.494528 384.6608 564.158912 316.20576 26
0 596.489376 456.12128 613.602144 340.24352 27
0 571.89744 357.841824 592.82192 300.513376 30
0 467.081088 322.704 491.247232 252.83264 22
0 463.007616 283.08704 484.051584 214.45536 14
0 323.922784 254.18848 365.352096 160.15136 23
0 573.385408 389.34144 593.951552 330.42432 24
0 339.16672 146.95456 373.6704 74.66848 18
0 364.301408 223.55776 403.213472 159.36576 16
0 447.609216 410.23072 486.199424 324.54048 3
0 575.610144 448.608 603.949536 378.17728 20
0 554.928832 396.687488 578.920768 353.055872 29
0 592.024416 366.181024 606.461344 309.491296 32
0 440.64064 350.2976 467.90336 272.96512 19
0 613.215264 451.232 630.506976 372.76032 8
0 25.51008 215.44 40.317632 117.904 31
0 526.048672 501.61824 564.367968 408.95072 17
0 298.355232 392.99296 347.262688 286.78944 1
0 368.969472 211.014432 403.481088 159.114208 5
0 521.140896 422.18336 542.792544 315.3424 12
0 306.572992 392.60672 347.468608 288.17792 28
