0 287.230624 332.02176 309.978976 183.72608 2
0 392.125728 395.27424 424.629472 280.29824 4
0 338.958464 171.480672 357.977216 107.783328 6
0 405.170912 357.61152 437.696288 256.63872 7
0 579.566624 285.00384 596.421856 213.78784 9
0 519.725024 305.3856 543.298336 219.04064 10
0 550.93264 328.35968 575.13072 257.3568 11
0 378.675488 264.40448 410.708192 189.59232 13
0 408.10976 297.54432 443.25024 226.9024 15
0 504.495552 354.84896 537.098048 272.64416 21
0 509.858848 297.83056 532.775392 242.9208 25
0 542.705952 373.328512 562.373088 316.187008 26
0 595.504544 456.73856 615.779936 344.15104 27
0 571.55584 357.40256 592.71808 300.17824 30
0 573.122464 389.865184 594.045536 330.813216 24
0 338.861376 153.93312 375.007424 75.16768 18
0 459.300416 419.01312 498.195904 328.3264 3
0 573.643872 449.79904 604.199328 379.19808 20
0 591.74848 365.863424 606.736 309.536256 32
0 298.276352 392.89408 347.326208 285.35104 1
0 468.064448 323.46784 491.323712 253.89792 22
0 369.748288 209.589024 403.495872 159.492576 5
0 481.770528 359.47232 506.110432 290.30944 17
0 463.766752 284.56736 487.384608 215.8064 14
0 323.96144 255.6608 369.668 162.95936 23
0 364.399232 222.567296 403.284608 159.627904 16
0 555.065792 399.753536 578.905408 351.927744 29
0 442.761824 362.25664 468.636576 273.984 19
0 614.678528 446.0608 630.822912 371.94624 8
0 477.139904 290.07776 497.779776 219.12544 12
0 25.51008 215.44 40.317632 117.904 31
0 306.572992 392.60672 347.468608 288.17792 28
