0 311.664416 407.69856 352.656864 288.1376 1
0 287.463168 315.91104 309.400832 179.2416 2
0 308.488352 264.14112 340.234848 162.9488 3
0 394.170656 391.43648 423.869664 286.43488 4
0 380.672736 214.3336 412.092704 163.12432 5
0 339.264768 169.7248 358.171392 106.31872 6
0 405.754496 358.9872 438.483584 254.9072 7
0 529.550208 429.34656 546.215552 319.77216 8
0 571.940768 284.868704 588.153952 228.925856 9
0 518.925888 301.76192 540.848832 218.95488 10
0 550.83104 323.064 574.5296 256.88864 11
0 351.333952 136.73728 376.562368 61.344 12
0 372.991968 273.66752 405.953312 189.56448 13
0 402.375296 282.573952 435.287424 220.568448 15
0 480.942752 375.97056 504.608608 281.84576 17
0 327.275968 146.09376 352.948032 78.29664 18
0 505.66256 342.10432 536.4392 276.71296 21
0 565.184 391.58624 583.45728 312.40096 24
0 505.042368 295.799232 533.735232 241.840448 25
0 543.738304 382.9216 566.051136 316.65216 26
0 591.801248 364.373024 606.342752 300.444896 27
0 573.803904 379.00704 590.038656 306.56608 30
0 467.511552 328.14912 491.664128 249.48032 22
0 326.720896 248.90912 365.875584 161.0288 19
0 537.570688 499.89824 574.860672 404.6496 28
0 589.800672 481.2976 605.245728 354.63328 20
0 408.283328 225.22048 430.027072 137.74784 14
0 590.011328 289.70624 600.896832 218.05824 31
0 606.261792 444.9088 628.549088 372.60416 29
0 549.55264 425.133728 578.24 380.176992 23
0 413.598592 275.445184 431.768448 212.607296 16
0 25.1744 214.25952 41.882752 116.82912 32
