0 312.292896 406.752 352.527584 288.42624 1
0 287.060704 316.58592 308.680736 177.3968 2
0 312.686496 207.75264 333.685344 106.29024 3
0 395.307552 390.688 424.419808 286.71616 4
0 389.373312 220.003712 420.307328 165.253248 5
0 339.264224 175.38432 358.043936 106.63808 6
0 406.961952 364.09888 439.366368 258.86816 7
0 529.565792 429.68416 545.766048 312.21664 8
0 547.05184 289.44048 568.8048 233.1656 9
0 518.64 310.87168 540.62656 220.32576 10
0 547.824608 319.87328 574.225952 255.5904 11
0 352.830432 135.95616 375.352608 62.78304 12
0 372.543264 268.53664 404.045536 192.4016 13
0 394.452832 284.909504 426.252448 222.469696 15
0 469.498528 367.7984 499.023712 284.31296 17
0 327.39328 148.21344 353.7408 77.5184 18
0 499.876352 353.17248 531.803648 272.08448 21
0 562.370464 387.59136 581.917536 308.43808 24
0 506.167264 295.22864 530.827296 242.37136 25
0 543.188416 381.42688 565.098304 315.51904 26
0 590.270752 362.64784 606.449888 306.74992 27
0 574.11568 384.57504 590.04816 307.35712 30
0 466.811008 309.613344 488.769152 249.293536 22
0 326.489216 262.03456 365.468544 158.96384 19
0 537.722304 501.53344 574.884416 400.78592 28
0 591.550816 461.73344 606.087584 349.30528 20
0 606.72784 450.30976 629.38608 370.75648 29
0 397.253632 171.712256 417.598208 128.862464 14
0 589.596 290.92128 600.88464 219.99968 31
0 549.55264 425.133728 578.24 380.176992 23
0 413.598592 275.445184 431.768448 212.607296 16
0 25.1744 214.25952 41.882752 116.82912 32
