0 287.293056 333.79872 310.061184 183.5696 2
0 379.322912 390.12288 423.882208 286.6912 4
0 338.99504 171.51376 357.48368 109.42192 6
0 403.982528 357.3792 438.106432 255.97248 7
0 579.667648 284.94848 596.484672 213.39648 9
0 519.689248 307.56064 541.592032 218.66144 10
0 550.949632 324.55424 575.145728 256.82688 11
0 379.252512 264.04 411.120608 190.33952 13
0 407.478144 289.33728 441.190016 227.18752 15
0 502.300992 354.25824 532.657088 267.9728 21
0 540.518208 371.303744 561.044672 313.378496 26
0 596.57504 455.4224 615.32128 347.12608 27
0 571.030176 358.648864 592.887904 299.292896 30
0 463.613664 286.232 487.092256 215.1248 14
0 324.107168 251.87808 366.368352 160.65696 23
0 573.051168 390.79952 594.132192 331.1128 24
0 340.013728 151.78656 375.087712 77.07104 18
0 364.630784 222.104672 403.242496 159.268768 16
0 461.199936 424.45856 503.451584 331.96256 3
0 572.487552 452.12864 600.861568 385.36512 20
0 549.668224 405.204192 578.054016 355.726368 29
0 592.375552 370.391936 606.925568 309.614464 32
0 298.05616 392.91968 347.68976 286.07424 1
0 467.84416 324.09216 491.1408 254.12864 22
0 482.112256 356.10096 507.937024 293.39024 17
0 442.95712 362.27328 468.02784 274.47424 19
0 614.502624 445.99392 630.682656 372.36384 8
0 353.36064 121.8928 376.6848 45.25088 5
0 369.408416 209.303072 403.813984 159.441888 12
0 509.543904 299.082176 533.275936 242.183744 25
0 25.51008 215.44 40.317632 117.904 31
0 306.572992 392.60672 347.468608 288.17792 28
