0 311.597312 407.32448 352.158208 287.608 1
0 288.442784 320.66112 310.192736 181.44192 2
0 352.287776 369.01472 392.846304 243.944 3
0 395.966528 391.48736 424.047552 283.58592 4
0 338.271328 172.296 358.207392 106.46368 6
0 405.107008 358.14656 438.613952 256.20096 7
0 529.247072 427.52992 545.455008 320.16416 8
0 579.523552 281.52768 595.535648 212.51648 9
0 519.42128 304.82784 541.2008 219.42304 10
0 548.657824 323.57728 574.121056 257.48128 11
0 352.335264 134.73312 376.517216 62.9424 12
0 372.960128 267.89312 408.381312 189.6416 13
0 405.588192 292.06016 440.895008 217.79456 15
0 480.573728 373.72768 504.871392 285.59904 17
0 327.024352 144.74176 356.998688 79.19936 18
0 505.19104 342.40416 536.464 273.10944 21
0 505.912608 300.177568 532.551392 243.780192 25
0 542.976128 381.09792 565.251712 314.59616 26
0 591.038144 371.228864 606.149696 309.349696 27
0 567.68944 360.496192 591.0856 307.342528 30
0 466.610912 320.83584 493.221408 250.5728 22
0 533.57296 500.74016 575.32176 412.4208 28
0 592.635648 450.752 605.815552 358.22208 20
0 410.131136 222.68288 427.192384 141.57056 14
0 606.75296 453.05632 630.34144 374.56224 29
0 324.4816 254.60192 364.75872 160.43296 23
0 584.853088 306.11248 605.654432 242.26256 32
0 363.381088 221.886048 404.032672 158.012832 16
0 572.361344 385.82928 592.224896 327.89872 24
0 368.50656 206.911136 404.90784 159.017824 5
0 557.57872 409.206688 579.04208 353.706592 31
0 347.863808 149.25216 366.422272 79.56192 19
