0 313.511072 406.51584 352.398688 288.71872 1
0 288.617024 320.22816 310.552256 181.5216 2
0 312.92512 199.57408 331.92224 94.03488 3
0 396.171904 395.26848 428.397696 294.11008 4
0 396.328512 216.816128 425.071808 167.374592 5
0 339.633056 175.66784 358.156384 106.51968 6
0 403.876576 358.62432 439.026464 259.06272 7
0 524.61024 430.04768 544.8528 320.39072 8
0 540.134688 327.077408 558.169312 270.470112 9
0 518.060096 298.91424 539.328704 220.3536 10
0 555.925664 313.54608 574.162016 257.01008 11
0 354.498688 139.22496 379.036032 62.92544 12
0 372.876768 271.89088 406.004512 191.20928 13
0 386.620608 197.335552 413.355072 140.827648 14
0 393.123936 285.21696 423.894944 215.46912 15
0 461.350432 372.36992 494.485728 282.21824 17
0 327.55264 149.49344 355.15584 77.04608 18
0 499.601216 334.546976 533.412544 273.805024 21
0 559.689344 363.34144 576.423296 297.68512 24
0 502.960384 289.526176 528.668416 238.603104 25
0 542.395584 374.254528 565.041216 315.796032 26
0 595.179232 398.86176 606.459168 312.20768 27
0 575.190016 388.58048 590.363904 313.4432 30
0 466.148576 300.823552 493.327904 248.635648 22
0 324.51712 265.00192 364.38528 158.93408 19
0 539.730336 496.59232 578.688864 405.89344 28
0 589.331552 287.408 600.853408 214.29696 31
0 546.3312 419.187648 577.72384 381.054272 23
0 586.663392 389.17312 598.326048 297.24736 20
0 552.679904 396.298496 576.889376 351.545344 29
0 575.853056 497.57888 589.385984 413.20128 16
0 24.272672 214.792 39.122144 122.42016 32
