0 312.396096 405.81216 352.393664 288.49312 1
0 286.677728 316.57088 308.951072 182.66496 2
0 309.446272 181.36352 327.081088 83.98176 3
0 393.226144 390.71744 428.985696 292.77952 4
0 406.366432 231.90976 433.609248 160.83008 5
0 340.020352 167.941792 358.415488 106.304608 6
0 407.275136 362.87072 442.108544 263.83264 7
0 525.651072 426.9888 544.924288 315.16672 8
0 542.728992 357.9856 559.622368 284.50528 9
0 513.93584 278.69312 533.71472 211.44704 10
0 554.920512 305.963712 574.068928 256.225088 11
0 363.08608 167.40768 385.47456 85.95808 12
0 374.042016 269.01216 403.202144 190.73056 13
0 392.624224 204.1664 415.986336 133.03808 14
0 390.169664 290.44672 422.792896 220.78016 15
0 589.961024 447.40064 604.195776 344.15136 16
0 461.252544 369.64064 495.573056 283.32576 17
0 328.327744 138.015264 354.297536 76.282336 18
0 328.13248 254.4928 367.0432 157.808 19
0 610.000736 449.25216 630.370464 372.64096 20
0 499.99056 349.76256 535.30032 275.0336 21
0 466.79392 309.429984 494.8752 248.428576 22
0 548.633632 440.268416 581.934048 385.513344 23
0 559.563648 336.195648 581.695872 287.648192 24
0 504.119872 289.752 530.365888 235.2336 25
0 543.49392 407.265344 579.16976 350.554816 26
0 594.287648 394.09472 608.192992 323.14304 27
0 540.000576 505.53408 578.915264 403.77408 28
0 557.321344 384.92288 582.862976 318.77888 29
0 570.275424 400.85376 590.483616 314.47296 30
0 589.031392 288.34688 601.376288 219.40352 31
