0 315.148416 405.3824 352.086144 288.08832 1
0 288.656192 318.04128 311.016128 183.53952 2
0 309.94928 197.69536 327.58928 83.76128 3
0 396.564672 395.62976 428.353088 293.29824 4
0 408.405248 228.72256 433.007872 160.23872 5
0 339.40416 172.6624 358.42496 105.76576 6
0 405.716768 355.48704 438.493152 258.74144 7
0 525.931872 430.01664 544.936608 313.13984 8
0 543.301472 354.00928 560.282528 283.55488 9
0 512.785984 288.6 535.743936 212.99232 10
0 555.579776 305.402272 574.039424 255.505248 11
0 355.661504 146.34656 379.172416 71.6912 12
0 373.214048 270.56224 403.587232 191.17472 13
0 390.677408 203.65248 414.610272 135.41696 14
0 392.801408 284.73088 424.058752 219.75168 15
0 588.538912 457.512 605.825248 361.39872 16
0 460.923936 368.02272 495.549664 281.67712 17
0 326.426944 137.950592 352.078016 75.636608 18
0 324.825536 257.05696 366.146624 162.4656 19
0 613.810496 453.68096 630.967744 384.14688 20
0 499.571104 342.88 534.849376 274.6176 21
0 547.318144 438.342432 581.470336 383.138528 23
0 559.646112 335.663712 576.668768 288.410528 24
0 501.598496 292.181888 530.359264 237.785472 25
0 543.867136 405.664352 579.265024 344.363168 26
0 592.973888 376.165632 606.671552 318.180608 27
0 541.034336 504.096 578.545824 404.82176 28
0 571.423104 402.97408 590.956416 308.63296 30
0 557.0616 375.01472 579.05616 323.67328 29
0 466.743968 310.919104 497.656672 249.152576 22
0 588.39456 303.05056 600.41056 214.43424 31
0 560.367712 394.90656 588.287648 315.99264 32
