0 313.181728 405.61696 352.329952 287.63744 1
0 289.084992 312.67008 310.735808 180.53568 2
0 312.52432 208.09152 333.74256 104.0608 3
0 395.87808 395.02272 425.65152 290.1088 4
0 394.644 216.505472 424.23216 165.411968 5
0 339.534912 175.82816 358.309568 106.96608 6
0 404.065856 359.69888 439.268544 260.12576 7
0 527.596928 431.65216 546.268032 322.12064 8
0 541.03984 313.64704 558.2152 241.49024 9
0 517.876992 310.47872 539.273728 219.00096 10
0 550.419168 318.559936 574.086432 257.551424 11
0 354.051424 137.67488 377.477536 64.68928 12
0 372.77872 269.19328 405.3256 191.33536 13
0 393.175648 284.93984 419.968672 218.0784 15
0 463.70464 363.5968 497.06592 282.528 17
0 327.438272 150.67968 355.870528 77.8784 18
0 499.697056 344.296 532.811104 273.26176 21
0 561.078976 381.67104 579.950144 300.72256 24
0 503.58224 289.306048 528.5048 238.572352 25
0 541.753632 378.361984 565.100768 315.130496 26
0 590.462176 364.50704 606.227744 307.87952 27
0 574.210976 390.71232 589.786464 307.9936 30
0 466.390528 301.60864 489.418752 248.4112 22
0 325.668224 267.1664 364.816256 160.18464 19
0 538.471616 500.87872 575.951424 399.53216 28
0 547.158368 430.263008 578.343072 377.175072 23
0 398.939808 172.128384 414.255712 134.414976 14
0 588.875776 429.96416 603.928064 325.20512 20
0 589.520704 291.0864 600.764096 218.1872 31
0 25.1744 214.25952 41.882752 116.82912 32
0 555.963584 398.699712 577.054016 352.093248 29
0 575.853056 497.57888 589.385984 413.20128 16
