0 313.19872 406.81344 352.28352 288.38912 1
0 288.800672 319.52704 311.297888 181.64672 2
0 312.236192 203.13824 333.159008 101.44288 3
0 396.73168 395.38912 427.74192 293.25984 4
0 395.007808 216.218816 424.161472 167.465024 5
0 339.680512 175.26112 358.409728 106.99168 6
0 403.617568 357.6448 439.171552 259.90656 7
0 527.050048 428.9232 545.977792 322.71712 8
0 540.623968 321.27584 555.647392 255.36544 9
0 517.860448 298.56192 538.936992 220.79168 10
0 553.199904 319.595008 574.052576 257.795072 11
0 354.326336 138.5792 378.710464 63.80416 12
0 372.849184 270.08032 405.603296 190.52256 13
0 385.094176 197.66176 412.124384 143.79744 14
0 393.007104 284.84576 422.320896 216.31904 15
0 461.510368 369.43648 495.950112 281.42048 17
0 327.287424 150.67584 355.430016 77.72352 18
0 499.464992 341.624 532.852448 273.28032 21
0 560.77808 365.7968 575.96048 297.3456 24
0 503.613248 288.768384 528.240832 237.859456 25
0 541.66848 376.46496 563.86496 314.93216 26
0 591.645152 390.24608 606.154528 309.7296 27
0 574.723456 389.77568 589.952384 312.96224 30
0 465.882336 307.408192 496.120864 248.854208 22
0 324.803744 266.54016 364.501856 159.6384 19
0 537.584352 496.44352 575.406368 401.75296 28
0 545.140512 423.056896 576.110048 375.724544 23
0 589.444384 288.04512 600.867296 214.96544 31
0 550.961408 397.72464 576.713472 351.72048 29
0 25.14304 214.09888 42.137728 115.97856 32
0 587.87856 399.79328 599.77456 304.3744 20
0 575.853056 497.57888 589.385984 413.20128 16
