0 313.087552 404.54368 351.949248 287.60096 1
0 288.445312 318.86528 310.775168 183.46176 2
0 309.47968 182.3776 326.99392 84.37184 3
0 392.12304 395.04832 428.9816 292.6112 4
0 408.431328 229.7296 433.820192 160.53216 5
0 339.686112 167.043648 358.428448 106.191552 6
0 407.11088 365.81728 441.044 262.90976 7
0 525.564512 430.61024 544.826528 315.43904 8
0 542.896096 355.37888 559.365664 284.38944 9
0 513.840224 283.4688 533.884576 211.93088 10
0 555.35376 305.693216 573.82512 256.405984 11
0 362.345216 168.39136 385.149184 85.2816 12
0 373.683392 274.01472 404.351808 190.87616 13
0 392.211264 203.15904 415.598016 134.11968 14
0 393.422528 288.17568 429.093952 220.4272 15
0 590.270016 455.55168 605.403584 349.29952 16
0 462.375456 366.61312 496.211424 283.30944 17
0 327.896576 137.327424 353.703424 74.977216 18
0 328.53648 248.7968 369.20176 161.77728 19
0 609.008736 449.43072 630.068384 373.992 20
0 500.165696 349.70848 535.921344 275.75968 21
0 467.171744 324.96 498.676576 250.69824 22
0 550.628672 441.052512 581.508288 383.618208 23
0 559.165536 335.288032 579.624864 287.986208 24
0 503.720896 290.756416 530.225984 236.193984 25
0 543.678656 407.6072 578.520384 345.52304 26
0 593.524352 379.9824 607.890048 323.71808 27
0 541.369184 504.24768 578.771616 405.34976 28
0 558.76496 382.607872 580.09712 319.917568 29
0 588.491744 299.6688 600.434976 215.76544 31
0 569.816704 401.20448 590.252416 311.83232 30
0 560.367712 394.90656 588.287648 315.99264 32
