0 311.430336 406.9344 352.325184 287.48224 1
0 288.426304 315.29088 310.230976 180.70528 2
0 368.202144 397.00608 409.287776 276.80768 3
0 396.4368 386.64128 423.97536 284.4896 4
0 338.300448 171.8208 358.089952 106.64832 6
0 406.35456 355.4288 438.63616 256.9424 7
0 529.31008 425.9792 545.17184 321.33216 8
0 579.919136 282.22496 595.736544 212.51424 9
0 519.370752 304.15392 541.043968 219.4672 10
0 546.827712 323.40544 574.195008 257.37024 11
0 352.702528 134.12032 376.676032 61.44192 12
0 373.138848 273.24896 408.372832 190.4656 13
0 405.54544 293.08416 440.90064 216.65408 15
0 480.507424 375.30176 503.847136 282.24192 17
0 327.062752 143.87104 355.484448 78.9104 18
0 505.241888 341.50016 536.201952 273.56928 21
0 506.2328 298.753984 532.724 243.480896 25
0 542.651264 377.9376 565.106816 312.72224 26
0 590.936672 373.36624 606.217888 309.73392 27
0 567.672448 357.874112 590.372992 308.093248 30
0 467.735968 327.57216 491.580512 249.42368 22
0 532.87632 505.5104 574.2392 416.384 28
0 589.290368 465.37824 605.754752 363.49216 20
0 410.098112 223.83488 427.208768 141.30048 14
0 606.740864 450.30592 630.252416 374.75904 29
0 324.46576 264.27264 364.45072 160.36096 23
0 363.461824 221.614592 404.326976 157.879808 16
0 573.96592 389.569152 592.47888 331.618688 24
0 367.077216 207.914592 404.938144 159.156128 5
0 348.207744 148.67968 366.591616 79.3536 19
0 556.658592 412.05248 579.034208 353.66144 31
0 580.894496 285.361248 594.645984 229.584032 32
