0 313.578304 404.45056 351.898816 288.18688 1
0 288.240864 315.52064 310.851616 183.32352 2
0 309.497536 175.0128 327.783744 84.55328 3
0 394.805408 397.92064 428.575072 292.9376 4
0 408.837856 228.58048 433.992224 160.30272 5
0 339.801216 166.538016 358.277504 106.212064 6
0 407.170912 353.24352 438.615968 259.20832 7
0 525.603904 430.15872 545.278656 314.79616 8
0 542.835744 357.37536 559.397856 284.11328 9
0 513.158592 284.79744 534.018368 212.10624 10
0 555.173888 303.579744 573.654272 256.077216 11
0 362.130912 156.79328 384.237088 82.32352 12
0 374.017344 271.5904 404.291776 191.36 13
0 390.580416 203.18752 415.658304 135.0896 14
0 392.234944 287.21984 427.626816 220.54976 15
0 590.295584 456.52096 605.253856 354.90688 16
0 461.96544 369.43168 495.95968 282.27776 17
0 326.820928 138.519616 353.890752 75.492544 18
0 326.155232 253.11648 367.128608 157.63936 19
0 607.029536 452.46944 629.700064 380.37536 20
0 499.867936 348.8 535.133664 274.66112 21
0 467.164 308.49936 497.79088 248.24816 22
0 553.175264 437.07296 581.255456 382.15136 23
0 559.273472 339.595168 579.408128 288.531552 24
0 503.847616 290.541536 530.585664 236.691744 25
0 545.067584 404.18816 579.546816 345.91872 26
0 592.049632 377.077408 607.632928 322.662752 27
0 539.7728 505.72928 578.23936 405.15072 28
0 588.370528 303.11776 600.351392 214.87904 31
0 566.450176 399.34496 590.287104 313.32064 30
0 558.598048 385.5584 580.504672 321.3984 29
0 560.367712 394.90656 588.287648 315.99264 32
