0 312.891424 405.88672 352.219616 288.40832 1
0 287.362592 317.81152 309.797088 183.23936 2
0 309.489664 179.63648 327.027456 83.872 3
0 392.498816 390.41184 428.901504 292.9648 4
0 406.591968 230.63456 433.592352 160.96608 5
0 340.043744 167.770912 358.430496 106.163168 6
0 407.376448 363.56096 441.976512 263.59296 7
0 525.651744 428.18688 544.887776 315.42912 8
0 542.810496 357.65728 559.633024 284.49952 9
0 513.852448 283.8512 533.796832 211.66496 10
0 554.995584 305.694048 574.105216 256.376992 11
0 362.82688 167.5824 385.36512 86.08672 12
0 374.045408 268.38624 403.408672 190.94432 13
0 392.72832 203.88352 416.0448 132.82048 14
0 390.20384 290.55328 423.09408 220.3728 15
0 590.166752 447.56896 604.398368 344.40928 16
0 462.065376 368.90016 495.703584 283.46592 17
0 328.140096 137.765984 352.353984 74.971296 18
0 328.224608 256.10464 370.302112 158.4336 19
0 609.738848 449.36608 630.107552 372.4912 20
0 499.987456 350.0128 535.526144 275.36448 21
0 466.842272 308.782944 495.790688 248.319136 22
0 550.663264 441.525856 581.908896 386.284704 23
0 559.504096 336.740288 581.540384 287.872832 24
0 503.674912 290.13728 530.416608 235.33088 25
0 543.791072 407.27984 578.922528 350.29072 26
0 594.240608 390.74848 608.133792 322.91936 27
0 540.442048 505.28544 578.878272 403.74112 28
0 557.472864 383.50432 582.132896 319.08896 29
0 568.761216 399.64992 590.528384 314.47872 30
0 589.020224 290.77216 600.943296 217.8448 31
0 562.032608 396.48352 589.553952 316.21536 32
