0 313.62544 406.53152 352.39568 288.04256 1
0 288.900576 319.01856 311.401504 184.19296 2
0 396.119552 398.19584 424.336128 283.39904 4
0 337.1568 171.47328 358.58592 106.65024 6
0 406.310176 353.4992 438.146784 256.15968 7
0 579.731136 278.7024 596.632384 213.41024 9
0 519.974496 303.57312 541.300384 219.55008 10
0 548.881088 323.26272 575.255872 257.728 11
0 354.425184 129.30624 376.781216 55.20448 12
0 379.7232 262.5744 410.94432 190.63136 13
0 404.244608 284.293952 436.223872 226.743488 15
0 480.124896 373.37056 503.265824 283.1568 17
0 505.783872 346.16416 536.131008 273.0 21
0 506.140096 297.822144 534.996544 243.447616 25
0 543.291168 370.826112 565.959392 311.612288 26
0 590.710656 387.75744 607.249024 308.20032 27
0 573.069728 359.935168 593.030752 303.102272 30
0 465.60272 325.8064 491.59152 247.58752 22
0 423.04368 275.63136 462.81744 180.0128 14
0 323.94848 258.72896 365.54656 159.5392 23
0 572.227488 400.44192 593.055072 330.4048 24
0 335.538624 147.42464 372.138816 73.0336 18
0 364.448992 220.0528 403.414048 158.85152 16
0 431.508128 413.35584 467.280992 322.7632 3
0 371.290624 207.159712 403.568896 159.103328 5
0 574.886496 469.04224 603.311264 379.14976 20
0 524.647808 501.65344 564.705152 410.53216 28
0 588.478784 378.40192 598.175936 302.72576 32
0 530.673696 419.25632 546.164704 324.9344 8
0 24.816896 211.76288 38.886784 117.47616 31
0 605.490624 450.26976 630.586176 374.66208 29
0 330.749728 143.37824 358.235872 77.05568 19
