0 313.702528 406.93472 352.422272 288.54816 1
0 288.66496 319.37856 310.87168 181.62752 2
0 312.622656 203.23168 333.074624 99.39616 3
0 396.820768 395.53152 428.085472 293.25312 4
0 395.670912 216.293536 424.743808 167.600224 5
0 339.643808 175.23296 358.388832 106.89312 6
0 403.779616 357.15392 439.174624 259.78048 7
0 527.115808 431.58016 545.734112 322.05312 8
0 540.375488 322.592768 556.677952 260.673792 9
0 517.863712 297.49568 539.037408 220.944 10
0 555.63616 316.569312 574.18016 257.349408 11
0 354.344032 139.32704 378.665888 63.59776 12
0 372.855168 271.55872 405.748352 191.74112 13
0 386.541472 197.445824 413.471328 141.563456 14
0 392.942752 283.36928 423.035488 215.9792 15
0 461.529568 368.10016 495.658272 282.008 17
0 327.350848 149.90336 355.495872 77.67808 18
0 499.468544 338.4688 532.892416 273.16384 21
0 560.360064 365.16704 576.030336 297.1856 24
0 503.412736 289.404896 528.318464 238.013984 25
0 543.029664 376.71088 563.604576 315.5464 26
0 595.449568 392.68448 606.278432 310.16352 27
0 574.878624 390.42112 590.083936 314.52352 30
0 465.908512 306.106976 494.862048 248.975264 22
0 324.606304 265.44 364.279456 159.5072 19
0 538.566528 496.296 577.730432 399.27904 28
0 543.821664 423.72496 576.230816 374.8952 23
0 589.444384 288.04512 600.867296 214.96544 31
0 550.961408 397.72464 576.713472 351.72048 29
0 25.14304 214.09888 42.137728 115.97856 32
0 587.87856 399.79328 599.77456 304.3744 20
0 575.853056 497.57888 589.385984 413.20128 16
