0 313.969344 406.8864 351.977536 288.992 1
0 287.177312 316.63488 309.705888 180.5504 2
0 326.323648 302.79872 374.019392 200.7968 3
0 396.024864 392.912 424.201696 284.23232 4
0 377.88272 210.3968 408.55696 159.42336 5
0 339.470048 169.514432 358.503712 106.228288 6
0 407.599072 358.13984 438.457888 255.64576 7
0 530.249856 424.1024 546.788224 321.61152 8
0 580.174304 275.78736 594.115616 212.90256 9
0 519.108704 303.94592 541.124256 217.60928 10
0 550.231584 323.672 574.297056 256.74016 11
0 351.14096 137.12384 376.52496 61.23392 12
0 372.554464 275.02944 406.100256 189.3648 13
0 402.549792 288.98784 439.628768 219.9888 15
0 480.800512 378.7456 505.202688 285.39776 17
0 327.521152 148.80544 357.930368 77.49216 18
0 505.659168 343.57152 536.466912 272.88928 21
0 564.875424 383.90848 584.803936 317.2512 24
0 507.204576 297.577504 532.481824 243.510496 25
0 543.160768 378.521664 565.220672 315.758016 26
0 591.314656 365.84 606.429984 295.53984 27
0 573.718304 375.66752 590.627296 309.36288 30
0 467.467968 331.26912 495.141952 248.71552 22
0 534.188864 501.92768 574.599616 408.64768 28
0 606.281312 447.75328 629.975968 373.53952 29
0 590.63008 460.4352 605.4736 357.04832 20
0 409.584192 222.02176 428.087488 140.2592 14
0 323.940928 221.941408 357.040832 158.120032 23
0 565.40496 405.7616 586.03056 315.22016 31
0 591.991744 300.15488 602.528576 222.50496 19
0 323.861952 219.736768 349.653568 159.139392 32
0 364.549504 222.961376 394.167936 162.444064 16
