0 311.777216 407.17728 351.776064 288.376 1
0 288.438656 321.6304 310.437504 180.74272 2
0 381.180352 427.07008 428.020288 311.68448 3
0 395.385248 360.11264 423.891552 284.05504 4
0 337.14352 173.25696 358.5544 105.08288 6
0 405.314656 359.94752 439.096224 255.58016 7
0 529.684736 427.18304 546.308864 321.42496 8
0 580.651616 270.483936 596.459424 214.022944 9
0 519.577248 302.51616 540.925792 220.02592 10
0 547.3432 323.71136 574.69456 257.4752 11
0 353.113376 136.13312 376.505824 59.94368 12
0 373.742944 272.94624 409.238176 190.43424 13
0 405.7688 286.85536 440.24336 218.17504 15
0 481.051232 376.08448 503.435168 282.6368 17
0 505.644352 342.7488 536.005568 273.3216 21
0 507.036704 297.167424 532.483296 243.535296 25
0 541.150336 367.555168 564.925824 309.838752 26
0 591.699104 378.60992 606.323296 311.0656 27
0 568.170368 358.169952 589.757312 307.560608 30
0 466.963392 334.85856 489.567808 247.8 22
0 585.085952 479.51008 603.702528 374.13216 20
0 409.302656 224.36608 427.168384 141.21344 14
0 604.704352 449.70976 630.466208 374.45664 29
0 324.679744 263.59776 364.421056 160.54304 23
0 363.395392 218.615456 401.604288 159.418464 16
0 573.961728 399.34688 593.111552 331.75712 24
0 341.157696 156.99168 368.019904 79.63552 19
0 581.789504 312.58272 597.317056 244.09696 32
0 329.747264 153.34496 368.130496 77.7616 18
0 24.788192 213.64128 39.380128 116.96352 31
0 372.115456 206.614848 404.817664 158.684352 5
0 557.402208 414.677696 579.035552 352.821824 28
