0 311.689056 408.416 352.738464 288.85632 1
0 287.0072 317.56416 308.78288 177.28128 2
0 313.612512 204.01056 333.069088 111.43392 3
0 394.099392 390.14912 424.147008 286.14144 4
0 389.62304 217.946208 420.08832 166.963872 5
0 339.406368 173.87488 357.832672 106.9136 6
0 407.282176 365.76896 439.359744 258.0736 7
0 529.803232 432.48544 546.144288 316.408 8
0 548.520352 287.093024 573.388128 232.185056 9
0 518.365248 308.37792 540.777152 219.89856 10
0 547.543744 321.91616 575.601216 256.10624 11
0 351.54912 139.73216 375.70208 61.55296 12
0 372.858336 270.71424 405.705504 191.39136 13
0 396.807776 284.640992 430.351264 222.194208 15
0 473.868128 374.1488 497.424032 285.04992 17
0 327.306016 148.09888 354.580704 77.88 18
0 501.313024 345.97152 531.993856 272.62816 21
0 562.758688 386.31872 582.717152 309.23328 24
0 504.95904 299.64576 531.52352 244.67424 25
0 543.481408 384.7296 565.099712 316.05504 26
0 589.626624 367.068032 606.333696 306.789248 27
0 574.450272 384.73984 590.173088 307.80032 30
0 466.846496 316.36992 493.085664 247.38432 22
0 327.21104 262.46272 366.64112 161.73696 19
0 537.267488 502.368 574.261472 401.12768 28
0 590.092608 475.30624 605.679552 351.53664 20
0 606.915904 451.29824 629.452736 371.07872 29
0 401.822208 207.67264 426.249472 123.94976 14
0 588.631424 287.44576 600.759936 217.45408 31
0 549.55264 425.133728 578.24 380.176992 23
0 413.598592 275.445184 431.768448 212.607296 16
0 25.1744 214.25952 41.882752 116.82912 32
