0 314.865152 405.50048 352.060928 288.12 1
0 288.707968 318.1424 311.027072 183.54336 2
0 309.98544 197.86912 327.41488 83.66304 3
0 396.479776 396.15168 428.365024 293.43552 4
0 408.552448 228.7008 433.030912 160.29888 5
0 339.444832 173.27104 358.406048 105.66272 6
0 405.860256 355.37664 438.494304 258.5728 7
0 525.883008 430.57952 544.894592 313.55616 8
0 543.35408 353.48768 560.3848 283.61312 9
0 512.817376 288.38656 535.795744 212.93312 10
0 555.549792 305.39696 574.038688 255.52464 11
0 355.728832 146.97952 379.140928 71.75072 12
0 373.175072 271.06176 403.856608 191.11936 13
0 390.7136 203.63328 414.67392 135.43872 14
0 392.8448 285.20928 424.63232 219.86464 15
0 588.984768 456.8416 605.556032 360.41536 16
0 460.99984 367.80352 495.54928 281.7568 17
0 326.384736 137.098144 352.062624 75.518816 18
0 324.724352 257.69888 366.203008 163.17792 19
0 612.614368 453.22528 630.918432 384.0048 20
0 499.779392 342.67552 534.957248 274.59296 21
0 547.17504 438.2368 581.45344 383.23648 23
0 559.615552 334.477312 576.573888 288.249088 24
0 501.664832 291.98928 530.403008 237.67856 25
0 543.86432 405.931552 579.30112 344.253408 26
0 593.159104 374.45248 606.632256 318.2016 27
0 540.577376 503.43232 578.512544 404.87872 28
0 571.707968 401.05696 590.931392 308.47264 30
0 557.560864 374.127232 579.034336 323.381888 29
0 466.658944 309.055744 497.622656 248.958976 22
0 588.39456 303.05056 600.41056 214.43424 31
0 560.367712 394.90656 588.287648 315.99264 32
