0 311.564736 406.54048 352.041024 288.26912 1
0 288.546752 322.29088 310.456128 180.44448 2
0 387.784128 431.74912 429.490752 329.00096 3
0 395.499584 354.86656 423.815616 284.74432 4
0 337.010496 173.7584 358.659264 105.81664 6
0 405.177792 353.04896 439.512128 255.37728 7
0 529.783648 424.51072 546.330272 323.136 8
0 580.18976 271.586208 596.38752 213.729632 9
0 519.617312 302.03968 540.920288 220.2464 10
0 547.86928 326.0912 574.65872 257.55168 11
0 353.9784 136.28512 376.68912 58.248 12
0 373.675616 272.90048 409.204384 191.25696 13
0 405.515776 288.93664 440.463104 219.06848 15
0 480.991136 376.176 503.566944 282.63616 17
0 505.38128 341.60512 535.95248 273.11488 21
0 507.365248 296.175104 532.053632 243.484416 25
0 541.124992 367.74528 564.663168 310.13504 26
0 591.2192 380.20704 606.24 310.43872 27
0 568.322016 357.837568 589.861664 307.805952 30
0 466.225408 338.00384 490.417152 247.7216 22
0 409.784576 223.5648 427.126784 141.11744 14
0 604.589024 450.08032 630.769696 374.17824 29
0 324.711488 262.04 364.503232 160.65184 23
0 573.173792 400.21632 593.013728 330.84416 24
0 582.462816 314.08288 596.579744 246.40224 32
0 332.539456 150.5232 370.851264 76.69216 18
0 373.276864 207.045248 404.643136 158.524032 5
0 544.685728 425.708928 577.787232 373.476992 28
0 363.497984 217.570272 401.190656 159.599648 16
0 584.88816 478.2416 603.78 375.02816 20
0 24.83344 213.3856 39.613152 116.79552 31
0 330.749728 143.37824 358.235872 77.05568 19
