0 314.58672 405.29984 351.9016 287.93664 1
0 288.45392 319.30816 310.55408 183.34272 2
0 310.37584 196.63296 327.62352 90.79872 3
0 395.633152 393.94976 428.624128 293.2016 4
0 407.922464 226.9184 432.836576 160.62464 5
0 339.397184 172.54784 358.266816 106.07616 6
0 401.619776 354.67744 438.720704 257.576 7
0 525.869408 434.45184 545.480352 314.11392 8
0 541.96272 333.2328 560.06224 282.81456 9
0 513.27024 292.8304 536.1864 213.8768 10
0 555.627776 308.08672 574.205184 255.88896 11
0 354.645664 145.21632 379.735136 68.78816 12
0 373.464096 269.81344 404.134624 190.73312 13
0 391.092704 203.05728 414.786336 134.22144 14
0 392.978112 284.62912 424.282688 219.8432 15
0 460.707456 368.80576 494.399104 282.14848 17
0 326.843008 148.3392 353.996672 76.55808 18
0 499.932544 345.68384 533.657216 274.45568 21
0 546.815808 433.664096 581.437632 381.635744 23
0 559.860288 340.13744 575.946432 289.1016 24
0 502.599648 291.347296 529.903392 238.858144 25
0 544.19504 391.66464 569.91696 318.18368 26
0 593.0176 391.52288 606.50624 317.93248 27
0 569.482048 406.49024 591.212992 309.18976 30
0 466.9896 305.361952 491.59344 248.860128 22
0 584.99312 346.117472 598.1096 291.810208 32
0 559.134976 400.039904 579.446784 350.836256 29
0 579.497248 491.10112 601.182432 386.06624 16
0 602.033152 448.632 617.017088 377.45056 20
0 329.171872 256.11168 366.906208 163.20096 19
0 541.851712 505.95904 578.607808 404.99136 28
0 588.39456 303.05056 600.41056 214.43424 31
