0 314.969824 406.36192 351.928096 287.66944 1
0 288.60048 321.91008 310.6648 181.60608 2
0 396.06736 390.24032 424.28848 284.40672 4
0 336.004736 174.41344 358.798464 105.72352 6
0 405.915808 350.11072 437.980512 256.0576 7
0 579.647904 285.10976 596.846176 214.05568 9
0 519.935296 306.7008 541.170624 219.3664 10
0 548.303936 320.963776 574.517184 257.597504 11
0 355.404576 134.90144 376.525024 56.19232 12
0 379.191936 270.10048 410.438784 189.4528 13
0 405.150304 286.248768 438.310816 222.318272 15
0 481.341216 373.69504 504.110304 283.064 17
0 506.067424 345.3808 536.040736 272.85536 21
0 506.475008 299.386848 533.087232 243.399712 25
0 543.244544 368.914112 565.931776 311.604288 26
0 595.706208 382.75104 606.549152 310.10784 27
0 571.44496 359.959168 592.60752 309.233792 30
0 465.967552 330.61888 490.891328 249.05472 22
0 412.986464 254.49856 440.041376 163.71456 14
0 324.655392 260.1344 365.274848 160.67968 23
0 573.897152 400.3488 592.889408 333.5264 24
0 585.461856 344.223136 597.387424 285.405024 32
0 335.516032 147.32288 372.345728 73.18912 18
0 363.424352 220.277152 403.019168 158.711648 16
0 418.401984 441.04704 456.777536 342.3168 3
0 524.932352 501.90848 565.526528 409.84064 28
0 577.465248 464.56288 603.471712 378.22496 20
0 530.673696 419.25632 546.164704 324.9344 8
0 24.816896 211.76288 38.886784 117.47616 31
0 605.490624 450.26976 630.586176 374.66208 29
0 372.938016 206.853792 404.559584 158.556768 5
0 330.749728 143.37824 358.235872 77.05568 19
