0 306.944032 407.21312 350.728928 289.51008 1
0 287.347712 327.49472 310.039808 183.88064 2
0 396.305792 397.66336 424.176768 282.84224 4
0 338.42784 172.24032 358.30688 107.31936 6
0 406.551968 356.94592 437.936992 255.90144 7
0 579.558176 285.01184 596.330464 213.4752 9
0 520.116832 305.44064 541.374368 220.112 10
0 550.563424 327.28032 575.373216 257.77952 11
0 379.58416 266.55392 410.73392 190.2064 13
0 405.172544 288.743616 439.443136 225.066304 15
0 479.421056 379.59488 503.409024 280.07744 17
0 504.822112 348.53952 535.756448 272.70976 21
0 504.687936 298.768992 535.158464 243.221408 25
0 543.0016 370.39968 566.1568 312.15264 26
0 593.564032 434.5376 610.747008 315.1392 27
0 571.797696 355.507552 592.464704 298.884768 30
0 465.94752 328.49024 492.28096 249.66528 22
0 441.046944 289.31584 473.004896 201.6064 14
0 324.127072 257.85792 367.591328 159.56928 23
0 571.59552 401.82304 593.00224 329.75584 24
0 337.670464 147.90496 372.560576 73.70912 18
0 364.616896 222.055232 403.759424 158.779328 16
0 442.63152 408.6496 476.76304 320.33856 3
0 370.578368 206.505952 403.934272 158.839328 5
0 574.15504 456.77248 603.36816 379.33632 20
0 557.381312 402.124576 579.023168 353.783264 29
0 24.894688 210.49632 40.572576 116.57184 31
0 594.029056 364.645088 607.650304 309.488672 32
0 609.613888 451.44384 630.318272 372.38208 8
0 353.287968 118.27392 374.525152 50.12544 12
0 524.647808 501.65344 564.705152 410.53216 28
0 330.749728 143.37824 358.235872 77.05568 19
