0 312.27632 406.8048 352.10256 288.34784 1
0 287.240032 313.94304 309.227168 180.1472 2
0 318.541376 287.50176 365.640384 190.6832 3
0 395.844512 393.0768 424.183648 284.38496 4
0 373.516896 212.056992 408.858784 159.113568 5
0 339.376544 168.9864 358.433376 107.13904 6
0 407.4152 358.83392 438.25008 255.33056 7
0 530.008608 420.88448 546.598112 320.14464 8
0 579.461792 280.60992 593.461088 212.83904 9
0 519.108864 305.55264 540.574976 218.59456 10
0 549.948256 325.2112 574.266784 256.67424 11
0 351.575392 137.64992 376.328608 61.92128 12
0 372.563072 272.76864 406.007168 188.69056 13
0 402.794816 286.18912 438.313664 221.68544 15
0 480.8376 377.89344 505.32048 285.57536 17
0 327.410432 147.43488 355.527168 77.87456 18
0 505.688896 344.31872 535.923904 273.27104 21
0 564.900736 382.61024 585.135744 317.15552 24
0 506.807424 296.606368 532.008576 243.366752 25
0 543.168544 377.78208 564.937696 315.27904 26
0 591.772352 366.38048 606.310208 295.18624 27
0 573.802624 375.9376 590.466176 308.91488 30
0 467.18784 330.4224 494.15744 248.52032 22
0 346.373088 245.48832 366.339872 167.52928 19
0 532.721248 502.77824 574.679712 407.48352 28
0 590.61264 456.55104 605.43344 356.60096 20
0 409.633056 223.02336 428.382944 140.22784 14
0 606.397568 448.76416 629.832832 374.15168 29
0 591.777344 297.15744 601.319616 216.53728 31
0 365.749472 227.16768 407.344928 160.44192 16
0 565.486048 413.57152 587.537952 317.7616 23
0 25.1744 214.25952 41.882752 116.82912 32
