0 313.241888 404.38656 351.980512 287.59296 1
0 288.44272 318.81504 310.7944 183.34688 2
0 309.464704 182.20736 326.982016 84.43072 3
0 392.13504 395.26848 428.99008 292.56896 4
0 408.397472 229.95136 433.779808 160.50112 5
0 339.694848 167.146176 358.378752 106.001984 6
0 407.171584 365.00576 441.231616 263.05056 7
0 525.5536 430.9952 544.81824 315.50976 8
0 542.959584 356.10528 559.405856 284.51168 9
0 513.85024 283.6848 533.90656 211.95936 10
0 555.302688 305.393568 573.868512 256.445792 11
0 362.424704 168.3984 385.126016 85.2144 12
0 373.687648 273.91712 404.446112 190.86368 13
0 392.218464 203.03776 415.583136 134.10784 14
0 393.441152 288.12448 429.219968 220.40416 15
0 590.310656 454.58368 605.389824 349.008 16
0 462.351296 366.80672 496.157504 283.43328 17
0 327.920576 137.279488 353.710144 75.030272 18
0 328.033152 250.3776 369.053568 159.65248 19
0 609.068928 448.91296 630.061952 373.87744 20
0 500.171328 349.28032 535.970752 275.70528 21
0 467.194816 324.99232 498.680384 250.79392 22
0 551.087872 441.191584 581.580288 383.746656 23
0 559.183136 335.435008 579.705824 288.140032 24
0 503.746816 290.671968 530.193664 236.205472 25
0 543.476608 408.301376 578.387072 345.404864 26
0 593.628896 381.083552 607.862304 323.671648 27
0 541.412896 504.09056 578.887904 405.28416 28
0 558.735392 384.09696 580.335328 319.9184 29
0 588.565376 299.06368 600.526464 216.0352 31
0 570.275648 400.68992 590.309312 312.01792 30
0 560.367712 394.90656 588.287648 315.99264 32
