0 313.553856 404.63584 351.744064 287.7776 1
0 287.987616 317.28864 310.503264 183.1248 2
0 309.47232 175.44256 327.06528 84.39872 3
0 394.974624 397.84576 428.618336 293.16864 4
0 408.288928 229.27296 433.933152 160.23616 5
0 339.732512 167.032416 358.296288 106.173344 6
0 407.046528 355.71008 438.645632 259.792 7
0 525.94864 428.45088 545.73392 315.34816 8
0 542.93776 353.90016 559.53136 284.10432 9
0 513.139136 284.8944 533.954624 212.01184 10
0 555.176288 302.966752 573.704352 256.115488 11
0 362.795232 158.19104 385.770528 83.88896 12
0 374.026048 271.208 404.306112 191.27904 13
0 390.630944 203.00192 415.696096 134.34848 14
0 392.43072 287.66336 427.69088 221.7856 15
0 590.185472 458.01536 605.211648 354.66176 16
0 462.055936 366.856 496.173824 282.19744 17
0 326.868 137.584352 352.90672 75.905568 18
0 326.23712 252.15648 367.89792 156.77792 19
0 608.0488 450.04992 629.98896 378.6144 20
0 499.884736 350.53024 535.388224 275.01728 21
0 466.964416 307.983392 497.687104 248.252128 22
0 552.72832 437.815776 581.2864 382.783264 23
0 559.218272 337.231456 579.304608 288.470944 24
0 503.207008 290.863584 530.341792 236.626976 25
0 545.804256 405.153088 577.964064 349.113792 26
0 592.037696 377.90016 607.699904 323.02784 27
0 540.40032 504.20704 578.12896 405.06528 28
0 588.470592 301.45056 600.374208 214.72352 31
0 566.002272 399.46688 590.097568 313.31904 30
0 558.598048 385.5584 580.504672 321.3984 29
0 560.367712 394.90656 588.287648 315.99264 32
