0 314.51248 406.44896 352.26512 287.0192 1
0 288.653696 323.7776 310.359424 180.28256 2
0 395.161216 387.784 423.906944 284.5808 4
0 335.963904 173.7616 359.078656 105.7328 6
0 405.241056 344.7392 438.445344 257.12064 7
0 529.51824 420.3152 546.3512 322.872 8
0 580.526144 274.523808 596.677056 213.761632 9
0 519.810016 304.84384 541.087264 219.88448 10
0 547.51712 325.07456 574.66528 257.89632 11
0 354.542912 131.6368 376.576448 54.04384 12
0 377.74736 273.6848 410.43568 189.24128 13
0 405.57664 289.83328 439.25536 214.31264 15
0 480.561888 374.59328 504.176672 281.08672 17
0 505.835968 343.11456 535.941952 273.17728 21
0 507.233184 298.624736 532.350816 243.763744 25
0 541.919616 368.51936 564.484224 310.46432 26
0 592.056576 383.31104 606.522624 310.57824 27
0 568.206848 361.384448 591.613952 308.995072 30
0 466.119232 327.99776 492.792768 248.33632 22
0 576.566304 474.38528 603.443936 378.10368 20
0 409.33456 227.80544 425.69392 139.65184 14
0 324.837536 265.30208 364.923744 160.33504 23
0 571.659264 403.07744 593.010176 330.3088 24
0 582.899136 323.46656 595.498304 255.20096 32
0 334.8264 151.28928 372.8472 73.03584 18
0 24.873152 211.6464 39.236544 117.37504 31
0 546.153728 427.587296 578.609152 374.666784 28
0 363.376384 218.9544 403.495936 157.76368 16
0 415.017216 440.944 452.756224 347.35808 3
0 605.490624 450.26976 630.586176 374.66208 29
0 372.938016 206.853792 404.559584 158.556768 5
0 330.749728 143.37824 358.235872 77.05568 19
