0 307.971808 407.14656 350.892832 289.8096 1
0 287.367104 327.19232 310.039616 183.76704 2
0 396.288672 398.19968 424.327008 282.864 4
0 338.33136 172.02656 358.38032 106.5936 6
0 406.941152 357.58144 437.916448 256.17344 7
0 579.540832 285.0704 596.332448 213.45376 9
0 520.143328 305.35072 541.369632 220.09056 10
0 550.226272 327.84736 575.364768 257.8576 11
0 379.560672 265.88928 410.648608 190.1888 13
0 405.759808 289.251968 440.096192 225.858432 15
0 479.414784 378.74816 503.448576 281.63072 17
0 504.417568 347.70848 535.771872 272.92512 21
0 504.630208 298.590912 535.030592 243.183168 25
0 542.989824 370.55712 566.093056 312.0144 26
0 593.511264 433.99392 610.008736 319.89792 27
0 572.310624 354.947616 592.577696 299.146464 30
0 466.0648 329.62624 493.80848 249.24864 22
0 324.118496 257.7696 367.414304 159.5552 23
0 571.465952 403.56064 593.005088 329.6912 24
0 338.430496 149.86464 372.852704 73.52864 18
0 364.616416 221.167104 403.761184 158.681856 16
0 442.369408 408.78592 476.390272 318.10816 3
0 370.859328 206.163584 403.941312 158.738816 5
0 573.969984 460.77632 603.499456 379.06752 20
0 557.308416 403.014752 578.955264 353.883808 29
0 609.550144 452.52384 630.351296 372.13152 8
0 24.86496 212.09632 40.608192 116.96096 31
0 437.03824 292.8176 470.66096 198.536 14
0 594.235008 368.97344 607.935872 309.5072 32
0 353.287968 118.27392 374.525152 50.12544 12
0 524.647808 501.65344 564.705152 410.53216 28
0 330.749728 143.37824 358.235872 77.05568 19
