0 314.953696 405.44064 352.154144 288.03392 1
0 288.448768 318.85376 310.771712 183.42464 2
0 309.90192 195.1584 327.41648 84.08 3
0 396.643232 396.05248 428.310368 293.09568 4
0 408.089664 228.6512 432.997056 160.18848 5
0 339.501312 173.34912 358.451968 106.38976 6
0 405.857312 355.56768 438.448608 258.84 7
0 525.899552 429.56416 544.867808 313.05344 8
0 543.240544 352.85664 560.410016 283.48768 9
0 513.309728 288.12896 535.316192 212.47648 10
0 555.579584 305.762336 574.074176 255.594464 11
0 355.711072 146.5856 379.218848 71.53536 12
0 373.187008 270.50752 403.606592 191.19488 13
0 390.710944 203.39136 414.585696 135.2864 14
0 392.790016 285.13344 423.898624 219.28384 15
0 587.570528 457.32576 605.953952 364.0336 16
0 460.92256 367.20672 495.5216 281.62272 17
0 326.168032 145.3792 352.386848 76.1056 18
0 327.87744 255.98432 366.28448 163.87616 19
0 615.474336 454.83008 631.101024 384.19328 20
0 499.60176 342.7328 535.07728 274.82752 21
0 547.872928 439.041376 581.480032 382.530464 23
0 559.684064 336.193248 576.309536 288.624672 24
0 501.516768 292.1272 530.254112 237.91312 25
0 544.183712 404.436096 579.212128 343.160704 26
0 592.957952 377.794944 606.687488 318.458496 27
0 541.423648 503.56256 578.523872 404.64224 28
0 567.954144 403.9616 590.951456 307.99488 30
0 556.428288 372.805632 578.801152 323.941888 29
0 466.758624 311.122144 497.613856 249.179936 22
0 588.39456 303.05056 600.41056 214.43424 31
0 560.367712 394.90656 588.287648 315.99264 32
