0 313.790304 406.54432 352.273056 287.112 1
0 288.661408 324.06784 310.378592 180.24576 2
0 395.29568 383.12352 424.41888 284.53472 4
0 336.545632 173.83584 359.001248 105.6432 6
0 404.976672 343.45952 438.502368 257.51968 7
0 529.949408 420.67936 546.343712 322.98528 8
0 580.542816 272.97072 596.902304 213.7736 9
0 519.753632 304.45952 541.102688 219.6992 10
0 547.699456 326.33664 574.705664 257.74144 11
0 354.672384 134.14816 376.541696 54.88992 12
0 378.055424 271.50464 409.886976 187.97952 13
0 405.382112 289.4832 439.589408 217.45568 15
0 480.62752 374.3136 504.19936 280.29888 17
0 505.646816 343.45312 535.977504 273.27264 21
0 507.205216 298.25696 532.112544 243.64384 25
0 542.216384 368.239904 564.470336 310.477536 26
0 592.034784 383.4112 606.494496 310.51776 27
0 568.475808 360.93408 591.154272 308.89504 30
0 466.069856 326.59968 492.857504 248.51712 22
0 409.942656 227.7536 426.349184 139.60768 14
0 324.858336 265.64832 364.667424 160.31904 23
0 572.542752 402.24832 593.492448 330.35968 24
0 582.244256 322.04768 595.135584 253.37632 32
0 334.853824 151.45664 372.334656 73.10528 18
0 24.859968 211.66592 39.403584 117.33632 31
0 545.995008 428.008384 578.582272 375.320896 28
0 363.4472 219.842944 403.77072 157.950336 16
0 412.480736 443.40576 452.991264 347.72512 3
0 579.051904 474.91968 603.604096 377.89696 20
0 605.490624 450.26976 630.586176 374.66208 29
0 372.938016 206.853792 404.559584 158.556768 5
0 330.749728 143.37824 358.235872 77.05568 19
