0 312.542816 406.39008 352.308384 288.44896 1
0 288.330112 323.0464 310.470528 184.03328 2
0 396.122464 397.95328 424.361376 283.30496 4
0 337.42208 171.02496 358.47808 106.70176 6
0 405.970368 355.05568 438.006592 255.81792 7
0 579.540224 281.336 596.677376 213.3648 9
0 520.066112 302.46464 541.271488 219.58592 10
0 548.612832 324.26112 575.261728 258.02368 11
0 354.223136 128.88352 376.540384 55.54272 12
0 379.746784 263.41408 410.695456 190.3728 13
0 404.904832 285.715104 438.854528 227.452256 15
0 478.053856 376.94784 502.988064 283.6512 17
0 504.610176 345.11488 535.947904 273.15072 21
0 503.926496 297.400448 533.686304 243.117952 25
0 543.280864 370.228928 565.913376 311.839552 26
0 592.231552 395.35712 607.731328 310.82144 27
0 573.773536 359.30304 592.995104 302.13824 30
0 465.598176 332.75744 491.786784 248.07328 22
0 427.95664 282.64128 470.31792 188.8032 14
0 324.024576 257.70656 365.146624 159.86528 23
0 571.780544 403.36992 592.571456 329.40832 24
0 335.451712 147.03232 372.261568 73.34528 18
0 364.57504 221.019936 403.5312 158.846944 16
0 436.000704 411.0352 472.638016 317.7904 3
0 371.781088 206.143392 403.727392 159.167328 5
0 574.842528 470.3184 603.741792 378.74016 20
0 524.647808 501.65344 564.705152 410.53216 28
0 588.478784 378.40192 598.175936 302.72576 32
0 530.673696 419.25632 546.164704 324.9344 8
0 24.816896 211.76288 38.886784 117.47616 31
0 605.490624 450.26976 630.586176 374.66208 29
0 330.749728 143.37824 358.235872 77.05568 19
