0 312.416128 405.9904 352.292992 288.30208 1
0 285.401536 316.80864 307.855424 181.27136 2
0 309.346368 181.7984 326.301632 83.85536 3
0 393.0856 390.82112 429.04304 292.50304 4
0 406.232864 234.664 433.928416 160.16096 5
0 340.009472 167.442496 358.477568 106.113984 6
0 406.776192 361.2688 442.288768 263.93312 7
0 525.820032 428.38656 545.002368 315.37024 8
0 542.765312 357.90688 559.493888 284.6608 9
0 513.932576 278.66912 533.680864 211.32384 10
0 554.956768 305.962432 574.118432 255.876928 11
0 364.2592 167.59648 385.80416 85.80128 12
0 374.064512 267.61504 403.710848 190.65312 13
0 392.508128 203.70208 415.873312 133.23616 14
0 390.000576 291.36672 421.418304 220.7408 15
0 589.738336 447.40928 604.045984 343.88928 16
0 459.824448 370.1888 494.241472 282.31936 17
0 328.672064 138.076384 354.254016 77.327136 18
0 328.464128 255.03552 369.933312 158.1344 19
0 610.289984 444.57664 630.763456 373.23712 20
0 500.028608 349.99712 534.951232 274.58656 21
0 467.158016 322.42976 498.454784 249.1248 22
0 546.180544 440.844672 582.024256 384.057728 23
0 559.6056 336.262848 582.38096 287.081792 24
0 503.723776 289.745024 530.489344 235.130496 25
0 543.605664 404.456224 579.776096 350.153696 26
0 594.696864 391.42432 608.099936 322.82848 27
0 540.59136 506.01056 578.82624 403.98368 28
0 557.024288 384.1584 583.864032 318.30176 29
0 572.113088 401.872 590.330432 313.99872 30
0 589.249632 289.83648 601.836448 220.95904 31
