0 311.764416 406.58976 352.144704 288.43744 1
0 287.235904 313.16704 309.132736 180.21792 2
0 314.370944 285.58784 360.964736 183.21088 3
0 395.675616 393.45952 424.233504 284.57696 4
0 375.847104 211.3608 408.961856 159.42832 5
0 339.425088 169.09664 358.478272 107.25024 6
0 407.53328 358.7152 438.26 255.33408 7
0 529.617376 430.21344 546.529824 321.35136 8
0 579.616768 279.91744 593.284352 213.8912 9
0 519.112864 304.69344 540.414816 218.56032 10
0 550.380544 326.05184 574.286336 256.57344 11
0 351.887552 136.21632 376.486208 61.8496 12
0 372.48096 272.48448 405.62976 188.85568 13
0 402.496928 285.322336 436.736352 222.223264 15
0 480.88 378.12896 505.33696 285.04928 17
0 327.288864 146.80992 355.594976 77.9248 18
0 505.626368 343.74528 535.935232 273.28128 21
0 564.859232 380.984544 584.414368 317.021216 24
0 506.500352 296.175968 532.004608 243.492512 25
0 542.997472 376.527264 565.055008 315.260256 26
0 591.738176 365.97152 606.305984 295.32384 27
0 573.888 377.27584 590.45376 308.61344 30
0 467.06928 330.13088 494.61008 248.71584 22
0 338.58992 247.98592 366.74128 163.05024 19
0 533.624064 502.25248 574.804736 404.3792 28
0 590.630528 456.70176 605.453952 356.78688 20
0 409.379712 222.96832 428.791168 140.21248 14
0 606.329632 449.3344 629.761248 374.04352 29
0 592.025728 294.76256 601.619072 215.3264 31
0 565.305952 424.28928 586.959008 319.1872 23
0 348.994816 146.60704 364.121344 80.99104 16
0 25.1744 214.25952 41.882752 116.82912 32
