0 314.773856 405.57184 352.134304 287.96928 1
0 288.661216 318.25504 311.009824 183.38208 2
0 310.005568 199.44352 327.314112 83.7488 3
0 395.858976 396.8048 428.326624 293.40832 4
0 408.506272 228.07456 433.216608 160.27104 5
0 339.40416 173.64992 358.37632 105.50272 6
0 406.287552 355.4336 438.509888 258.52224 7
0 525.906112 429.76512 544.899648 313.66144 8
0 543.292672 353.92672 560.475648 283.76032 9
0 513.066496 287.85088 535.748864 212.70976 10
0 555.541248 305.696896 574.048512 255.437184 11
0 355.931808 147.30368 379.190112 71.86432 12
0 373.164864 271.51296 403.874496 191.10208 13
0 390.774016 204.03968 414.837504 135.10528 14
0 392.891872 285.29568 424.676128 219.80768 15
0 589.027488 456.29504 605.352032 359.2544 16
0 460.973312 368.48896 495.584768 281.79456 17
0 326.439648 137.477632 352.108832 75.665408 18
0 324.884032 257.67648 366.259648 162.89824 19
0 610.559904 450.36928 631.045216 384.17536 20
0 499.80336 342.50304 535.26736 274.67712 21
0 466.658944 309.055744 497.622656 248.958976 22
0 547.092864 437.546688 581.398656 383.394112 23
0 559.650112 334.817504 576.835008 288.269856 24
0 501.598976 291.900128 530.320384 237.716512 25
0 543.845248 406.088512 579.297152 343.864768 26
0 593.108672 373.960128 606.644288 318.358592 27
0 540.781856 503.26464 578.441184 404.7392 28
0 571.840928 400.17216 590.981472 308.53312 30
0 557.939424 374.084128 579.021856 323.186912 29
0 588.39456 303.05056 600.41056 214.43424 31
0 560.367712 394.90656 588.287648 315.99264 32
