0 311.868448 407.17056 352.274912 287.49952 1
0 288.364256 321.12352 310.255904 181.03072 2
0 349.398112 358.93984 387.684768 236.04384 3
0 396.137792 390.47552 424.026048 284.18688 4
0 338.339424 172.91744 358.358176 106.50272 6
0 405.595744 359.79584 438.377376 256.44736 7
0 529.673856 427.16992 545.728384 316.41024 8
0 579.60144 279.48 595.33104 212.62752 9
0 519.570912 307.52544 541.477408 219.48384 10
0 548.960896 323.31872 574.308224 257.42624 11
0 351.8928 137.43264 376.57568 63.28544 12
0 372.99024 269.09568 407.90832 189.69856 13
0 405.39392 292.7856 441.25568 218.17888 15
0 480.551808 375.25568 505.520512 284.65984 17
0 327.118752 146.27488 357.639008 78.64288 18
0 505.471136 344.98272 536.402784 273.07808 21
0 506.806688 303.168896 533.140832 243.384704 25
0 542.836064 380.85728 565.284256 315.0672 26
0 591.14128 372.086528 606.32944 309.353472 27
0 567.709344 358.211616 590.350176 307.457504 30
0 466.3856 324.26016 489.15744 249.64448 22
0 533.995968 500.57184 574.645312 410.8048 28
0 590.842688 461.29952 605.867712 357.80448 20
0 409.942624 222.10272 427.767456 140.47136 14
0 606.742688 450.78432 630.344032 374.46624 29
0 324.536256 249.32224 363.907904 160.50176 23
0 585.238624 306.58752 606.857376 240.53056 32
0 363.165728 224.22912 401.641952 159.31648 16
0 573.08896 391.541152 591.58176 330.449248 24
0 370.452416 207.418272 404.743744 158.947168 5
0 558.539456 409.049792 578.877504 353.947968 31
0 346.740512 227.510624 364.079328 165.314976 19
