0 313.562752 406.584 352.402048 288.74656 1
0 288.639136 319.53664 310.554464 181.5424 2
0 312.950592 199.55904 331.987648 94.00256 3
0 396.173824 394.85344 428.394496 294.07456 4
0 396.432512 216.877056 425.063808 167.395584 5
0 339.71344 175.80736 358.1528 106.59136 6
0 403.840384 358.53056 439.051136 259.01056 7
0 524.782496 429.8112 544.809824 320.46848 8
0 540.55344 326.628544 558.17936 270.520896 9
0 518.044096 300.22432 539.353664 220.40544 10
0 555.928128 313.30864 574.177472 257.04528 11
0 354.50976 139.28544 379.0352 63.0352 12
0 372.933568 271.92832 406.032192 191.1872 13
0 386.65408 197.380096 413.25888 140.781824 14
0 393.215904 285.08224 423.881056 215.45664 15
0 461.410016 372.04064 494.525984 282.19424 17
0 327.562176 149.50624 355.132224 77.0576 18
0 499.5992 334.508256 533.43248 273.848864 21
0 559.707808 363.26912 576.374112 297.69216 24
0 502.973088 289.256896 528.605792 238.634304 25
0 542.340544 374.316032 565.033536 315.856128 26
0 595.530816 399.15968 606.467264 312.17984 27
0 575.169952 388.53216 590.343008 313.54016 30
0 466.039616 300.597568 492.784064 248.716992 22
0 324.541568 265.12992 364.362112 158.97888 19
0 586.33936 393.456 597.37264 296.5344 20
0 539.760992 496.29408 578.861728 405.83584 28
0 589.395232 287.65504 600.869088 214.23424 31
0 546.069984 419.328416 577.644576 381.100384 23
0 552.679904 396.298496 576.889376 351.545344 29
0 575.853056 497.57888 589.385984 413.20128 16
0 24.272672 214.792 39.122144 122.42016 32
