0 313.751008 405.40416 352.028192 287.94112 1
0 288.354528 311.65216 310.863392 183.66944 2
0 309.61568 174.68832 327.19712 83.89216 3
0 395.672576 398.72256 428.345344 293.5168 4
0 409.163872 230.98592 433.804448 160.19872 5
0 339.91792 167.400672 358.2568 105.936928 6
0 406.75584 354.85664 438.37312 258.696 7
0 525.554112 434.76288 545.217088 315.09952 8
0 542.47312 357.0944 559.30096 283.84768 9
0 513.212512 283.3776 534.105248 212.35232 10
0 555.175872 304.15424 573.748288 256.20544 11
0 358.744224 153.90016 382.046816 76.24896 12
0 373.65872 271.97664 403.9208 191.24512 13
0 390.52896 204.49824 414.984 134.46624 14
0 392.242976 285.50656 426.464224 220.24576 15
0 590.039456 459.47136 605.184864 354.57024 16
0 461.315264 371.2768 496.209216 282.14912 17
0 326.878624 138.797952 353.538656 75.856768 18
0 324.14192 253.42592 364.93456 156.38272 19
0 608.232608 452.75072 629.605472 380.8672 20
0 499.645536 345.52128 534.997664 274.59136 21
0 466.894624 304.701792 497.150176 248.251808 22
0 552.908384 438.10112 581.390496 381.9296 23
0 559.259552 336.655584 578.698848 288.697376 24
0 502.949696 289.208416 530.247104 236.602784 25
0 544.89696 402.497536 579.39488 345.273344 26
0 592.898848 372.957632 607.372512 320.898368 27
0 540.373056 504.38656 578.357184 404.72832 28
0 573.983872 398.82208 590.955648 314.1136 30
0 588.39456 303.05056 600.41056 214.43424 31
0 558.598048 385.5584 580.504672 321.3984 29
0 560.367712 394.90656 588.287648 315.99264 32
