0 303.869024 406.65632 350.792096 290.8208 1
0 287.095872 331.03808 310.027968 184.24768 2
0 396.482176 395.02624 423.842944 282.83104 4
0 338.502752 171.85728 358.417568 107.50144 6
0 405.714592 358.64384 437.741408 256.65216 7
0 579.627808 283.72096 596.260832 213.8816 9
0 520.20864 307.36512 541.55904 220.14976 10
0 550.968288 326.49344 575.261472 257.69216 11
0 379.272576 265.3488 410.629504 189.71552 13
0 406.234752 289.422848 440.101248 226.152192 15
0 480.434688 377.72608 503.580672 280.17472 17
0 504.631616 348.06816 535.889344 272.42464 21
0 504.838848 298.303552 534.116672 242.703808 25
0 542.881536 369.398592 566.128384 312.410048 26
0 594.687296 437.47808 612.236224 334.83936 27
0 571.554144 356.246816 592.447136 299.227104 30
0 466.11408 325.56768 491.9736 247.78656 22
0 449.328064 283.80896 477.893696 207.29632 14
0 324.128896 256.63936 367.498624 159.93536 23
0 571.594784 399.25952 592.968416 329.8272 24
0 338.34032 149.21504 373.07216 73.64064 18
0 364.003872 225.21152 400.055008 159.568 16
0 443.337376 408.8224 478.061664 323.6128 3
0 369.595392 207.884384 403.743488 158.994336 5
0 574.583296 453.65312 603.065344 379.37344 20
0 554.839648 400.851232 578.921632 353.510368 29
0 24.697856 215.23456 39.869184 117.66912 31
0 593.429984 361.964384 606.539296 309.775776 32
0 611.428448 450.88224 630.087072 373.46848 8
0 353.287968 118.27392 374.525152 50.12544 12
0 524.647808 501.65344 564.705152 410.53216 28
0 330.749728 143.37824 358.235872 77.05568 19
