0 287.335456 333.49952 309.966304 183.80096 2
0 385.145632 393.1824 424.774368 282.3824 4
0 338.970752 172.85504 357.747328 108.3328 6
0 404.62432 358.24608 437.7488 256.57888 7
0 579.79008 284.71456 596.50048 213.55872 9
0 519.715072 304.9328 542.110208 218.7792 10
0 550.622144 326.21728 575.218496 257.0416 11
0 378.752576 263.36288 410.898624 189.97216 13
0 406.706112 288.218496 439.404608 225.821824 15
0 504.58256 346.68576 536.03184 270.8336 21
0 509.584 298.410112 533.24736 242.302848 25
0 542.380832 374.111168 562.877408 315.845952 26
0 595.999904 458.64512 615.265376 346.35328 27
0 571.430944 357.523584 592.832736 299.865216 30
0 463.762528 286.33856 487.939232 215.5072 14
0 323.891232 254.09952 366.553568 160.92384 23
0 572.952608 391.74976 594.136032 330.58496 24
0 339.74736 153.63744 375.29904 76.0752 18
0 364.504256 222.86064 403.712064 159.56624 16
0 460.773568 420.60864 503.829312 330.9792 3
0 574.004896 452.05952 604.089184 381.67616 20
0 556.05536 398.805696 578.44832 352.156224 29
0 591.927072 369.422304 606.792928 308.626976 32
0 297.783136 392.75072 347.540384 285.72608 1
0 467.743264 323.59456 491.230176 255.36224 22
0 481.74544 356.003424 506.53104 292.562336 17
0 443.365408 360.1424 468.242912 274.05536 19
0 369.328992 209.037152 403.870368 159.563168 5
0 614.678528 446.0608 630.822912 371.94624 8
0 477.139904 290.07776 497.779776 219.12544 12
0 25.51008 215.44 40.317632 117.904 31
0 306.572992 392.60672 347.468608 288.17792 28
