0 312.82064 406.96256 352.19312 287.79456 1
0 287.423232 319.64384 310.065408 181.17152 2
0 340.24288 320.15424 377.54784 206.60032 3
0 396.005696 394.24416 423.986624 284.43488 4
0 339.232512 168.691808 358.504448 106.104992 6
0 407.004512 358.70752 438.310048 256.38112 7
0 530.168672 425.2672 546.514848 320.81792 8
0 580.532032 277.17184 594.697408 212.97472 9
0 519.3424 304.43136 541.15296 218.26432 10
0 550.0064 324.55712 574.53376 257.25664 11
0 351.275264 134.84256 376.548096 60.96544 12
0 373.126368 270.27104 407.127072 189.56256 13
0 403.782208 292.7456 440.321472 216.03904 15
0 480.73504 377.6016 505.53184 285.51776 17
0 327.287712 146.00576 355.752288 77.75744 18
0 505.503328 343.83456 536.420512 272.72864 21
0 565.187296 382.94144 585.048864 316.10368 24
0 506.984576 297.66304 532.553344 243.61184 25
0 543.166848 380.22688 565.419392 315.26112 26
0 591.62416 367.7536 606.38032 296.25024 27
0 573.229664 370.347904 590.520736 309.186176 30
0 467.368544 330.16768 492.994976 248.42304 22
0 533.867456 502.21184 574.540864 409.62944 28
0 590.313536 463.66336 605.544384 356.81152 20
0 409.952896 222.12992 428.412544 140.28032 14
0 606.397088 449.32608 630.309472 373.98912 29
0 324.239904 236.64416 363.461856 158.36512 23
0 589.587456 301.42368 605.067264 235.03968 32
0 363.884704 222.336 404.892256 157.28128 16
0 565.875072 402.57472 587.891328 314.14976 31
0 368.624224 209.542752 406.029216 156.823968 5
0 346.740512 227.510624 364.079328 165.314976 19
