0 287.319648 328.89024 309.968032 183.62432 2
0 383.676992 392.40192 425.281728 284.5376 4
0 338.891808 172.298176 357.534432 108.689984 6
0 403.651168 358.58336 437.861792 256.46944 7
0 579.675808 285.57888 596.471392 213.54816 9
0 519.650208 305.21792 541.400672 218.8192 10
0 550.52304 327.83872 575.11152 257.05216 11
0 378.959072 262.68352 410.891808 190.12544 13
0 407.175808 290.30176 440.989312 226.89376 15
0 503.734272 349.376 534.320128 269.28512 21
0 542.217856 376.444576 563.028864 316.154464 26
0 595.851008 456.92896 614.929152 346.8688 27
0 571.567168 358.5744 592.958912 299.75264 30
0 324.086944 253.48512 366.462816 160.3632 23
0 572.605536 393.9616 594.085024 330.512 24
0 339.98352 152.8112 375.1512 76.1424 18
0 364.233952 221.313344 403.094048 159.502016 16
0 461.346272 423.5424 504.663328 331.04576 3
0 573.63696 454.09312 603.34096 385.26304 20
0 553.322528 400.54784 578.203872 352.78976 29
0 592.062688 368.971392 606.920992 309.332608 32
0 297.079296 392.56544 347.481344 285.5888 1
0 467.884576 325.92 492.021984 255.18208 22
0 482.007808 354.865408 507.932672 292.276992 17
0 369.64288 209.001792 403.8368 159.473088 12
0 463.7568 285.81344 487.584 215.54336 14
0 443.853248 361.59264 468.206912 274.35872 19
0 509.543904 299.082176 533.275936 242.183744 25
0 353.67232 124.98496 376.4 51.14304 5
0 614.678528 446.0608 630.822912 371.94624 8
0 25.51008 215.44 40.317632 117.904 31
0 306.572992 392.60672 347.468608 288.17792 28
