0 311.223424 405.724800 352.059776 288.261760 1
0 287.246816 312.713600 309.275424 179.912320 2
0 310.578720 281.792960 356.671200 178.433600 3
0 395.414624 392.077120 424.086176 285.350080 4
0 374.636640 209.777536 408.942240 160.069504 5
0 339.423488 168.608480 358.479872 107.166240 6
0 407.921312 357.428480 438.293088 255.102720 7
0 529.656160 429.890560 546.881440 320.876800 8
0 579.587008 285.598400 593.302592 216.964160 9
0 518.998336 303.764160 540.360384 218.428480 10
0 551.667072 326.087360 574.218368 256.512320 11
0 352.397472 135.184320 376.654688 59.891520 12
0 372.695776 270.806720 405.149984 189.207360 13
0 401.774080 285.518176 437.521920 221.767584 15
0 481.024864 377.157120 505.674656 283.162880 17
0 327.088864 145.986880 355.171616 77.397440 18
0 505.649280 342.711680 536.004480 273.494400 21
0 565.050688 406.801280 584.857792 316.144000 24
0 506.102784 296.318304 532.773376 244.607136 25
0 542.913184 374.070848 565.426016 314.759872 26
0 591.700128 365.087680 606.272352 295.424320 27
0 573.493056 374.612480 590.299584 308.186880 30
0 466.966592 328.556480 493.039808 249.465920 22
0 330.597888 244.088000 367.611392 162.452800 19
0 533.174816 499.894720 575.088864 403.173440 28
0 590.996960 454.818880 605.503520 356.273600 35
0 408.662560 222.904320 428.602080 140.326400 43
0 606.302944 449.195520 629.772576 373.571840 41
0 548.564864 406.203104 576.903296 355.261216 45
