0 315.104384 406.368000 351.912576 287.466240 1
0 288.772480 318.446720 310.517120 181.347200 2
0 395.964800 386.711680 424.375680 284.152960 4
0 335.892896 174.462720 358.800224 105.715200 6
0 405.896608 347.977280 437.944672 256.226240 7
0 579.628096 284.600960 596.845504 213.996160 9
0 519.936064 306.703680 541.182656 219.408320 10
0 548.138784 320.614752 574.573536 257.699488 11
0 355.362464 135.217600 376.524896 56.182080 12
0 379.254016 271.045120 410.703104 189.395200 13
0 404.868256 286.309056 438.623584 223.265344 15
0 481.424224 373.459520 504.141216 283.519680 17
0 506.042624 345.048000 536.014336 272.883520 21
0 506.414368 299.462560 533.173472 243.476320 25
0 543.248672 368.361440 565.958368 311.630880 26
0 596.581152 383.192320 606.672608 309.643520 27
0 570.573344 360.011168 592.337376 309.161312 30
0 465.931424 330.011200 490.272096 249.406400 22
0 412.481344 246.692800 437.904576 161.590080 43
0 324.634368 262.123200 365.434112 160.589120 48
0 573.591232 403.186880 592.729408 333.792320 24
0 585.593952 362.511680 598.129568 283.810240 40
0 335.497376 147.382080 372.372064 73.031360 18
0 363.380640 220.341760 403.068000 158.657280 47
0 417.339712 440.933760 456.096448 343.642240 3
0 524.670112 501.070400 565.514848 409.136320 61
0 577.465248 464.562880 603.471712 378.224960 35
