0 312.699392 404.907840 351.778048 287.277760 1
0 288.368864 319.460160 310.683936 183.436480 2
0 309.544896 181.214080 327.188544 84.380800 3
0 392.124544 394.869440 428.884096 292.814400 4
0 408.686176 229.507200 433.808544 160.668800 5
0 339.703744 166.802016 358.436416 106.181024 6
0 407.310656 367.797760 440.607424 262.016000 7
0 525.525152 429.278720 545.043808 315.604480 8
0 542.848416 354.560960 559.442784 284.365120 9
0 513.840096 283.205120 533.865504 211.872000 10
0 555.384768 304.912960 573.713472 256.231360 11
0 362.274976 168.606080 385.042784 85.164160 12
0 373.764512 273.877440 404.338528 190.872640 13
0 392.033408 203.560640 415.555712 134.100800 14
0 393.554016 287.848960 429.615264 221.575680 15
0 590.356896 457.003840 605.234784 350.156480 16
0 462.316800 366.740480 496.195840 282.828800 17
0 327.521952 136.813152 353.077088 74.973088 18
0 328.393408 249.341760 369.211712 161.332160 19
0 608.809760 452.166400 630.239200 374.087680 20
0 500.062560 350.491520 535.896480 275.729280 21
0 467.145376 323.472960 498.592864 250.498240 22
0 550.388800 439.902624 581.391040 383.367776 23
0 559.140512 335.400672 579.573088 287.892768 24
0 503.643520 290.862016 530.343040 236.281664 25
0 544.368224 406.567072 578.995616 345.004128 26
0 593.231424 380.102176 607.869376 323.585504 27
0 541.338144 505.305920 578.604256 405.383360 28
0 558.919968 382.343296 580.280032 319.931264 29
0 588.524160 299.399360 600.389760 215.238720 31
0 568.001696 402.157440 590.266464 311.877760 30
