0 313.751008 405.404160 352.028192 287.941120 1
0 288.354528 311.652160 310.863392 183.669440 2
0 309.615680 174.688320 327.197120 83.892160 3
0 395.672576 398.722560 428.345344 293.516800 4
0 409.163872 230.985920 433.804448 160.198720 5
0 339.917920 167.400672 358.256800 105.936928 6
0 406.755840 354.856640 438.373120 258.696000 7
0 525.554112 434.762880 545.217088 315.099520 8
0 542.473120 357.094400 559.300960 283.847680 9
0 513.212512 283.377600 534.105248 212.352320 10
0 555.175872 304.154240 573.748288 256.205440 11
0 358.744224 153.900160 382.046816 76.248960 12
0 373.658720 271.976640 403.920800 191.245120 13
0 390.528960 204.498240 414.984000 134.466240 14
0 392.242976 285.506560 426.464224 220.245760 15
0 590.039456 459.471360 605.184864 354.570240 16
0 461.315264 371.276800 496.209216 282.149120 17
0 326.878624 138.797952 353.538656 75.856768 18
0 324.141920 253.425920 364.934560 156.382720 19
0 608.232608 452.750720 629.605472 380.867200 20
0 499.645536 345.521280 534.997664 274.591360 21
0 466.894624 304.701792 497.150176 248.251808 22
0 552.908384 438.101120 581.390496 381.929600 23
0 559.259552 336.655584 578.698848 288.697376 24
0 502.949696 289.208416 530.247104 236.602784 25
0 544.896960 402.497536 579.394880 345.273344 26
0 592.898848 372.957632 607.372512 320.898368 27
0 540.373056 504.386560 578.357184 404.728320 28
0 573.983872 398.822080 590.955648 314.113600 30
