0 312.276320 406.804800 352.102560 288.347840 1
0 287.240032 313.943040 309.227168 180.147200 2
0 318.541376 287.501760 365.640384 190.683200 3
0 395.844512 393.076800 424.183648 284.384960 4
0 373.516896 212.056992 408.858784 159.113568 5
0 339.376544 168.986400 358.433376 107.139040 6
0 407.415200 358.833920 438.250080 255.330560 7
0 530.008608 420.884480 546.598112 320.144640 8
0 579.461792 280.609920 593.461088 212.839040 9
0 519.108864 305.552640 540.574976 218.594560 10
0 549.948256 325.211200 574.266784 256.674240 11
0 351.575392 137.649920 376.328608 61.921280 12
0 372.563072 272.768640 406.007168 188.690560 13
0 402.794816 286.189120 438.313664 221.685440 15
0 480.837600 377.893440 505.320480 285.575360 17
0 327.410432 147.434880 355.527168 77.874560 18
0 505.688896 344.318720 535.923904 273.271040 21
0 564.900736 382.610240 585.135744 317.155520 24
0 506.807424 296.606368 532.008576 243.366752 25
0 543.168544 377.782080 564.937696 315.279040 26
0 591.772352 366.380480 606.310208 295.186240 27
0 573.802624 375.937600 590.466176 308.914880 30
0 467.187840 330.422400 494.157440 248.520320 22
0 346.373088 245.488320 366.339872 167.529280 19
0 532.721248 502.778240 574.679712 407.483520 28
0 590.612640 456.551040 605.433440 356.600960 35
0 409.633056 223.023360 428.382944 140.227840 43
0 606.397568 448.764160 629.832832 374.151680 41
0 591.777344 297.157440 601.319616 216.537280 40
0 365.749472 227.167680 407.344928 160.441920 47
0 565.486048 413.571520 587.537952 317.761600 46
