0 311.801632 408.078080 352.747488 288.876800 1
0 287.014080 318.235200 308.761920 177.138880 2
0 313.283200 202.826240 333.270400 110.512640 3
0 394.190080 390.466880 424.011520 286.325440 4
0 389.587648 218.199552 420.023872 166.850048 5
0 339.456160 173.832640 357.834080 106.870080 6
0 407.312224 365.618240 439.433376 258.097600 7
0 529.719680 432.155200 546.043520 313.524160 8
0 548.444288 288.092224 573.466752 232.669376 9
0 518.436320 308.510720 540.736800 219.910400 10
0 547.752672 321.051200 575.419168 255.125440 11
0 351.605952 139.632320 375.651648 61.648960 12
0 372.872704 270.804800 405.678336 191.343040 13
0 396.332480 285.091296 429.331520 222.467104 15
0 472.330816 372.985280 496.885184 284.918080 17
0 327.288224 148.083840 354.307936 77.801600 18
0 500.735136 344.820480 531.913824 272.647680 21
0 562.783904 386.475840 582.688096 309.265600 24
0 505.233984 300.665760 531.587776 244.441440 25
0 543.397408 383.228160 565.138912 315.796480 26
0 589.745248 366.707136 606.343072 306.768704 27
0 574.412960 384.637760 590.159200 307.898560 30
0 466.204224 317.016960 490.458816 247.632000 22
0 327.295232 262.716160 366.540288 160.842240 19
0 537.337952 502.813120 574.205088 401.806400 28
0 590.230240 472.738560 605.759520 351.115520 35
0 606.796768 450.679040 629.414432 371.070720 41
0 401.361952 202.653440 425.665248 124.126720 43
0 588.682368 287.838080 600.771712 218.039680 40
