0 315.073952 406.158720 352.026208 287.635840 1
0 288.948512 320.135680 311.819488 183.208960 2
0 395.988192 395.427840 424.870688 283.697920 4
0 337.118464 174.921920 358.402816 106.291520 6
0 406.104576 348.627200 437.700864 255.895040 7
0 579.936224 276.522112 596.600096 213.643648 9
0 519.917728 304.558720 541.307232 219.861120 10
0 548.910528 319.811072 574.690112 257.718528 11
0 355.334496 136.515520 376.517024 55.932480 12
0 379.054848 267.905280 410.926592 190.088960 13
0 404.696896 286.567488 437.804224 226.011072 15
0 481.059360 373.776000 504.125920 283.617920 17
0 506.392096 346.910080 536.153824 273.036160 21
0 506.443552 299.244288 533.515488 243.699712 25
0 543.040384 368.878368 566.135936 311.801312 26
0 595.669888 382.504960 606.335872 308.906240 27
0 573.154112 357.286656 593.444288 307.565824 30
0 465.421184 334.199040 491.619456 249.168640 22
0 417.138592 258.897600 453.583968 173.225280 43
0 324.384768 257.432960 365.636352 160.251520 48
0 573.175392 405.914560 593.478048 332.079680 24
0 587.741088 371.892800 597.364832 299.921600 40
0 335.501984 146.518080 372.046176 71.450560 18
0 363.831424 216.214656 403.150976 158.413184 47
0 423.409984 433.191360 463.297216 328.695360 3
0 575.421344 476.557760 603.531616 377.907520 35
