0 287.812256 304.712320 310.011744 183.768960 2
0 376.376704 389.099520 422.375296 285.649920 4
0 338.960512 172.011136 357.536128 109.218944 6
0 403.045920 358.789120 437.897440 256.102400 7
0 579.447616 280.358080 596.292544 214.177600 9
0 519.808448 308.113600 541.970752 218.932800 10
0 550.742208 322.645760 575.213632 257.114880 11
0 379.284000 263.070400 410.417120 190.017600 13
0 407.516800 289.983488 441.175680 227.283712 15
0 501.818464 349.705280 532.526496 267.896000 21
0 539.910336 370.837344 560.012864 311.754656 26
0 596.993344 456.783360 615.229376 347.331840 27
0 571.187872 359.396064 593.171808 299.714336 30
0 463.180160 287.417600 487.292800 213.939200 43
0 324.207968 251.954240 368.388512 164.077760 48
0 573.822880 388.019008 594.184800 331.550912 24
0 340.402368 153.121920 375.621952 76.479360 18
0 364.310464 227.498240 403.279936 158.467840 47
0 461.285856 423.843200 502.793504 331.217280 3
0 572.370976 455.289600 600.011744 384.382720 35
0 549.133152 405.604352 578.240928 355.273728 64
0 592.481440 373.221120 606.896480 310.220800 65
0 299.308256 394.244480 347.875104 286.700160 1
0 467.775104 321.567680 491.198336 254.209600 22
0 482.185888 355.968512 508.806752 293.564928 17
0 614.309312 452.135680 630.454848 372.078080 66
0 510.995776 505.640320 554.468544 409.914240 75
0 354.367040 118.105280 376.932800 42.191680 74
