0 311.030272 405.616960 352.011008 288.287680 1
0 287.443520 312.074880 309.233600 180.081280 2
0 309.267488 278.291520 351.862752 175.142080 3
0 395.460704 391.717440 423.958176 285.599680 4
0 378.372288 211.090560 409.637952 160.350080 5
0 339.407936 168.713280 358.532544 107.108800 6
0 408.027328 357.444480 438.326592 255.020160 7
0 529.337888 427.161600 547.003872 322.336000 8
0 579.640288 288.231680 592.200992 222.664960 9
0 518.965952 303.292480 540.456768 218.322880 10
0 551.860960 326.383680 574.262560 256.498880 11
0 352.367104 134.861120 376.627456 59.869120 12
0 372.758560 271.192320 405.656800 189.237760 13
0 401.455488 285.717088 436.017792 223.347872 15
0 481.088128 376.605760 505.620352 283.373760 17
0 327.131456 145.988800 354.934464 77.599040 18
0 505.644832 341.976000 536.063968 273.730880 21
0 565.260480 412.371840 584.816960 316.091520 24
0 505.800928 295.418496 531.805472 243.584384 25
0 542.863360 375.284800 565.644800 314.626240 26
0 591.002304 364.896640 606.202176 295.287680 27
0 573.095840 370.754528 589.968480 307.872032 30
0 466.942848 329.454400 491.164032 250.493120 22
0 329.352928 245.379520 367.523872 162.164800 19
0 533.381312 500.550080 575.207488 405.805120 28
0 590.743424 458.731520 605.506176 356.405760 35
0 408.937920 222.900480 428.608320 139.691520 43
0 606.197504 449.476480 629.874176 373.097600 41
0 591.429376 287.742400 601.627904 205.590080 40
0 348.954080 146.652480 364.109600 81.005760 44
