0 312.058112 407.659200 352.758528 288.458560 1
0 287.149152 318.308480 308.762528 177.208960 2
0 310.225504 238.072640 327.188896 126.136000 3
0 393.544832 391.180160 423.819648 286.298240 4
0 383.910560 220.322432 412.985440 167.102848 5
0 339.418304 174.157120 357.763136 106.403520 6
0 405.903424 363.635840 439.425216 257.304960 7
0 530.224096 430.117120 546.025504 316.500480 8
0 564.427168 270.134848 584.488032 232.883392 9
0 518.854656 304.673280 540.978944 219.417600 10
0 548.490464 322.144960 574.070816 256.808000 11
0 351.637728 139.087040 376.428832 61.846080 12
0 372.834688 272.721280 406.230912 190.825600 13
0 400.336768 283.858240 434.009472 219.785920 15
0 480.597312 376.352000 504.433088 282.383360 17
0 326.686528 146.491200 352.240832 78.613440 18
0 504.288928 344.489920 534.117472 275.663680 21
0 563.802272 389.053760 582.638688 309.522880 24
0 505.248608 296.083968 531.519392 242.639872 25
0 543.298656 384.367680 565.396384 316.274880 26
0 590.321376 364.509312 606.184224 301.954688 27
0 574.425600 383.319040 590.288640 306.255360 30
0 468.847040 321.720320 496.850240 248.760320 22
0 324.925088 261.040640 366.848352 159.257600 19
0 537.995232 500.894720 574.935328 401.241600 28
0 589.922528 477.616960 604.936992 353.040320 35
0 606.705504 449.200320 629.770656 371.818560 41
0 406.450144 225.422400 426.731296 132.945600 43
0 587.724128 284.854720 600.750752 216.792640 40
