0 314.308480 406.467200 352.210560 286.851200 1
0 288.709984 319.273600 310.409376 180.264320 2
0 395.033056 389.255680 423.895584 284.748800 4
0 335.804928 173.497600 359.053312 105.809920 6
0 405.463648 345.116480 438.567072 257.035200 7
0 528.599008 420.017600 546.270752 322.809920 8
0 580.588576 276.463360 596.455904 213.812480 9
0 519.798720 304.704960 541.090880 219.876160 10
0 547.473184 324.458880 574.651616 257.827200 11
0 354.476992 132.585920 376.651328 54.235200 12
0 377.900672 274.557760 410.598528 189.355200 13
0 405.668288 290.189120 439.235392 213.676480 15
0 480.548160 374.366720 504.219840 281.416960 17
0 505.861824 342.488320 535.934016 273.226240 21
0 507.227584 298.580064 532.439616 243.814816 25
0 541.878848 368.407456 564.612032 310.379104 26
0 591.860704 383.581440 606.530336 310.406400 27
0 567.938144 360.375104 591.250336 308.997056 30
0 465.826368 328.476480 492.861632 248.396480 22
0 576.666592 471.295680 603.417888 378.139200 35
0 409.334016 227.948800 425.222144 139.577600 43
0 324.803552 264.564800 365.085728 160.328640 48
0 572.826336 402.593280 592.955424 331.573760 24
0 582.709888 322.687040 595.623552 256.653760 40
0 334.822688 149.709120 373.123552 73.069760 18
0 24.819680 211.752320 38.918432 117.468800 60
0 546.092544 426.726848 578.652416 373.968192 58
0 363.369280 221.217376 403.486400 157.808544 47
0 415.556864 439.626880 452.548096 346.680960 3
