0 313.625824 406.341120 352.376096 287.947520 1
0 288.643232 319.672640 310.744928 184.254400 2
0 396.123616 397.871360 424.365344 283.354880 4
0 337.215744 171.037440 358.493696 106.617600 6
0 406.167296 354.846400 438.123264 255.666240 7
0 579.737472 279.702080 596.651648 213.417920 9
0 519.968736 303.019840 541.280544 219.583680 10
0 548.554400 324.174080 575.293280 257.999360 11
0 354.352608 128.430080 376.860192 54.945280 12
0 379.731328 262.033600 410.769792 190.610240 13
0 404.783968 285.374496 438.463392 227.470304 15
0 479.315168 374.024640 503.202592 283.607360 17
0 505.530432 346.067200 536.051648 273.040640 21
0 506.297408 298.821440 533.093312 244.000960 25
0 543.397632 370.452320 565.915648 311.691680 26
0 591.361312 393.255040 607.468768 309.047680 27
0 573.172128 360.105120 593.131872 302.777440 30
0 465.223296 333.229760 491.287424 247.407680 22
0 425.450080 274.671040 467.404960 184.317760 43
0 323.969696 258.110400 365.389664 159.764800 48
0 572.072160 401.731840 592.982560 330.096640 24
0 335.494400 147.362560 372.372480 73.253120 18
0 364.065632 223.691200 400.272288 159.278400 47
0 433.068544 412.030400 468.214016 319.353920 3
0 371.765536 206.345888 403.594464 159.188832 63
0 574.474752 468.737920 603.390208 378.285440 35
