0 287.175200 336.575040 310.042080 183.885760 2
0 396.308224 392.473600 423.922176 281.272320 4
0 338.551872 171.543360 358.155968 107.202240 6
0 405.779456 358.981440 437.739264 257.315520 7
0 579.740288 283.832960 596.423552 213.914240 9
0 519.759296 305.197120 542.384704 219.788480 10
0 550.834784 327.469760 575.254176 257.631040 11
0 378.879904 264.845440 410.949216 189.312640 13
0 407.443104 292.923840 441.422176 227.732800 15
0 504.285856 357.025280 536.048224 272.942080 21
0 507.857792 298.257344 533.478528 243.168576 25
0 542.461440 382.667520 563.740160 317.611520 26
0 595.792832 454.337920 614.867008 341.549440 27
0 571.289440 357.983168 592.811680 300.087872 30
0 463.706464 283.062400 486.598816 215.008640 43
0 323.751200 251.267200 364.047840 160.593280 48
0 573.176288 389.866080 593.893152 331.308960 24
0 338.098368 154.070080 374.124352 74.575040 18
0 364.157824 223.538880 403.030656 159.389760 47
0 449.966848 415.174400 487.750912 323.272960 3
0 575.236640 450.183360 604.076000 378.829120 35
0 555.322528 396.353600 578.816352 352.568000 64
0 592.059424 365.151712 606.444256 310.040608 65
0 441.933184 348.192000 467.830656 275.352320 70
0 614.217504 447.385280 630.573536 372.591680 66
0 299.086368 393.747200 347.189472 286.150400 1
0 525.227168 434.053120 546.899552 367.256320 68
0 467.448896 334.924160 494.378944 253.324160 22
