0 287.227552 330.917120 309.955168 183.688960 2
0 391.888608 394.218560 424.614432 280.378560 4
0 338.964128 171.395360 357.962592 107.786720 6
0 405.378304 356.967680 437.673216 256.256000 7
0 579.570752 284.855680 596.426688 213.772160 9
0 519.709568 305.478720 543.426432 219.053760 10
0 551.080768 327.497280 575.179712 257.458880 11
0 378.680192 264.433600 410.700928 189.625920 13
0 408.102528 297.932800 443.472512 226.973440 15
0 504.696896 355.663680 536.960704 272.537280 21
0 509.948128 297.927360 532.784672 242.920000 25
0 542.630048 372.734752 562.452832 315.665888 26
0 595.508608 456.370880 615.816832 344.608320 27
0 571.567008 357.449440 592.720992 300.226080 30
0 463.796128 284.820800 487.533152 215.727040 43
0 323.968032 255.808320 369.621728 162.769600 48
0 573.120512 389.922944 594.042368 330.864256 24
0 338.834880 153.728000 375.117120 75.312640 18
0 364.360160 222.418528 403.290400 159.665312 47
0 459.627232 419.608000 498.222368 328.631360 3
0 573.549056 450.373760 604.203264 379.182720 35
0 555.329568 398.590016 578.768352 351.903424 64
0 591.746432 366.347360 606.753408 309.444000 65
0 443.401792 362.191360 468.481728 273.952000 70
0 298.029024 392.842880 347.334176 285.473920 1
0 468.136544 323.173440 492.000416 253.904320 22
0 369.612512 209.751008 403.501088 159.512352 63
0 481.896640 359.608640 506.291520 290.965440 17
