0 312.848000 404.568640 351.734400 287.620800 1
0 288.028576 318.965760 310.531424 183.482880 2
0 309.623104 178.855040 327.318976 84.259200 3
0 392.743680 392.240000 428.677120 292.868480 4
0 408.133216 229.377600 433.789344 160.658880 5
0 339.759200 167.648288 358.407840 106.202592 6
0 407.263392 363.369600 440.223328 261.768320 7
0 525.496320 428.787840 545.236480 315.500160 8
0 542.839776 354.726720 559.471904 284.355520 9
0 514.132096 281.476160 533.865344 211.975360 10
0 555.333440 303.991936 573.694400 256.052864 11
0 362.399808 167.949440 385.245632 84.690560 12
0 373.845760 271.119040 404.427520 190.895680 13
0 391.204256 203.531520 415.499104 134.496000 14
0 392.000928 287.957440 428.814432 222.052160 15
0 590.095776 456.793600 605.029984 351.896320 16
0 462.554752 365.493440 496.531328 282.420800 17
0 327.229216 136.676672 353.212384 75.642048 18
0 327.988992 252.102720 368.900608 161.211840 19
0 608.847360 450.628800 629.937920 374.894400 20
0 500.024832 348.035840 535.647488 275.694080 21
0 467.074464 320.905600 498.441056 250.375040 22
0 551.084960 439.193088 581.401440 383.553792 23
0 559.163424 335.641920 579.592416 288.205760 24
0 502.860736 291.028320 530.341184 236.263840 25
0 545.037376 405.826336 579.697344 345.285344 26
0 593.426720 382.753664 607.878880 323.447936 27
0 541.208384 505.012160 578.329536 405.238080 28
0 588.760192 296.628160 600.486528 214.623040 31
0 569.215808 402.639360 590.309312 311.806720 30
0 558.205952 385.267200 579.973888 320.913920 29
