0 314.102592 406.433280 352.406208 288.275200 1
0 288.959424 316.519360 311.626816 181.664320 2
0 312.182848 204.562560 332.842432 103.388800 3
0 397.360576 394.526720 427.142464 292.102400 4
0 394.684992 217.227840 424.120768 167.440320 5
0 339.635776 175.674240 358.359744 106.912640 6
0 403.831232 360.436480 439.267648 259.795200 7
0 527.795936 431.585600 546.237984 322.351040 8
0 540.459968 318.524160 555.516992 245.200640 9
0 517.606624 311.284480 539.121696 219.904000 10
0 551.615744 319.946304 574.061056 257.960896 11
0 354.294240 137.279360 378.407200 63.949440 12
0 372.699360 271.187840 405.273120 191.081600 13
0 392.932864 284.610880 422.189056 216.387520 15
0 462.250912 369.827520 497.152608 283.467840 17
0 327.223488 151.304320 355.392832 77.793920 18
0 499.693056 348.137280 532.483584 272.984000 21
0 560.638816 369.024640 576.986784 297.454720 24
0 503.660352 289.251072 528.664768 238.069248 25
0 541.330976 381.876480 564.906464 315.473920 26
0 591.896672 382.763200 606.189728 307.736640 27
0 574.486528 393.178240 589.914112 310.687360 30
0 466.230240 304.678912 497.349920 248.947968 22
0 325.150528 267.976640 364.788672 160.366400 19
0 538.280128 499.397760 575.496512 398.894720 28
0 589.434400 289.748800 600.657120 216.625600 40
0 545.179744 424.448800 577.325216 375.924960 23
0 25.153568 214.257280 41.819616 116.880000 39
0 589.600320 425.095360 604.665280 314.456640 35
