0 311.399840 406.865600 352.271200 287.472960 1
0 288.373216 314.723840 310.184224 180.518400 2
0 368.685536 400.840960 410.614304 278.478080 3
0 396.529312 385.728000 424.021088 284.592640 4
0 338.245376 171.709440 358.038784 106.561280 6
0 406.435648 355.365440 438.715072 257.115840 7
0 529.281600 425.725120 545.060800 321.289280 8
0 579.938368 279.553280 595.768512 212.463360 9
0 519.343424 304.097280 541.032896 219.448320 10
0 547.021920 323.315200 574.187680 257.300480 11
0 352.721312 134.002880 376.638048 61.131840 12
0 373.129408 273.729600 408.373312 190.450880 13
0 405.363424 293.589440 440.940576 216.508480 15
0 480.661760 375.041280 503.645440 282.798080 17
0 327.073280 143.555840 353.884160 78.926080 18
0 505.412576 341.794880 536.200224 273.520320 21
0 506.373696 298.714944 532.832704 243.481536 25
0 542.552064 377.315520 565.066496 312.644160 26
0 590.969248 373.807264 606.237792 309.811296 27
0 567.633280 358.054464 590.435200 308.130496 30
0 467.715328 328.495680 491.872512 248.955840 22
0 532.361472 506.025280 573.852928 416.693440 28
0 588.447872 468.003200 605.708928 365.036160 35
0 410.112736 223.887680 427.205664 141.090240 43
0 606.717312 450.142720 630.209408 374.545920 41
0 324.476768 264.344000 364.440992 160.356160 48
0 363.521664 221.433600 404.290176 157.794560 47
0 573.725504 390.846592 592.472256 331.634048 24
0 367.057312 207.813568 404.888928 159.083072 5
0 348.391776 149.880960 366.786464 79.356800 56
0 540.784384 442.338272 576.206336 387.626528 58
0 556.710400 412.177632 578.991360 353.723168 55
