0 312.059168 407.133760 351.820512 288.355520 1
0 288.422016 322.072000 310.451584 180.696640 2
0 383.298784 427.971520 428.504096 318.112320 3
0 395.497056 358.372480 423.960224 283.925120 4
0 337.010176 173.035840 358.491904 105.568960 6
0 405.151936 356.965440 439.502144 255.307200 7
0 529.819040 427.518080 546.376800 321.642880 8
0 580.445440 271.744512 596.455680 214.027008 9
0 519.605024 302.300800 540.924896 219.973760 10
0 547.515296 324.023040 574.673504 257.414400 11
0 353.552288 135.758080 376.594272 59.695360 12
0 373.753056 272.773120 409.490464 190.839040 13
0 405.784256 287.689280 440.400704 218.197440 15
0 481.087232 376.583360 503.442688 283.088960 17
0 505.632896 342.733760 536.061824 273.384000 21
0 507.155584 296.883648 532.302976 243.424832 25
0 541.359232 367.520288 564.944768 309.789152 26
0 591.527488 379.617280 606.212032 310.734080 27
0 568.248672 358.595776 589.517728 307.608384 30
0 466.912544 334.714240 489.539296 247.838080 22
0 585.200032 478.144640 603.803488 374.439040 35
0 409.462176 224.240960 427.158624 141.167040 43
0 604.735136 450.874560 630.746464 374.080320 41
0 324.702720 263.285120 364.483840 160.627840 48
0 573.476768 399.664640 592.909152 331.453440 24
0 581.709280 310.496960 597.183520 244.975680 40
0 330.805984 152.696000 369.405216 77.417280 18
0 24.802816 213.568960 39.418112 116.961600 60
0 367.877152 208.588448 404.549088 158.719072 5
0 544.491360 426.347872 577.688480 373.758368 58
0 330.749728 143.378240 358.235872 77.055680 59
