0 313.089568 404.750400 351.817952 287.468480 1
0 288.385472 319.355200 310.712128 183.449280 2
0 309.532736 181.166080 327.122624 84.378880 3
0 392.102592 394.758400 428.904768 292.784640 4
0 408.706464 229.593600 433.815136 160.633600 5
0 339.704512 166.901504 358.429248 106.210816 6
0 407.212672 367.250560 440.759168 262.266240 7
0 525.547264 429.460160 545.046016 315.583040 8
0 542.838560 354.733440 559.389920 284.350080 9
0 513.838272 283.366080 533.869888 211.871040 10
0 555.371424 305.351520 573.733216 256.327840 11
0 362.300992 168.588800 385.103808 85.322240 12
0 373.758656 273.929920 404.458304 190.940480 13
0 392.086816 203.424320 415.580384 134.147520 14
0 393.595328 287.742080 429.332032 221.083520 15
0 590.384512 456.943360 605.322368 349.752320 16
0 462.331840 366.531840 496.178240 282.915840 17
0 327.737664 136.955392 353.356736 74.994688 18
0 328.503488 249.046080 369.293632 161.618880 19
0 608.891840 450.333440 630.132800 374.068480 20
0 500.096736 350.356800 535.894304 275.747520 21
0 467.155360 324.649920 498.631520 250.552640 22
0 550.078496 439.947648 581.414624 383.485312 23
0 559.178592 335.399136 579.606688 287.908384 24
0 503.698816 290.865536 530.346624 236.175744 25
0 544.408704 406.782112 578.833536 345.356128 26
0 593.326112 379.739008 607.883488 323.681152 27
0 541.314592 505.096960 578.685408 405.365760 28
0 558.950784 381.754144 580.204416 319.779296 29
0 588.488544 299.919680 600.386976 215.282880 31
0 568.570080 401.868800 590.244640 312.017920 30
