0 311.720672 407.221120 352.640288 288.095360 1
0 287.137408 318.380480 308.801152 178.395200 2
0 307.908448 254.480960 330.107552 147.043520 3
0 394.344096 393.394240 423.874144 286.326720 4
0 381.811008 214.173440 413.226432 163.508480 5
0 339.649152 170.798272 358.318208 106.937408 6
0 405.933952 358.554240 438.743168 255.395200 7
0 530.043872 428.035520 546.126368 318.344000 8
0 569.498656 278.798432 587.009504 228.482208 9
0 518.661440 301.902080 540.519360 219.216640 10
0 549.931744 322.978880 574.485536 256.195520 11
0 351.513120 135.892800 376.467680 59.928000 12
0 372.815008 273.451520 406.096992 189.548800 13
0 402.501056 280.789952 434.176064 219.344448 15
0 481.032416 376.115840 504.511264 281.664640 17
0 327.104320 146.227200 352.839360 77.857280 18
0 505.190048 344.097280 536.302432 278.721280 21
0 564.393920 390.430720 582.912320 310.871040 24
0 504.927008 297.771296 533.073632 243.509984 25
0 543.832096 383.871680 565.732064 316.432960 26
0 591.311648 365.073216 606.225632 301.979584 27
0 573.723872 379.482240 589.779488 305.933440 30
0 467.440288 325.186240 493.807712 249.179200 22
0 325.863328 255.223360 366.301792 160.717760 19
0 538.080768 500.191040 575.012352 401.695680 28
0 589.963072 479.500160 605.160128 354.206080 35
0 407.942912 226.180160 430.094848 137.498560 43
0 588.789728 287.272000 600.851232 217.054400 40
