0 313.378624 405.639680 352.220096 287.479040 1
0 288.463488 316.678080 310.524032 183.059520 2
0 312.097568 202.116160 329.336032 92.199360 3
0 396.122336 394.011840 428.590624 293.581120 4
0 395.522720 215.381952 424.674400 164.862528 5
0 339.410560 175.656960 358.312320 106.501120 6
0 402.510976 356.019200 438.664064 259.009280 7
0 524.915168 430.728640 545.542432 316.723520 8
0 541.469376 328.631264 559.142464 275.773216 9
0 517.825184 298.911680 539.817056 217.670720 10
0 555.744512 314.469792 573.991168 257.115488 11
0 354.407104 139.617920 379.020096 63.431040 12
0 373.228960 269.813440 405.585760 191.071040 13
0 390.484768 193.813600 414.016992 135.870880 14
0 392.926080 282.858880 424.243840 218.584960 15
0 460.588992 368.564800 493.959488 282.097600 17
0 326.930560 149.644160 355.259520 77.596800 18
0 499.788256 335.352896 533.522464 273.933504 21
0 549.974816 428.283840 580.879584 380.878400 23
0 560.195840 357.892160 574.526720 294.023360 24
0 502.917024 290.829184 528.926816 236.733056 25
0 543.090208 369.930944 567.298272 317.024576 26
0 593.116384 389.536640 606.463776 315.610240 27
0 574.159200 391.142400 590.562720 310.814720 30
0 467.264320 302.909984 490.658240 248.682976 22
0 576.866240 488.613440 594.832960 408.783040 16
0 325.058496 260.912320 363.854144 159.479360 19
0 540.478144 495.253440 578.235456 405.883200 28
0 24.261280 214.945920 39.140832 122.491520 39
0 586.328480 374.794240 597.002080 290.164480 35
