0 312.066208 406.768320 352.128352 288.302400 1
0 287.239904 313.892800 309.220896 180.182080 2
0 317.845184 286.329280 364.111936 188.310080 3
0 395.849568 393.167680 424.197792 284.423360 4
0 373.591552 211.450464 408.831488 159.059616 5
0 339.376448 169.111616 358.443712 107.152064 6
0 407.424960 358.830400 438.241600 255.376320 7
0 530.078944 423.527680 546.599456 320.876800 8
0 579.544864 280.468480 593.453536 212.893440 9
0 519.122592 305.259520 540.522848 218.581760 10
0 549.884160 325.041280 574.261760 256.650880 11
0 351.597440 137.551680 376.321920 62.037440 12
0 372.557920 273.170880 406.021280 188.719680 13
0 402.809664 285.919200 437.752256 222.079520 15
0 480.858880 377.931840 505.280000 285.586880 17
0 327.406912 147.492160 355.411648 77.872320 18
0 505.677888 343.974080 535.932352 273.291840 21
0 564.905376 382.403200 585.064544 317.084800 24
0 506.794208 296.367776 531.968032 243.341664 25
0 543.174720 377.625184 564.975040 315.369376 26
0 591.867232 366.490560 606.325408 295.215680 27
0 573.808640 375.639680 590.476800 308.845440 30
0 467.188000 330.204160 493.503200 248.529920 22
0 346.408800 248.445120 366.523040 167.117120 19
0 532.810752 503.286400 574.539008 406.458240 28
0 590.597024 455.864320 605.419616 356.633600 35
0 409.594208 222.962880 428.493472 140.219200 43
0 606.420224 448.758080 629.619456 374.266560 41
0 592.088064 296.825280 601.481216 215.018560 40
0 365.958112 224.887360 407.177248 160.198080 47
0 565.583232 411.873600 587.731328 318.646720 46
