0 314.276832 406.530880 352.400928 287.808960 1
0 288.613696 324.147200 310.418624 180.335360 2
0 395.279456 367.780480 424.163744 284.942720 4
0 336.257248 173.089920 358.789152 105.589120 6
0 405.062816 348.891520 438.558304 257.322880 7
0 529.410112 416.192000 546.536128 323.475200 8
0 580.263136 269.214304 596.817184 213.649056 9
0 519.702816 304.776320 540.933344 220.074880 10
0 547.764896 326.028160 574.829664 257.617280 11
0 354.783328 135.375360 376.663712 56.129280 12
0 376.472064 271.899520 410.041856 189.473920 13
0 405.741472 291.753920 439.983968 217.404480 15
0 480.713120 374.011520 504.173920 282.864000 17
0 505.418080 341.587840 535.684000 272.915840 21
0 506.854976 297.677248 532.170944 243.819072 25
0 541.153344 367.216128 564.442816 309.926912 26
0 591.878368 382.072320 606.435872 310.277120 27
0 568.644384 358.841728 589.595616 308.438912 30
0 465.948672 326.026240 494.361088 248.654080 22
0 580.673120 473.466880 603.398560 377.840640 35
0 410.064192 225.948800 426.995648 140.818560 43
0 324.783040 264.721280 364.060480 160.429440 48
0 572.939744 401.313600 593.155616 330.819520 24
0 581.840992 319.615360 594.672288 248.950400 40
0 334.807296 152.758080 372.107264 73.199040 18
0 25.086048 211.222400 40.625056 117.057920 60
0 545.814176 428.392992 578.528864 375.585248 58
0 363.744128 216.852256 403.930752 157.492704 47
