0 313.927648 406.488000 352.208672 287.339840 1
0 288.659008 324.314880 310.366912 180.257280 2
0 395.282464 385.417600 424.328416 284.557440 4
0 336.400480 173.907520 359.004320 105.621440 6
0 405.022528 343.987840 438.497472 257.458560 7
0 529.846080 420.691200 546.358720 323.063040 8
0 580.547328 273.211552 596.828672 213.767008 9
0 519.777056 304.472640 541.093344 219.806400 10
0 547.567392 325.744320 574.668768 257.878080 11
0 354.695264 134.247680 376.484256 54.887680 12
0 378.079968 271.407680 409.867552 188.086720 13
0 405.400064 289.497280 439.437056 217.215040 15
0 480.559168 374.382080 504.228032 280.448000 17
0 505.673664 343.365440 535.967296 273.215680 21
0 507.248032 298.372128 532.241248 243.692512 25
0 542.155328 368.118368 564.459712 310.494112 26
0 592.064160 383.286080 606.507360 310.520000 27
0 568.371744 360.788512 591.318496 308.899808 30
0 466.116160 326.921600 492.985280 248.464000 22
0 578.031360 473.336000 603.568640 377.994560 35
0 409.739360 228.456960 426.146720 139.650560 43
0 324.846624 265.546240 364.712416 160.364800 48
0 572.143360 402.448960 593.212160 330.267840 24
0 582.220032 322.045440 595.226368 253.848320 40
0 334.847168 151.721920 372.517952 73.110080 18
0 24.859776 211.679040 39.401472 117.328320 60
0 546.121472 428.196928 578.637568 375.077312 58
0 363.408096 219.961472 403.743264 157.903488 47
0 412.986848 441.504320 452.648992 347.686080 3
