0 313.378560 406.355520 352.378880 288.666560 1
0 288.553696 321.985600 310.542624 181.444800 2
0 312.846976 199.498240 331.749504 94.113280 3
0 396.170528 396.072320 428.414432 294.188160 4
0 396.075040 216.640640 425.094880 167.278720 5
0 339.419520 175.284800 358.170240 106.315200 6
0 403.925888 358.923520 438.966912 259.179520 7
0 524.171744 430.765440 544.971296 320.149120 8
0 539.068512 328.311872 558.151328 270.369728 9
0 518.085824 295.271040 539.265856 220.210560 10
0 555.917728 314.188768 574.126432 256.903712 11
0 354.459776 139.126720 379.019904 62.533440 12
0 372.698016 271.803520 405.924704 191.253120 13
0 386.547104 197.177952 413.607776 140.880288 14
0 392.867264 285.563840 423.954496 215.464000 15
0 461.177824 373.144640 494.375456 282.267840 17
0 327.519872 149.536000 355.224448 77.013760 18
0 499.606048 334.635424 533.356512 273.665376 21
0 559.635776 363.630400 576.565184 297.611200 24
0 502.931168 290.250752 528.808992 238.505728 25
0 542.541920 374.652448 565.090720 315.805152 26
0 594.226464 398.207360 606.440416 312.328320 27
0 575.242656 388.840960 590.423904 313.122560 30
0 466.431648 301.414880 494.712672 248.410400 22
0 324.440224 264.737920 364.450656 158.842240 19
0 586.663392 389.173120 598.326048 297.247360 35
0 539.686656 497.161600 578.220544 406.085760 28
0 589.150368 286.746240 600.816992 214.403200 40
