0 313.712896 404.344000 351.700224 287.536960 1
0 287.892064 319.512640 310.358176 183.298240 2
0 309.588672 175.969920 327.005248 84.000640 3
0 394.121600 394.305600 428.624000 292.916160 4
0 407.950144 229.095680 433.864896 160.419840 5
0 339.753984 168.077920 358.277376 106.364320 6
0 407.266976 361.693760 439.641184 260.856000 7
0 525.436736 429.327360 545.288384 315.645440 8
0 542.863136 356.106880 559.384544 284.425600 9
0 513.935584 280.554560 533.867296 212.035520 10
0 555.332576 303.219648 573.723424 256.256832 11
0 362.192416 165.968320 385.871584 84.656960 12
0 373.914112 271.026880 404.339968 191.310400 13
0 390.906592 202.985920 415.949088 134.968640 14
0 392.765600 287.311040 428.022880 222.192960 15
0 590.362272 454.307840 605.033568 353.248000 16
0 462.504416 365.315520 496.219424 282.203200 17
0 327.112480 136.693472 352.893920 75.789088 18
0 327.709568 250.815360 368.490112 161.456000 19
0 607.882304 451.111680 629.986496 376.775680 20
0 499.969248 349.859840 535.548192 275.368960 21
0 466.877856 307.233120 497.630304 248.943520 22
0 551.228160 439.135680 581.360640 383.181120 23
0 559.151456 336.241344 579.633824 288.425536 24
0 502.963424 290.625760 530.398496 236.174880 25
0 545.276384 404.948640 579.500576 346.177120 26
0 593.225856 382.378624 607.789184 323.325056 27
0 540.862720 505.039360 578.311680 405.262080 28
0 588.776896 297.791360 600.515904 214.614400 31
0 568.484352 402.423360 590.050048 312.269760 30
0 558.518400 385.661120 580.613760 320.969280 29
