0 311.449984 407.245760 352.712576 288.125760 1
0 287.128928 316.900800 308.753312 178.236480 2
0 308.053248 247.351360 325.539072 138.473920 3
0 393.779232 392.268800 423.814368 286.393600 4
0 383.008320 216.551040 412.792000 164.310400 5
0 339.607328 170.755840 357.958112 106.296320 6
0 405.423872 358.412160 439.322368 255.153280 7
0 529.956032 427.574720 546.145088 317.101120 8
0 567.192256 273.384032 586.465344 230.134688 9
0 518.793408 302.873280 540.731712 219.361600 10
0 549.028768 322.323200 574.294112 256.183040 11
0 351.571776 137.331520 376.435904 60.386240 12
0 372.738400 273.591680 406.313120 189.994880 13
0 402.628928 280.049408 434.708672 218.482432 15
0 481.067872 375.582720 504.509088 281.776640 17
0 326.938400 146.744000 352.957920 78.025280 18
0 505.045152 343.397440 535.639648 277.757120 21
0 563.981120 391.482240 582.663360 309.918080 24
0 504.822464 296.481632 532.906816 243.088288 25
0 543.531680 384.302720 565.462880 316.238720 26
0 590.820512 366.289600 606.168928 300.640320 27
0 574.155392 381.426240 590.064768 306.082240 30
0 468.017408 324.897920 495.188992 250.284160 22
0 324.326656 255.667840 366.738944 160.176000 19
0 538.083584 500.044480 574.880256 402.638400 28
0 589.672800 478.633920 604.673440 353.846080 35
0 605.583712 447.528320 628.826528 372.516480 41
0 407.758688 226.777280 429.043872 136.153920 43
0 588.327872 284.053760 600.904768 216.253440 40
