0 313.415104 405.840000 352.269376 287.644800 1
0 288.055680 312.610880 309.706880 179.208640 2
0 312.469056 208.525440 333.683904 104.088960 3
0 395.113472 395.413760 424.580608 289.050880 4
0 394.824032 217.722080 424.273568 166.068000 5
0 339.297184 175.271040 358.401376 107.273600 6
0 404.356736 360.493440 439.306624 259.811200 7
0 527.909632 432.085120 546.213888 320.440960 8
0 539.519168 311.221120 559.830592 235.653760 9
0 517.973248 310.487360 539.328512 219.028160 10
0 549.502848 319.922752 574.150272 257.695168 11
0 354.173984 137.291840 376.908256 64.345280 12
0 372.717632 269.148800 405.289408 191.822720 13
0 393.286816 284.544960 419.938144 218.068800 15
0 463.296704 361.131200 496.823616 283.272000 17
0 327.469728 150.959680 356.179552 77.330880 18
0 499.828864 347.265600 533.094016 272.808640 21
0 561.528928 384.233920 580.716192 303.622720 24
0 504.071168 290.277728 528.797952 239.305632 25
0 542.449376 379.739840 565.432864 315.447360 26
0 589.917728 363.734624 606.559712 307.444896 27
0 574.045536 384.478720 589.767584 305.994240 30
0 466.412704 302.774208 489.946976 248.918592 22
0 325.622464 267.113920 364.923456 159.553600 19
0 538.290496 500.792640 575.333824 399.723200 28
0 547.905408 429.498112 577.936512 378.948608 23
0 589.835840 440.705920 603.898560 333.400960 35
0 395.844480 173.920864 414.382720 135.126176 14
0 589.724128 290.648000 600.866592 219.672640 40
