0 311.406112 406.162880 352.095968 288.612160 1
0 287.272480 312.905280 309.190880 180.114880 2
0 311.771328 282.442880 358.044992 180.242560 3
0 395.437792 392.798080 424.115488 285.345920 4
0 375.451968 210.439328 409.042112 159.917152 5
0 339.531040 168.635776 358.444000 107.195264 6
0 407.818240 357.893760 438.250240 255.132800 7
0 529.537248 431.427840 546.750752 320.693760 8
0 579.821184 281.210560 593.218176 215.257920 9
0 519.108576 303.885760 540.373024 218.419520 10
0 551.402720 326.860160 574.243360 256.376960 11
0 352.290528 135.150080 376.721952 60.112640 12
0 372.618240 271.552640 405.093120 189.080960 13
0 401.864256 285.368832 436.617664 221.923328 15
0 481.032480 378.097920 505.641440 283.818240 17
0 327.095392 146.199040 355.308448 77.400320 18
0 505.660704 342.503360 536.007136 273.396800 21
0 564.939584 392.878720 584.792256 316.435840 24
0 506.135040 295.869088 531.993600 243.809632 25
0 542.865952 374.045760 565.297888 314.841280 26
0 591.607776 365.910720 606.248224 295.643200 27
0 573.627072 375.835840 590.299968 308.082240 30
0 466.918688 329.415040 494.800352 249.212800 22
0 326.875104 247.762240 366.155296 157.375680 19
0 533.328800 500.489920 575.170400 402.448960 28
0 590.829280 455.730240 605.447200 356.411840 35
0 408.899424 222.677440 428.715936 140.133440 43
0 606.194080 449.380800 629.900640 373.510720 41
0 547.965472 406.583264 577.040608 355.376416 45
0 592.034304 292.574720 601.463296 214.142720 40
