0 311.572256 407.329280 352.692704 288.064000 1
0 287.135136 317.506560 308.752224 177.992960 2
0 308.750720 244.681600 325.968000 133.362560 3
0 393.626496 390.868800 423.809664 286.247360 4
0 383.784512 217.989088 412.916928 164.625952 5
0 339.466080 171.433600 357.907360 106.207360 6
0 405.054304 358.146240 439.400096 256.102720 7
0 530.087776 427.396160 546.129824 315.614400 8
0 566.419616 273.378080 586.298464 230.651360 9
0 518.901664 303.576000 540.965216 219.394880 10
0 548.732736 322.578880 574.281664 256.366400 11
0 351.622880 138.672000 376.375840 61.420160 12
0 372.945760 273.716480 406.528160 190.229760 13
0 402.525600 279.725376 434.570080 218.919104 15
0 481.057120 376.401280 504.572320 282.010240 17
0 326.801920 147.761600 352.751360 78.148160 18
0 504.976128 343.570880 535.377152 276.970560 21
0 563.993664 391.257600 582.558656 309.765120 24
0 504.920480 295.850272 532.478560 242.684128 25
0 543.464416 384.042880 565.402144 316.309120 26
0 590.384672 366.443520 606.143968 299.251200 27
0 574.191392 382.909440 590.103008 306.202880 30
0 468.113728 324.415680 495.265472 249.897280 22
0 324.068512 257.896320 366.734688 159.638400 19
0 537.928224 499.777280 574.942176 401.936640 28
0 589.659456 478.019520 604.694464 353.787200 35
0 605.801760 449.016000 629.249760 372.598080 41
0 407.682240 225.936000 428.397120 135.189120 43
0 588.162144 283.864000 600.765856 216.710720 40
