0 313.785760 406.745600 352.568160 288.816640 1
0 288.698528 318.440640 310.666592 181.637440 2
0 313.082112 202.391680 332.826368 97.578880 3
0 396.496992 395.768000 428.279968 293.529920 4
0 396.533792 217.191840 425.020128 167.600480 5
0 339.562432 176.360320 358.302528 106.843520 6
0 404.070624 357.318080 439.198496 259.560000 7
0 527.089312 432.517120 545.361248 321.708800 8
0 540.203072 324.672128 557.862848 264.524672 9
0 518.058400 297.373120 539.010400 221.020480 10
0 556.199808 313.282880 574.182272 257.213120 11
0 354.466816 139.321600 378.820864 63.558400 12
0 372.967648 272.393280 405.881632 191.349440 13
0 386.776000 196.908960 413.284160 141.028960 14
0 392.844672 282.549120 423.191168 215.710080 15
0 461.486496 369.723520 494.962784 282.276480 17
0 327.331040 148.112320 355.243040 77.660480 18
0 499.570912 335.209024 533.021728 273.098176 21
0 559.531456 363.467520 575.884864 297.472000 24
0 503.249152 289.949280 528.310528 238.149280 25
0 543.865632 374.669760 564.017888 316.746560 26
0 597.015136 387.769280 606.381984 311.133760 27
0 574.953792 390.428800 590.269888 315.237760 30
0 466.058560 304.037056 493.616320 248.770624 22
0 324.946432 264.683520 364.318208 159.004160 19
0 539.202144 499.350720 578.277536 401.362240 28
0 589.444384 288.045120 600.867296 214.965440 40
0 550.961408 397.724640 576.713472 351.720480 38
0 545.050976 424.443744 576.226464 379.493536 23
0 25.143040 214.098880 42.137728 115.978560 39
