0 311.273120 405.360640 352.200800 287.961600 1
0 287.602624 309.240320 309.034816 180.067840 2
0 307.582272 271.228480 345.007808 170.555840 3
0 395.146784 392.795520 423.867616 285.536640 4
0 382.181120 212.722720 411.255040 161.908960 5
0 339.208352 169.836384 358.505568 106.744736 6
0 407.584256 357.266560 438.018304 255.137920 7
0 529.610304 420.098560 546.533056 319.541760 8
0 573.992928 289.414368 590.937632 225.798432 9
0 518.892000 301.144960 540.777760 218.538880 10
0 551.667232 323.323520 574.302688 256.455040 11
0 352.604160 133.826880 376.787200 60.332480 12
0 372.860416 272.514560 406.714624 189.696000 13
0 402.124224 286.505600 436.082496 222.277760 15
0 481.224416 377.438080 504.892704 284.056960 17
0 327.065888 146.439040 355.486432 77.973120 18
0 505.572576 342.432960 536.040224 274.100800 21
0 565.729632 425.218560 585.302688 312.481280 24
0 505.365248 294.253728 534.092032 242.574432 25
0 543.807872 380.648000 566.036608 315.629760 26
0 591.940512 364.559552 606.287968 300.655168 27
0 573.357312 375.533760 589.945088 306.438720 30
0 467.217984 330.584000 491.830976 250.816320 22
0 327.017344 246.361920 366.134656 162.622400 19
0 534.409472 500.821760 575.307008 405.588480 28
0 590.489120 460.787840 605.327840 355.472000 35
0 408.827456 222.648000 428.202944 139.600960 43
0 591.070528 288.384960 600.853952 216.782400 40
0 606.166464 450.074240 629.719616 372.987520 41
0 348.506656 143.988096 363.611104 81.139584 44
