0 314.894464 405.453760 352.154496 288.064320 1
0 288.476128 319.090240 310.816032 183.640000 2
0 309.876864 195.725760 327.387776 84.147520 3
0 396.579872 396.096320 428.305888 293.105600 4
0 408.084064 228.630080 432.997536 160.178880 5
0 339.470240 173.345600 358.458720 106.310080 6
0 405.763552 355.347200 438.457888 258.839040 7
0 525.941632 429.723520 544.787328 312.987520 8
0 543.171072 351.352320 560.398848 283.539200 9
0 513.307104 287.786880 535.186976 212.447360 10
0 555.594752 305.823008 574.087168 255.570912 11
0 355.730560 146.491200 379.207040 71.309760 12
0 373.166944 270.529280 403.643296 191.184640 13
0 390.725344 203.420480 414.593056 135.235520 14
0 392.746528 285.779520 424.020192 219.268800 15
0 587.603040 456.275840 605.847200 365.070720 16
0 460.970208 367.712960 495.514912 281.634880 17
0 326.164800 145.947840 352.731840 76.283200 18
0 326.273536 256.509120 366.311424 162.324800 19
0 616.246432 455.048640 631.153248 384.114240 20
0 499.595360 342.938240 535.127200 274.875520 21
0 548.095616 439.205248 581.481344 382.387072 23
0 559.831168 337.091136 576.179072 288.780224 24
0 501.579456 291.988736 530.234944 237.937664 25
0 543.982240 404.184928 579.079520 342.659232 26
0 592.941952 377.989184 606.640768 318.598336 27
0 541.497696 503.227520 578.662304 404.571520 28
0 566.669536 402.068160 590.968864 307.664960 30
0 466.753536 309.589600 497.497344 249.207200 22
