0 313.454816 405.881920 352.287264 287.675840 1
0 288.036864 312.634880 309.630976 179.119360 2
0 312.464832 208.503680 333.677888 104.086400 3
0 395.092416 395.237120 424.583744 288.951040 4
0 394.937888 217.895904 424.267232 165.887776 5
0 339.292352 175.246080 358.408768 107.299840 6
0 404.382944 360.446400 439.314976 259.804480 7
0 527.985088 432.098560 546.217792 320.322560 8
0 539.570368 310.638720 559.871552 235.355520 9
0 517.982176 310.654400 539.334944 219.023680 10
0 549.508928 319.914656 574.146752 257.716064 11
0 354.178848 137.159040 376.879072 64.337280 12
0 372.726208 269.161600 405.344832 191.826560 13
0 393.307200 284.497920 419.966400 218.027520 15
0 463.307712 361.352640 496.760128 283.099200 17
0 327.468544 150.994240 356.156416 77.318080 18
0 499.835840 348.005120 533.101120 272.709120 21
0 561.593984 384.459840 580.766336 303.695040 24
0 504.095744 290.317632 528.797696 239.338688 25
0 542.430624 379.659200 565.504096 315.476800 26
0 589.932864 364.533248 606.590656 307.433472 27
0 574.024416 383.907200 589.764384 305.962880 30
0 466.424704 302.882080 490.094976 248.980960 22
0 325.626560 267.087360 364.942400 159.525120 19
0 538.274912 500.826240 575.337888 399.771520 28
0 547.885952 429.309824 577.849728 379.171456 23
0 589.808608 440.219200 603.916832 332.920000 35
0 395.889216 173.881408 414.382784 134.985152 14
0 589.726848 290.629760 600.866432 219.664000 40
