0 313.019872 405.409280 351.950368 287.688960 1
0 288.443840 320.548480 310.464320 183.634560 2
0 311.536064 202.393920 328.510016 91.160000 3
0 394.731520 394.408000 428.601600 293.264320 4
0 407.181824 224.314304 432.809216 161.377856 5
0 339.190048 172.670400 358.280672 105.778240 6
0 401.036832 355.518080 438.822368 257.872000 7
0 525.640480 434.543360 545.535200 315.348480 8
0 541.897056 330.488736 560.010144 280.505184 9
0 514.749120 294.053760 536.317760 214.102400 10
0 555.527360 308.984832 574.218560 256.062208 11
0 353.896928 145.105920 379.624992 67.429120 12
0 373.528832 269.664960 404.405248 190.472000 13
0 390.975968 201.613760 414.641952 135.017280 14
0 393.008192 285.501440 423.670208 218.935040 15
0 460.545952 366.631360 494.075488 282.249280 17
0 327.227296 146.188160 353.607264 76.579200 18
0 499.799008 346.337600 533.053472 273.977280 21
0 547.824224 433.168064 581.581216 381.623616 23
0 559.736128 341.815936 575.230912 287.721344 24
0 503.070208 291.130880 529.862912 238.127360 25
0 544.150624 389.715200 569.655456 317.079040 26
0 592.654592 398.187200 606.329088 317.126720 27
0 569.284576 404.339200 591.150624 309.025280 30
0 467.267840 305.387552 491.829760 248.642528 22
0 585.027488 346.778016 597.997152 292.548704 35
0 579.225856 496.215680 600.399104 393.892480 16
0 325.382048 254.674240 365.517152 157.836480 19
0 600.740992 450.136960 619.529088 377.119360 34
