0 311.352224 405.152640 352.299616 288.114560 1
0 287.473536 312.194240 308.978304 179.979840 2
0 308.233408 273.472000 346.878272 173.413120 3
0 395.165696 392.144320 423.953664 285.375040 4
0 382.995264 213.384352 411.171776 161.133408 5
0 339.193376 169.980064 358.538464 106.775136 6
0 407.662080 357.553920 438.037760 255.159040 7
0 529.632000 423.792000 546.604800 319.674240 8
0 574.147648 290.015680 590.556352 225.281600 9
0 518.951936 301.683520 540.769024 218.584000 10
0 551.753952 323.882560 574.226208 256.432320 11
0 352.564384 134.434240 376.663136 60.768320 12
0 372.870080 272.817920 406.623040 189.504000 13
0 402.131968 286.095552 435.895552 222.662208 15
0 481.190272 377.556480 505.071488 284.227840 17
0 327.130048 145.884800 354.734912 77.906560 18
0 505.758208 343.097280 536.042752 273.838400 21
0 565.668992 425.825600 585.545088 313.575360 24
0 505.296832 294.534720 534.166848 242.765760 25
0 543.455392 380.160000 565.915488 315.004160 26
0 591.828832 363.678400 606.295968 295.388480 27
0 573.342688 371.560320 589.971232 306.544000 30
0 466.844960 330.191360 490.954720 250.539520 22
0 326.741024 246.314880 366.096096 162.087040 19
0 534.019808 500.721600 575.191072 405.832000 28
0 590.382304 471.200960 605.424416 355.878720 35
0 408.714816 222.793920 428.589504 139.743040 43
0 590.824896 287.809280 601.002304 215.317760 40
0 606.219616 449.514560 629.740704 372.996800 41
0 348.876576 147.255680 363.672544 81.298560 44
