0 287.803552 299.398400 310.071648 183.727360 2
0 374.905568 387.512000 421.425952 284.349760 4
0 338.981024 171.783488 357.664096 109.144512 6
0 402.721184 359.040960 437.874016 256.188480 7
0 579.474144 279.847040 596.292896 214.248320 9
0 519.808672 309.158080 542.286688 218.967360 10
0 550.512576 322.745280 575.197504 257.148480 11
0 379.242496 263.016960 410.494464 189.967360 13
0 407.614400 290.665408 441.273920 227.193152 15
0 501.483296 347.287680 532.533984 267.848320 21
0 539.717248 369.415008 559.659392 311.297952 26
0 597.124000 457.219840 615.146080 347.210240 27
0 571.174880 359.298784 593.197600 299.743776 30
0 463.193952 287.438400 487.523488 213.883840 43
0 324.202880 252.540160 368.686720 164.087040 48
0 573.867392 386.248448 594.283648 331.552512 24
0 340.408896 154.046400 375.775424 76.495680 18
0 364.327968 227.798080 403.313632 158.413760 47
0 461.467616 423.455040 503.791904 332.093120 3
0 572.408256 456.675200 599.296064 383.702400 35
0 547.668640 407.583616 578.109280 355.846784 64
0 592.463808 371.764096 606.914112 310.296704 65
0 300.845056 394.323840 347.929344 286.734720 1
0 467.779392 321.981120 491.474368 254.200640 22
0 482.183168 356.185632 508.792832 293.593568 17
0 614.266112 453.685760 630.459648 372.194560 66
0 509.328096 502.825600 553.717024 411.013760 75
0 354.404064 117.895360 376.941856 42.333760 74
0 545.618016 481.323840 573.013664 392.447680 76
