0 313.203808 405.919680 352.222112 287.634240 1
0 288.494720 318.263680 310.504320 183.034240 2
0 312.480000 198.730560 330.156800 92.844480 3
0 395.928896 393.098560 428.571584 293.620160 4
0 394.077568 215.203904 423.906432 165.846976 5
0 339.611168 175.930560 358.381792 106.959680 6
0 402.982784 355.755520 438.734976 259.127040 7
0 525.222592 428.494080 545.494848 316.620800 8
0 541.077536 329.185504 558.859744 274.896416 9
0 517.852640 296.780800 539.911200 217.984000 10
0 555.696640 315.505088 574.109440 257.088832 11
0 354.376512 139.923520 379.073728 63.459520 12
0 373.276416 269.589120 405.560064 191.473280 13
0 390.765280 189.602816 414.060320 136.674304 14
0 392.872576 283.296960 423.247744 218.351680 15
0 460.566336 369.064000 493.891264 282.114240 17
0 327.032640 150.300160 355.235520 77.610240 18
0 499.888864 335.249600 533.343776 273.774400 21
0 550.968064 425.647520 580.091136 380.386400 23
0 560.516096 361.211520 575.422464 295.408000 24
0 502.938592 290.758880 528.772128 236.674080 25
0 542.927680 371.836736 566.800320 317.022144 26
0 593.699424 388.757440 606.547616 315.529280 27
0 574.766880 388.996160 590.664160 311.771840 30
0 467.273920 302.942240 491.067200 248.815840 22
0 576.247776 486.399680 593.493024 411.987520 16
0 324.828416 262.792320 363.957504 159.473280 19
0 24.267808 214.756800 39.150048 122.268480 39
0 585.714880 373.813120 597.217600 290.286720 35
0 557.778048 392.802816 576.854912 351.889664 38
0 548.530688 495.806720 578.281472 406.218240 28
