0 312.049856 407.648640 352.760384 288.470400 1
0 287.127232 318.529600 308.778048 177.394880 2
0 309.956736 238.760000 326.936704 127.142080 3
0 393.497280 391.033920 423.785280 286.347200 4
0 383.775968 219.973632 412.931872 166.696448 5
0 339.422304 173.648000 357.779616 106.362240 6
0 405.292992 362.621760 439.463488 257.265600 7
0 530.027776 429.944640 546.014464 314.825920 8
0 564.876480 272.478880 585.090880 232.691040 9
0 518.858240 304.272640 541.045760 219.354880 10
0 548.720384 322.240960 574.050816 256.838720 11
0 351.641952 138.979840 376.416928 61.858560 12
0 372.846272 272.822080 406.360128 190.820800 13
0 401.209664 282.370432 434.060736 218.814848 15
0 480.710688 376.399680 504.461792 282.098880 17
0 326.670336 146.449920 352.285184 78.520320 18
0 504.399104 345.373760 534.285056 275.908800 21
0 563.799104 389.427520 582.640576 309.483200 24
0 505.199904 295.678400 532.025056 242.562880 25
0 543.360192 384.152320 565.420608 316.312320 26
0 590.116256 364.974720 606.179424 300.680320 27
0 574.426912 383.203520 590.264288 306.047040 30
0 468.545376 322.745920 496.194464 249.293760 22
0 324.614656 260.716160 366.722304 159.184000 19
0 537.833056 500.533760 574.882464 401.582080 28
0 589.940256 477.134720 604.953824 353.270400 35
0 606.673024 449.064640 629.741696 371.855680 41
0 406.777792 226.056640 426.948928 133.579840 43
0 587.706272 284.894720 600.790368 216.663040 40
