0 314.759872 405.626880 351.870528 287.941120 1
0 288.456288 319.670080 310.551712 183.334080 2
0 309.886208 188.877760 326.911232 90.704960 3
0 395.690208 394.807680 428.693792 292.959360 4
0 408.095680 227.477120 432.880960 160.602240 5
0 339.454112 171.934720 358.353248 106.216960 6
0 402.142784 354.634880 438.671296 257.756800 7
0 525.937344 435.413760 545.461056 313.949440 8
0 541.633952 332.819872 560.443488 283.017568 9
0 513.541312 293.138880 536.333888 213.885760 10
0 555.687712 308.625120 574.213088 255.806240 11
0 354.861664 145.360960 379.721376 69.360320 12
0 373.507296 270.045760 404.444704 191.020480 13
0 390.930752 202.597440 414.785728 134.400960 14
0 392.944736 284.010816 424.241824 220.313024 15
0 581.705120 460.184320 601.660000 383.281920 16
0 461.029312 367.746880 494.540608 282.217920 17
0 326.692512 146.792320 354.223968 77.014400 18
0 499.970336 345.680960 533.609184 274.484160 21
0 547.278208 435.525504 581.558912 381.307776 23
0 560.029024 338.346752 576.276896 288.859648 24
0 502.569824 291.700672 529.791136 238.937408 25
0 544.469248 393.421760 570.966272 318.509120 26
0 593.370144 389.738560 606.546656 318.155200 27
0 569.769952 405.665280 591.307808 309.103360 30
0 467.022976 304.943008 491.393664 248.911712 22
0 602.636928 448.288320 617.433472 377.845440 34
0 585.093248 347.551744 598.242432 291.826176 35
