0 312.071136 407.203520 352.316704 287.414080 1
0 288.366144 320.953920 310.248896 180.984000 2
0 348.553152 355.305280 386.475328 232.376000 3
0 395.967584 390.580480 424.006816 284.346880 4
0 338.410240 173.119680 358.360320 106.469440 6
0 405.722400 359.939840 438.413280 256.569600 7
0 529.756736 429.942720 545.377984 318.291520 8
0 579.503488 279.655360 595.320192 212.628800 9
0 519.561408 307.210240 541.334592 219.494400 10
0 548.788544 323.018240 574.307776 257.468160 11
0 352.471744 136.930240 376.515136 62.364480 12
0 373.064768 269.577920 407.819712 189.638720 13
0 405.355680 293.751360 441.176160 218.125760 15
0 480.462688 375.166080 505.477792 284.551040 17
0 327.117216 146.286720 358.192224 78.545280 18
0 505.434304 343.852800 536.166976 273.175040 21
0 506.946400 303.393376 533.130400 243.507104 25
0 542.856704 380.814400 565.427456 315.359680 26
0 590.942080 371.847808 606.334080 309.220992 27
0 568.042528 357.514496 590.404832 307.409664 30
0 466.380192 324.665280 488.732768 249.514560 22
0 534.145408 500.406080 574.659712 410.682560 28
0 590.691808 465.056640 605.981472 358.574720 35
0 409.942688 222.235840 428.002912 140.283200 43
0 606.791200 450.991040 630.346720 374.450240 41
0 324.577536 247.340160 363.829504 160.507520 48
0 585.744640 305.926720 607.274240 240.454080 40
0 363.164640 222.872992 400.617760 159.418208 47
0 572.727616 395.734720 591.351744 330.479680 24
0 371.170816 208.150496 404.840704 158.961184 5
0 558.172864 409.258912 578.799936 353.676128 55
