0 313.787456 405.548800 352.132544 287.936000 1
0 288.651296 316.841920 311.082464 183.663680 2
0 310.275552 196.819840 327.323168 85.722240 3
0 395.596288 397.558080 428.292352 293.631680 4
0 408.533888 227.301120 433.229952 160.134400 5
0 339.469888 172.927680 358.363072 105.240640 6
0 406.741152 354.605120 438.537568 258.444480 7
0 525.853184 430.533440 545.316096 314.728640 8
0 543.318240 351.702080 560.250400 283.584960 9
0 513.559712 287.822400 535.631968 212.260800 10
0 555.502144 305.548032 574.032576 255.511808 11
0 357.496192 146.392000 379.078528 72.102720 12
0 373.113376 271.934720 403.964384 191.064320 13
0 390.796768 204.335360 415.087392 134.817280 14
0 392.249728 284.529600 425.040512 219.391040 15
0 589.261824 454.267200 605.012736 357.220800 16
0 461.205056 369.097280 495.825344 281.824960 17
0 326.580096 136.932864 353.039744 76.089856 18
0 325.099808 257.559680 366.054112 159.400320 19
0 610.520320 450.225920 630.895360 384.212480 20
0 499.826272 343.865280 536.250528 274.948160 21
0 466.654208 310.686432 497.870592 248.864288 22
0 546.461248 437.261760 581.382592 383.485760 23
0 559.569536 335.196960 576.913024 288.319200 24
0 501.715616 291.930496 530.301024 237.915264 25
0 545.050112 402.080000 578.658048 346.236160 26
0 592.787040 370.877856 606.538400 318.582624 27
0 540.543936 503.071360 578.420544 404.607360 28
0 572.688960 400.820800 591.153600 308.995520 30
0 558.416096 374.370656 579.228704 321.583264 29
0 309.949696 157.101440 325.995264 82.858880 33
