0 312.795936 406.951680 352.193504 287.783680 1
0 287.378368 319.498880 310.061632 180.967040 2
0 339.144800 318.224000 377.403040 205.719680 3
0 396.020736 394.223680 424.001024 284.518080 4
0 339.305600 168.866944 358.500480 106.074496 6
0 406.972832 358.328640 438.317408 256.333760 7
0 530.225568 424.836800 546.524512 321.352000 8
0 580.477760 277.505280 594.560960 213.009920 9
0 519.319616 304.864000 541.174464 218.184960 10
0 550.004576 323.690240 574.476704 257.111040 11
0 351.175168 135.217600 376.534272 60.923200 12
0 373.114816 270.868800 407.083584 189.520320 13
0 403.639456 292.134400 440.203104 216.016640 15
0 480.707520 377.639360 505.476160 285.560640 17
0 327.300288 146.158720 355.175232 77.701760 18
0 505.449536 343.357760 536.337344 272.703680 21
0 565.014368 381.695360 584.252832 316.612480 24
0 507.020864 297.728352 532.528576 243.465888 25
0 543.146784 380.516480 565.348576 315.236480 26
0 591.682592 367.324800 606.417888 296.375680 27
0 573.640384 370.509248 590.647616 309.513792 30
0 467.375744 330.333760 493.367936 248.433600 22
0 534.103072 501.800960 574.554848 409.131520 28
0 590.352384 462.108160 605.528576 356.913920 35
0 409.874336 222.187520 428.360544 140.296960 43
0 606.368000 448.991360 630.282240 373.851520 41
0 324.233120 235.032000 363.370080 158.684480 48
0 590.886112 301.154880 604.828448 236.228800 40
0 363.945952 222.760320 405.119008 157.499520 47
0 565.929248 402.408960 587.765472 315.619840 46
