0 304.567168 406.579520 350.877312 290.923200 1
0 287.316288 330.248000 310.020032 183.953600 2
0 396.397632 396.710080 423.890368 282.629440 4
0 338.483136 172.548160 358.314304 107.400640 6
0 407.130240 357.773440 437.782400 256.196480 7
0 579.623872 285.276160 596.488768 213.515520 9
0 520.095072 306.750080 541.446048 219.898240 10
0 550.529408 327.240320 575.354752 257.463680 11
0 379.390528 265.348480 410.852032 189.801600 13
0 405.614272 289.067296 439.784768 225.973984 15
0 480.351808 378.632960 503.509952 279.596800 17
0 504.592640 346.522240 535.710720 272.464000 21
0 504.463200 297.957664 533.915040 242.544096 25
0 542.713760 369.840864 566.182240 312.198176 26
0 594.360320 437.573440 612.417280 333.082560 27
0 571.485248 356.294048 592.440512 298.998112 30
0 466.340736 324.832960 491.392384 247.809600 22
0 447.568192 284.442240 477.723328 205.970560 43
0 324.106560 257.295040 367.328960 160.014400 48
0 571.767200 399.469120 592.954720 329.835200 24
0 337.907200 149.000320 373.044480 73.645440 18
0 364.371328 223.980160 403.503232 158.860160 47
0 443.107936 410.267520 477.933984 323.262080 3
0 369.673920 207.802112 403.659840 158.901248 63
0 574.404224 452.041280 603.117696 379.715520 35
0 557.069856 401.297184 579.053024 353.600736 64
0 24.752256 212.665280 40.478720 116.786240 67
0 593.729600 364.327296 606.800320 309.337984 65
