0 311.738976 407.580160 352.794784 288.573440 1
0 287.164064 318.090880 308.691296 177.166720 2
0 310.925440 235.402240 327.902080 124.200960 3
0 394.028512 390.776320 423.864608 286.302720 4
0 384.062272 218.638976 413.478848 167.520384 5
0 339.373696 174.894400 357.759104 106.530240 6
0 406.360288 364.082880 439.502112 257.147200 7
0 529.990880 430.106240 546.043680 318.592640 8
0 562.443776 267.213376 581.397504 232.633024 9
0 518.812032 305.976640 540.775808 219.788480 10
0 547.672448 321.875840 574.017152 256.782720 11
0 351.601888 139.217920 376.412192 61.539840 12
0 372.953568 271.836160 406.357792 191.179520 13
0 398.996768 283.715872 434.340832 221.160928 15
0 479.560512 374.231040 503.840448 283.013120 17
0 326.936928 147.400320 352.146592 78.449280 18
0 503.878528 342.100160 533.433472 274.712640 21
0 563.618752 390.123520 582.561088 309.678080 24
0 505.025152 297.056864 531.765888 243.087776 25
0 543.269184 384.409280 565.301696 316.136000 26
0 590.375552 364.752096 606.220928 305.114144 27
0 574.416672 383.743040 590.283488 306.475200 30
0 468.521056 319.925440 496.661664 248.477760 22
0 325.743520 259.994880 367.041120 160.171520 19
0 537.959840 501.250880 574.758240 401.205440 28
0 589.951008 478.633920 605.022432 352.604480 35
0 606.635104 449.188800 629.912736 371.766080 41
0 405.786976 225.758400 426.407584 130.973760 43
0 588.177632 286.689280 600.823328 217.230080 40
