0 311.826432 407.032960 352.127488 286.876800 1
0 288.688864 320.713920 310.447136 180.289600 2
0 392.401152 441.449600 433.207808 342.705280 3
0 395.282144 354.313600 424.159776 284.160640 4
0 336.989408 173.361280 358.743072 105.654400 6
0 404.832768 351.359040 439.210752 255.550400 7
0 529.222688 418.824960 546.493152 323.841280 8
0 580.131168 270.811872 596.510112 213.632288 9
0 519.585504 302.710080 540.936736 220.038080 10
0 547.986144 324.948800 574.822176 257.545920 11
0 354.804288 136.614720 376.676032 56.562880 12
0 374.020800 272.729920 409.880640 191.550400 13
0 405.536576 290.247040 440.297664 219.821440 15
0 480.819808 373.208000 504.033952 285.263680 17
0 505.372064 342.720320 535.950176 273.118400 21
0 507.393440 296.795744 532.333920 243.844256 25
0 541.285408 367.003104 564.556512 310.317856 26
0 591.286592 380.263680 606.276288 310.520320 27
0 568.835680 357.747808 590.021280 308.122272 30
0 465.859968 330.881280 490.884992 248.655360 22
0 583.216224 471.909440 603.397536 376.466880 35
0 410.031040 224.574400 426.944320 140.810560 43
0 324.703296 264.508800 364.567744 160.288640 48
0 573.090592 398.976640 592.910048 331.107200 24
0 581.802816 315.099840 595.203264 246.918720 40
0 334.935552 152.237120 371.461888 74.888640 18
0 24.740032 212.411200 40.203840 117.142720 60
0 544.927104 424.415456 578.010496 372.863264 58
0 364.941952 210.753440 404.385408 158.410080 47
