0 287.286272 334.111360 310.060288 183.525760 2
0 380.240416 390.593600 424.198624 286.714560 4
0 338.999968 172.051040 357.482592 109.330080 6
0 403.887328 357.474880 438.104352 256.030400 7
0 579.653120 284.834560 596.487680 213.359360 9
0 519.668576 307.196800 541.438624 218.582400 10
0 550.745632 324.740800 575.133408 256.784960 11
0 379.216160 263.980160 411.127520 190.305920 13
0 407.476352 289.283264 441.100928 227.157056 15
0 502.702592 356.096640 532.713728 268.170880 21
0 540.856576 372.298048 561.231104 313.657792 26
0 596.372608 454.075200 615.283072 346.924480 27
0 571.105504 358.423360 592.871456 299.303360 30
0 463.624064 286.130240 486.960256 215.079360 43
0 324.096544 252.632960 366.934496 160.766080 48
0 573.059552 391.584000 594.125088 331.009280 24
0 340.029856 152.406400 375.052384 76.992640 18
0 364.627808 222.949536 403.506592 159.346784 47
0 461.258784 424.669760 503.808736 332.093120 3
0 572.637632 450.118720 601.237568 385.478080 35
0 550.239584 403.752768 578.086816 354.904512 64
0 592.400320 369.813536 606.903360 309.523424 65
0 298.351776 392.909440 347.511904 285.923200 1
0 467.832096 323.891520 491.040224 254.150080 22
0 482.081248 356.352384 507.991072 293.318016 17
0 442.766592 363.470400 468.012288 274.479040 70
0 614.523136 445.354240 630.710784 372.464640 66
