0 313.823200 405.704960 352.035360 287.912960 1
0 288.414304 310.367680 310.908576 183.739200 2
0 309.667744 174.315200 326.909536 83.664960 3
0 395.843424 399.200640 428.317856 293.637760 4
0 409.190016 231.565120 433.759104 160.126400 5
0 339.942752 168.000928 358.267808 105.875552 6
0 406.617920 355.318400 438.384320 258.552960 7
0 525.515232 434.218880 545.203488 315.267200 8
0 542.485376 356.799040 559.341184 283.789760 9
0 513.299136 282.774080 534.141504 212.383680 10
0 555.160320 304.489952 573.785600 256.031008 11
0 358.220256 153.096000 381.700384 75.645120 12
0 373.622336 271.752640 403.790784 191.095360 13
0 390.656384 204.731840 414.788736 134.337600 14
0 392.222752 285.242560 426.167008 220.063040 15
0 590.012320 459.673280 605.130080 354.486080 16
0 461.000160 372.133760 496.265760 282.160000 17
0 326.889728 138.219712 353.468672 76.026688 18
0 324.009760 253.560960 365.011680 156.649600 19
0 608.609728 452.193280 629.611072 380.737280 20
0 499.662400 345.663040 535.115200 274.660800 21
0 466.820704 304.540576 497.047456 248.206944 22
0 552.533024 438.342944 581.430496 382.083296 23
0 559.360640 335.677760 578.418560 288.628160 24
0 502.712864 288.402912 530.143456 236.583968 25
0 545.001312 402.490240 579.698848 344.549760 26
0 592.935744 372.230176 607.302336 320.574944 27
0 540.440320 504.166400 578.384640 404.656640 28
0 574.811424 399.765760 591.003616 313.233920 30
