0 287.323744 333.244480 309.976736 183.821760 2
0 383.740160 393.338560 424.792320 282.962240 4
0 338.971264 172.595520 357.649536 108.359360 6
0 404.867680 358.214080 437.847200 255.949120 7
0 579.792064 284.692800 596.490816 213.548480 9
0 519.697152 304.866880 541.742848 218.754240 10
0 550.153952 326.312960 575.206688 257.076480 11
0 378.774880 263.354880 410.896800 190.001920 13
0 406.895872 288.378496 439.445248 225.734784 15
0 504.833248 348.686080 535.513632 270.668800 21
0 509.359552 298.636032 533.251648 242.306048 25
0 542.379840 375.298272 563.058880 316.137248 26
0 595.980864 456.441280 615.189696 346.752320 27
0 571.560704 357.638240 592.818176 299.901600 30
0 463.785472 286.440000 488.071168 215.483840 43
0 323.937824 253.906240 365.888736 160.442560 48
0 572.966368 393.085952 594.137632 330.563328 24
0 339.961824 153.510080 375.024416 76.089920 18
0 364.479616 222.696064 403.739264 159.584896 47
0 461.306464 422.063680 504.744096 331.409600 3
0 573.998240 452.375680 604.108640 382.945920 35
0 555.052352 398.696128 578.328768 352.295232 64
0 591.971712 369.252960 606.835328 308.642720 65
0 297.849216 392.706240 347.538304 285.677120 1
0 467.884064 323.887680 491.240416 255.426240 22
0 481.732416 354.919328 506.491584 292.438112 17
0 353.672320 124.984960 376.400000 51.143040 74
