0 311.715552 407.302400 352.148768 287.714560 1
0 288.449152 320.550720 310.186368 181.437120 2
0 353.619008 371.237760 393.607872 246.298240 3
0 395.941216 391.950080 424.039584 283.695360 4
0 338.318848 172.307520 358.218752 106.557120 6
0 405.283904 358.105920 438.646976 256.253120 7
0 529.281568 427.441920 545.629152 320.061440 8
0 579.556256 281.169600 595.688544 212.572480 9
0 519.415520 304.713920 541.179680 219.467840 10
0 548.459200 323.734400 574.113600 257.473920 11
0 352.314912 134.590720 376.532448 62.887680 12
0 373.034560 267.639040 408.350400 189.557760 13
0 405.398144 292.571200 441.026176 218.468800 15
0 480.620192 373.452800 504.551008 285.463040 17
0 327.018560 144.758080 357.192640 79.157440 18
0 505.013568 342.298240 536.484032 273.115520 21
0 505.745056 300.274944 532.597344 243.841536 25
0 542.928544 381.191680 565.232736 314.615040 26
0 591.068640 371.179872 606.164000 309.246368 27
0 567.587136 359.945344 591.033024 307.510656 30
0 466.714688 320.980160 493.374912 250.729280 22
0 533.533888 500.731200 575.353152 412.509120 28
0 592.659680 450.389440 605.799200 358.288960 35
0 410.106336 222.883520 427.159584 141.611840 43
0 606.745120 453.196160 630.355680 374.544000 41
0 324.447360 258.229760 364.717440 160.888320 48
0 584.624576 306.225120 605.496384 242.233120 40
0 363.383488 222.510720 404.067392 158.032000 47
0 572.424032 385.817408 592.228768 328.240832 24
0 367.918048 207.252352 404.951072 159.064448 5
0 557.711616 409.706656 579.032064 353.696864 55
0 347.984960 148.738240 366.439360 79.526720 56
