0 315.101984 406.297280 351.986656 287.321920 1
0 288.825440 318.551360 310.409120 181.298880 2
0 395.844320 386.669760 424.355360 284.217920 4
0 335.609024 174.372800 358.790976 105.564480 6
0 405.868032 349.082560 437.954048 256.208960 7
0 579.768736 283.706560 596.775264 213.793600 9
0 520.011584 306.815040 541.191616 219.436480 10
0 548.333152 320.617920 574.665888 257.847360 11
0 355.385088 134.489920 376.495872 55.926720 12
0 379.280160 271.721920 410.738400 189.344320 13
0 404.967040 287.075328 438.587520 223.900672 15
0 481.232992 373.407040 504.347808 284.160960 17
0 505.720992 345.499200 536.004448 272.873920 21
0 505.829312 299.538688 533.071168 243.621632 25
0 543.180928 367.973792 565.924992 311.373408 26
0 594.809568 383.751680 606.741792 310.199040 27
0 569.367808 358.207392 591.602432 308.801888 30
0 465.872064 329.160640 491.432256 248.925760 22
0 412.689856 242.981120 435.146304 155.083520 43
0 324.714976 262.468160 365.576224 160.442560 48
0 573.528032 406.781760 592.758048 332.678080 24
0 585.120160 342.903680 597.430880 277.932160 40
0 335.199808 147.679680 372.487872 72.942400 18
0 363.313920 220.391072 403.170560 158.578528 47
0 415.098080 440.639360 454.435360 344.208000 3
