0 311.677856 408.293120 352.741984 288.843520 1
0 287.004256 317.784320 308.778144 177.239040 2
0 313.527488 203.750080 333.124672 111.195200 3
0 394.121024 390.210560 424.101056 286.190080 4
0 389.588864 217.965312 420.039296 166.915328 5
0 339.417216 173.855040 357.834624 106.901440 6
0 407.302400 365.807360 439.402240 258.077440 7
0 529.784128 432.311040 546.121152 315.567360 8
0 548.496160 287.353280 573.395680 232.311360 9
0 518.385024 308.452160 540.771456 219.893440 10
0 547.590592 321.660160 575.553088 255.838720 11
0 351.554912 139.743360 375.686048 61.571200 12
0 372.866784 270.748800 405.694496 191.364480 13
0 396.645920 284.780544 430.068960 222.230016 15
0 473.448064 373.968640 497.243776 285.071360 17
0 327.302592 148.077760 354.520128 77.852480 18
0 501.162240 345.649600 531.976960 272.630080 21
0 562.769696 386.342080 582.701024 309.236800 24
0 505.030272 300.010624 531.549568 244.616576 25
0 543.456096 384.326720 565.110944 315.967680 26
0 589.658464 366.929024 606.335136 306.777216 27
0 574.433632 384.710400 590.170528 307.825920 30
0 466.656864 316.702080 492.348576 247.434880 22
0 327.173088 262.550720 366.608672 161.331520 19
0 537.289248 502.373120 574.232032 401.318400 28
0 590.127168 474.792960 605.708992 351.411200 35
0 606.882464 450.989120 629.450336 371.083200 41
0 401.707904 206.260160 426.138496 123.979840 43
0 588.663232 287.568320 600.771648 217.622080 40
