0 313.221312 407.047040 352.232768 288.083840 1
0 287.237728 318.646080 310.006432 181.224640 2
0 331.704768 317.136320 377.563712 204.502080 3
0 395.897408 393.643840 424.164032 284.382400 4
0 339.506784 169.267008 358.580896 106.388672 6
0 406.793632 358.238400 438.495328 255.949120 7
0 530.151104 421.784320 546.590016 321.971200 8
0 580.199616 277.811200 594.630464 212.660480 9
0 519.206048 304.468160 541.142112 218.025280 10
0 549.214080 323.456960 574.409600 257.208640 11
0 351.115584 135.855680 376.550336 61.805760 12
0 373.007424 273.383040 407.093696 189.541760 13
0 403.744320 290.967360 439.784640 216.512960 15
0 480.684544 377.608000 505.231616 285.944000 17
0 327.448160 146.859200 354.821280 78.236480 18
0 505.461344 342.808640 536.346016 272.747200 21
0 564.768928 383.398400 584.256352 317.136640 24
0 507.213696 297.322304 532.577664 243.481536 25
0 543.139680 379.877760 565.163680 315.399040 26
0 591.515136 366.888640 606.438144 296.429120 27
0 573.799520 371.397024 590.816160 309.958496 30
0 467.327808 331.910080 493.445312 248.490560 22
0 534.521792 502.072640 574.631488 409.389760 28
0 590.256768 459.017920 605.483392 357.138240 35
0 409.312096 222.036480 428.170144 141.127680 43
0 606.313056 448.397760 630.283424 373.764160 41
0 324.182176 233.565440 361.760864 158.611200 48
0 565.713760 403.913920 587.539360 316.613440 46
0 590.918112 300.718080 603.862048 234.013440 40
0 364.977792 219.671648 406.836608 158.376352 47
0 346.575936 227.494944 364.069824 165.244896 19
