0 310.178816 406.461120 351.540224 289.414720 1
0 287.247232 326.594560 309.982848 183.915520 2
0 396.383552 397.727040 424.320448 283.399360 4
0 338.149504 171.551680 358.462336 106.626880 6
0 406.282016 357.915840 438.002144 256.715840 7
0 579.599520 285.490880 596.363360 213.442880 9
0 520.153216 304.314880 541.320064 219.902720 10
0 549.638048 325.600000 575.282272 257.760000 11
0 353.600480 118.415040 375.269920 50.145600 12
0 379.757088 265.922240 410.847712 190.374720 13
0 405.123680 279.379552 435.289760 226.480288 15
0 480.024480 377.813760 503.222880 282.647040 17
0 504.599264 347.072960 536.239136 273.211200 21
0 504.328192 297.581632 534.448128 242.890688 25
0 543.173440 371.702656 566.001600 311.987584 26
0 593.129280 422.767360 608.359360 316.884480 27
0 573.740864 354.103360 592.637376 299.584960 30
0 465.685504 333.121920 491.845376 248.984960 22
0 432.155072 290.174080 470.883648 196.403840 43
0 324.126880 258.060160 366.685280 159.697280 48
0 571.329216 404.505280 592.771904 328.609600 24
0 335.456128 142.931520 371.321472 73.607360 18
0 364.683008 220.371488 403.712512 158.742752 47
0 441.173472 407.386560 474.854688 316.092480 3
0 371.113824 207.323712 403.869856 158.902208 63
0 573.676864 465.611520 603.537856 377.697280 35
0 558.693344 402.921920 578.864416 353.542720 64
0 594.434240 363.756384 607.926080 308.892576 65
