0 303.814880 394.096640 349.600800 290.073600 1
0 286.997536 334.578240 310.000864 184.629440 2
0 396.585536 392.173760 423.745984 282.926400 4
0 338.499744 171.417088 358.365536 107.606272 6
0 404.643360 359.212480 437.759200 257.023040 7
0 579.514272 281.539520 596.035168 213.695040 9
0 520.246272 304.809600 541.733888 219.949440 10
0 551.873152 328.708160 575.179648 257.343680 11
0 379.145664 265.911040 410.592576 189.784320 13
0 406.117248 288.762496 440.546432 227.759744 15
0 480.710784 374.748480 503.182976 278.978240 17
0 504.538368 350.780160 536.074752 272.702720 21
0 505.693568 296.839936 533.763712 242.689024 25
0 543.090272 368.862144 566.664608 312.134976 26
0 595.509568 449.705600 613.280192 335.086720 27
0 571.752832 356.087776 592.587648 299.605024 30
0 466.896704 323.696640 490.202816 250.044160 22
0 456.678656 282.376640 480.271104 213.113920 43
0 324.075200 256.674880 368.050240 160.269760 48
0 572.681312 394.723520 593.782688 330.007360 24
0 338.307136 146.190400 373.130944 73.862080 18
0 364.155264 222.782112 403.398016 159.052128 47
0 443.954880 405.102080 478.923840 320.213760 3
0 368.829344 207.471456 403.499616 158.828704 63
0 575.070304 453.043200 603.745696 379.156480 35
0 557.346784 397.609824 579.203616 353.276576 64
0 25.298176 215.254080 39.595392 118.379200 67
0 593.502304 362.734496 606.159776 309.993824 65
0 612.836320 451.023680 630.610720 373.054400 66
