0 313.377600 405.619520 352.207040 287.446720 1
0 288.496448 316.807040 310.524352 183.130240 2
0 312.083072 203.083840 329.103488 91.829440 3
0 396.309536 393.973760 428.569824 293.495040 4
0 396.592512 215.019744 425.193088 164.600096 5
0 339.329344 175.405440 358.309056 106.487680 6
0 402.333568 356.049920 438.643072 258.663680 7
0 524.801152 431.206400 545.568128 316.851200 8
0 541.003744 328.453600 559.217696 275.926560 9
0 517.825344 299.366080 539.816896 217.643840 10
0 555.754208 314.432768 573.994272 257.057792 11
0 354.468416 139.729920 379.003584 63.252480 12
0 373.211808 269.861120 405.692512 190.908160 13
0 390.513088 195.848896 413.975872 135.985984 14
0 393.001472 282.906880 424.789248 218.490880 15
0 460.619104 368.500160 493.926816 282.082880 17
0 326.968480 149.733760 355.344480 77.563520 18
0 499.785472 336.999360 533.525248 273.976640 21
0 550.379104 429.116384 580.906656 380.803616 23
0 560.212544 355.956192 574.145216 293.688608 24
0 502.946304 290.865984 528.984576 236.758976 25
0 542.939264 370.632160 567.261056 316.991520 26
0 592.782336 391.118080 606.394624 315.581440 27
0 573.911904 392.241920 590.516896 310.716160 30
0 467.270944 302.789024 490.761696 248.693856 22
0 576.856192 489.963200 595.218048 407.672640 16
0 325.147616 260.572480 363.918624 159.541440 19
0 556.666688 393.722304 576.825792 353.041216 38
0 540.281888 495.548480 578.191072 405.661120 28
0 24.260384 214.780800 39.134816 122.343040 39
