0 287.332768 333.745600 309.966432 183.804480 2
0 384.207968 393.196480 424.789152 282.534720 4
0 338.974368 172.717120 357.701472 108.322240 6
0 404.742400 358.171840 437.832960 256.116800 7
0 579.787840 284.785600 596.496320 213.554240 9
0 519.704736 305.051520 541.917024 218.759040 10
0 550.743200 326.207040 575.211360 257.013440 11
0 378.756768 263.499840 410.900832 189.973440 13
0 406.800192 288.229728 439.368128 225.809312 15
0 504.923616 349.041600 535.781664 270.786880 21
0 509.500736 298.451616 533.206464 242.256224 25
0 542.339360 374.446624 562.904800 316.005856 26
0 596.067456 457.565440 615.295104 346.661120 27
0 571.500864 357.780640 592.851136 299.903840 30
0 463.760544 286.592000 487.861856 215.475200 43
0 323.885024 254.108800 366.010656 160.548480 48
0 572.964288 392.319104 594.153792 330.582656 24
0 339.878304 153.809600 375.191136 76.070720 18
0 364.496000 222.771584 403.725440 159.591296 47
0 461.089440 421.794560 504.372320 331.344640 3
0 574.119424 452.467520 604.132096 382.060480 35
0 555.411616 398.740448 578.397024 352.236832 64
0 591.942336 369.573568 606.818624 308.680512 65
0 297.487424 392.724160 347.539136 285.728320 1
0 467.812448 323.755200 491.227552 255.392320 22
0 481.751776 355.522688 506.687264 292.423552 17
0 353.336960 121.363840 376.296320 52.170880 74
