0 312.096896 406.257600 352.322944 288.333120 1
0 285.269248 316.719680 307.512832 181.016000 2
0 309.326912 181.926400 326.205888 83.829760 3
0 392.925056 392.149760 428.998784 292.382720 4
0 406.894112 236.591680 433.978848 159.925440 5
0 340.009248 167.402240 358.456032 106.055680 6
0 406.643520 361.518080 442.317760 263.663360 7
0 525.749056 428.803200 545.028544 315.222400 8
0 542.734880 357.924480 559.501280 284.554880 9
0 513.948640 279.979520 533.724960 211.349760 10
0 554.928672 305.832896 574.147808 255.891264 11
0 364.262528 168.053440 385.889152 85.858880 12
0 374.080960 267.519040 403.630400 190.358720 13
0 392.595712 204.168640 415.812608 133.414720 14
0 389.556384 291.195520 420.647776 220.758400 15
0 589.746496 447.503680 604.050624 343.980480 16
0 459.967040 371.131200 493.917120 281.983680 17
0 328.678976 138.004064 354.231744 77.428896 18
0 328.744672 255.076800 367.850528 157.684800 19
0 610.339776 444.918400 630.858304 373.796480 20
0 500.073600 348.517760 534.961280 274.537600 21
0 467.271296 323.690240 498.521984 248.956160 22
0 547.711712 439.564320 582.023968 383.958240 23
0 559.632960 335.974080 582.500800 286.662720 24
0 503.828032 289.842528 530.551488 235.096992 25
0 544.003968 405.297312 579.802752 349.979488 26
0 594.638656 391.329600 608.159424 322.970560 27
0 540.778976 505.303040 578.788384 403.978240 28
0 557.350624 383.776320 583.880736 318.084800 29
0 572.404416 403.032000 590.293824 313.695040 30
0 589.021088 291.171200 601.862752 222.513280 31
