0 307.493216 407.346240 350.769824 289.549760 1
0 287.358048 326.856320 310.040992 183.843200 2
0 396.275936 397.792320 424.227104 282.860480 4
0 338.377216 172.051840 358.335744 107.045760 6
0 406.577248 357.120320 437.938592 255.933120 7
0 579.556480 285.079680 596.327040 213.456000 9
0 520.100544 305.519680 541.375296 220.135360 10
0 550.461664 327.281600 575.376416 257.807680 11
0 379.584480 266.385280 410.715680 190.247040 13
0 405.177984 289.372480 439.490176 225.090240 15
0 479.456032 379.284480 503.409888 280.840960 17
0 504.816544 347.898560 535.806816 272.740160 21
0 504.693216 298.799968 535.206944 243.267232 25
0 542.948608 370.430976 566.129152 312.091904 26
0 593.507264 434.758080 610.522176 317.404480 27
0 571.913856 355.429408 592.514944 298.993632 30
0 466.022464 329.142400 492.592576 249.723520 22
0 439.327232 290.156160 472.182528 200.716160 43
0 324.131776 258.052480 367.596864 159.523200 48
0 571.621600 402.296000 593.012000 329.723200 24
0 337.213696 148.292160 372.505344 73.492160 18
0 364.611744 221.522368 403.753056 158.759232 47
0 442.619296 408.528000 476.656224 319.378560 3
0 370.605088 206.399200 403.930592 158.819360 63
0 574.138816 458.386240 603.407424 379.323840 35
0 557.620288 402.377280 579.020992 353.800640 64
0 24.888320 212.016960 40.737024 116.902080 67
