0 315.161120 405.296960 351.903200 287.622080 1
0 288.482272 319.126400 310.671648 183.667840 2
0 309.271968 193.009280 326.056032 89.106560 3
0 395.764832 395.066240 428.675488 292.592000 4
0 408.651936 227.180800 432.914784 160.712960 5
0 339.538144 172.581440 358.351136 106.412480 6
0 403.031424 353.628160 438.557056 257.945600 7
0 525.707136 433.621440 545.197184 314.477120 8
0 542.266336 341.420992 560.501024 283.928128 9
0 513.640480 290.478080 536.146400 213.849600 10
0 555.642976 307.836320 574.128544 255.889760 11
0 354.937024 145.826560 379.570496 70.108160 12
0 373.395360 270.299200 404.739680 191.032000 13
0 390.922624 202.907520 414.897536 134.592640 14
0 392.933280 283.766912 424.300640 219.909248 15
0 583.889344 454.674560 602.677056 378.161280 16
0 461.352256 368.405440 494.759104 282.340160 17
0 326.503200 144.094400 353.900000 77.503040 18
0 324.402336 257.122560 366.475104 160.213760 19
0 499.790688 343.664320 534.330272 274.465600 21
0 548.741984 440.043424 581.720736 381.091936 23
0 559.843680 333.932352 576.289440 288.248768 24
0 502.771200 291.184640 530.023680 238.215680 25
0 546.190016 397.188800 572.243264 319.877440 26
0 593.199424 385.881600 606.611136 318.147840 27
0 570.691712 408.198720 591.257728 309.040320 30
0 466.788832 307.360512 491.813408 248.845568 22
0 603.277984 449.818560 618.470496 379.192640 34
0 584.715808 345.944672 598.192352 290.877088 35
0 554.922880 366.939168 571.512960 321.437152 36
