0 311.161248 406.756480 352.197472 287.512960 1
0 288.455168 315.422720 310.181632 180.570880 2
0 369.758112 406.440960 412.583008 282.863360 3
0 396.419456 385.939200 424.109184 284.568320 4
0 337.997152 171.662400 357.961888 106.292160 6
0 406.288864 355.087040 438.628896 257.111360 7
0 529.209472 425.309120 545.109888 319.894080 8
0 579.890432 274.260032 595.816448 212.325568 9
0 519.322336 304.791040 541.032224 219.453440 10
0 547.111648 322.607360 574.222112 257.176320 11
0 352.176832 134.412480 376.495168 60.979520 12
0 373.092800 274.345280 408.330560 190.347200 13
0 405.133920 294.199040 441.065120 216.567040 15
0 480.717568 374.728640 503.907072 282.213440 17
0 327.091488 143.352000 353.117152 78.960960 18
0 505.680480 342.968000 536.111520 273.353280 21
0 506.566688 299.466112 532.952032 243.485568 25
0 542.493600 375.851424 565.012320 312.111456 26
0 590.945888 374.901120 606.224032 309.749120 27
0 567.654528 358.180512 590.572672 308.074848 30
0 467.337184 329.483520 494.786336 248.670720 22
0 532.119264 504.546880 573.466656 417.113280 28
0 587.180320 471.717440 605.262560 367.259840 35
0 410.098976 223.488640 427.215584 140.855680 43
0 606.359360 450.619200 630.207680 374.347200 41
0 324.496288 264.074240 364.499552 160.427520 48
0 363.597952 220.498400 404.284288 157.654560 47
0 573.307808 391.307200 592.532832 331.627840 24
0 348.382976 151.764800 366.923264 79.410880 56
0 541.271904 442.733376 576.180896 387.833024 58
