0 311.512544 407.503040 352.560416 287.768640 1
0 287.238720 318.312320 309.014720 178.375040 2
0 308.839168 262.841600 336.722432 155.642880 3
0 394.285536 392.187520 423.784224 286.400640 4
0 380.735104 214.130368 412.629376 163.369792 5
0 339.267648 170.124320 358.351552 106.848480 6
0 405.810272 358.715520 438.548128 255.155840 7
0 529.747904 430.106240 546.240576 319.717760 8
0 571.122304 287.103776 588.007296 228.628704 9
0 518.883616 301.433920 540.818144 219.257280 10
0 550.764640 323.285440 574.521760 256.352320 11
0 351.106656 136.563840 376.492704 60.453760 12
0 372.977056 273.295680 406.153824 189.577920 13
0 402.437408 281.664672 435.163872 220.684128 15
0 480.960800 376.162560 504.489440 282.494720 17
0 327.177920 146.784000 352.585280 77.978880 18
0 505.458048 344.523840 536.661632 277.909440 21
0 564.652064 394.361280 583.306976 311.794240 24
0 505.087968 297.554336 532.783392 243.395424 25
0 543.812032 383.158080 565.873728 316.736960 26
0 591.685024 364.653760 606.329696 301.023040 27
0 573.899584 376.885120 590.088896 306.163840 30
0 467.480256 326.821760 492.048704 249.343360 22
0 326.995872 253.101760 365.982048 160.345920 19
0 537.622112 500.114560 575.008928 403.639680 28
0 589.874784 480.716800 605.258656 354.867200 35
0 408.568032 224.829440 429.689888 137.893120 43
0 590.277920 289.010880 600.910560 216.285760 40
