0 311.657376 405.632320 352.392544 288.332480 1
0 287.660864 310.548480 309.136576 180.119040 2
0 306.913824 269.370240 343.669216 167.217280 3
0 394.878048 391.917120 423.638432 285.590720 4
0 380.127616 212.825280 411.464064 163.123520 5
0 339.182080 168.880864 358.362880 106.763296 6
0 407.768448 356.785920 438.204032 255.200000 7
0 529.577216 420.682240 546.354944 320.613120 8
0 573.323456 288.072512 589.584704 227.662528 9
0 518.817984 298.988160 540.597056 218.702720 10
0 551.679456 321.638080 574.287904 256.690240 11
0 352.634368 134.359680 376.756992 60.854400 12
0 373.371456 272.951680 406.672064 189.820800 13
0 402.352864 286.166848 435.957536 222.808512 15
0 481.234336 377.736640 504.969824 283.237440 17
0 327.167968 147.264320 354.087712 78.182080 18
0 505.720064 342.297920 536.262656 275.175360 21
0 565.359584 415.110720 584.382496 313.292480 24
0 505.075904 294.394176 534.226496 241.918144 25
0 543.892480 380.950400 566.178560 316.535680 26
0 592.244000 364.330848 606.341600 300.995232 27
0 573.793344 377.402240 589.936576 306.700160 30
0 467.297280 330.742080 492.478720 251.482560 22
0 327.754816 243.151680 365.929664 163.090880 19
0 536.993696 499.604480 575.432544 403.484160 28
0 590.519776 459.016960 605.363744 355.338240 35
0 408.847840 222.806400 428.173600 139.292800 43
0 590.340608 287.883200 601.041152 212.965440 40
0 606.126560 449.949440 629.851680 372.972800 41
0 349.115968 147.322880 363.960512 81.415680 44
