0 315.261760 406.040320 351.995840 287.274240 1
0 288.782144 312.942080 310.435776 180.945920 2
0 395.847744 386.581120 424.223936 284.588160 4
0 335.946720 174.252160 358.940960 105.692800 6
0 405.859424 348.486720 438.365856 256.783040 7
0 580.235104 281.671680 596.823456 213.440000 9
0 520.006336 303.692160 541.178944 219.861120 10
0 548.087296 322.060480 574.834944 257.952320 11
0 355.223808 132.840640 376.507392 56.086080 12
0 379.346208 271.844480 410.741472 188.844160 13
0 404.885568 289.193280 439.124672 221.520320 15
0 481.021984 373.211840 504.522976 283.856960 17
0 505.622784 346.042240 536.102656 272.848000 21
0 507.047776 298.274176 532.985504 243.526784 25
0 543.059552 368.921568 565.775008 311.192352 26
0 593.249568 382.741760 606.672352 309.890560 27
0 569.371424 360.886432 591.070176 308.794208 30
0 465.865600 329.728640 492.508800 248.688000 22
0 578.112256 464.794880 603.625984 378.375680 35
0 409.416512 230.781760 426.414528 142.088640 43
0 324.662720 263.104000 365.921600 160.486400 48
0 572.138592 405.683200 592.765088 329.704960 24
0 581.955776 333.416000 595.567424 267.725760 40
0 334.769440 146.941120 372.614880 72.525120 18
0 363.323232 221.442784 403.330208 158.312736 47
0 413.405248 440.965760 452.571072 346.042240 3
0 529.010176 420.244160 545.256704 322.056000 8
