0 313.207680 405.899200 352.164480 287.700800 1
0 288.574112 318.695360 310.495328 183.082560 2
0 312.633728 199.575360 330.283392 93.008320 3
0 396.080352 393.429440 428.575008 293.586240 4
0 394.027808 215.276544 423.896032 165.915136 5
0 339.610016 176.168320 358.372704 107.024000 6
0 403.073120 355.230720 438.724000 259.036160 7
0 525.394720 427.912640 545.466080 316.324160 8
0 541.018912 329.022752 558.876128 274.932448 9
0 518.005792 297.124160 539.948768 217.965760 10
0 555.699552 315.091712 574.080928 257.097728 11
0 354.404416 140.049920 379.063744 63.439360 12
0 373.288736 269.383360 405.677024 191.544640 13
0 390.552288 189.780672 413.991712 137.023808 14
0 392.997696 283.565760 423.207104 218.510400 15
0 460.756288 369.421120 493.934272 282.087360 17
0 327.098720 151.247680 355.279520 77.506240 18
0 499.941216 335.881216 533.346464 273.819904 21
0 551.035232 424.944800 579.876768 380.313440 23
0 560.590048 361.868160 575.576352 295.646080 24
0 502.759840 290.652032 528.785760 236.623488 25
0 542.794976 372.775296 566.581024 316.795264 26
0 593.708224 388.674880 606.549056 315.414720 27
0 574.937792 388.895680 590.648128 311.887680 30
0 467.359712 303.294976 491.407648 248.875264 22
0 575.918880 487.278080 593.411040 412.102400 16
0 324.936032 263.314880 364.006048 159.803200 19
0 24.159136 214.563840 38.903520 122.266880 39
0 585.777792 374.295360 597.249408 290.416320 35
0 558.659072 392.529952 576.876288 351.493088 38
0 549.670912 494.753920 578.190848 406.107520 28
0 598.867936 452.018240 615.960864 375.934400 34
