0 313.439072 406.465600 352.392608 288.237760 1
0 288.923072 318.013760 311.550528 181.602240 2
0 312.183328 204.391680 332.740832 103.100160 3
0 397.451008 395.366080 427.784192 291.602240 4
0 395.088736 217.019456 424.090784 167.452864 5
0 339.675456 175.429440 358.337984 107.017920 6
0 404.164576 358.135360 439.250464 259.934400 7
0 527.778496 430.865600 546.197824 322.699840 8
0 540.313408 319.261760 555.448512 247.261120 9
0 517.633280 305.409600 539.068160 220.123840 10
0 552.268960 319.805248 574.109280 257.433792 11
0 354.291520 137.366720 378.366400 64.206400 12
0 372.633856 270.430400 404.295424 190.262080 13
0 383.607136 194.018976 411.338144 146.618464 14
0 392.836000 284.921280 421.946720 218.263360 15
0 462.189024 369.299840 497.040416 283.408000 17
0 327.238176 150.968000 355.705824 77.752640 18
0 499.566048 345.908800 532.504352 273.234880 21
0 560.567072 366.848640 576.423648 297.269120 24
0 503.722528 289.111456 528.547552 238.030944 25
0 541.500032 381.223040 564.588928 315.594880 26
0 592.328480 386.665920 606.177760 307.986240 27
0 574.617728 391.001280 590.024832 311.636800 30
0 466.273056 304.693792 497.289184 248.901088 22
0 325.067904 267.594240 364.708736 160.080640 19
0 538.092928 498.608640 575.440512 399.822080 28
0 589.434784 289.226880 600.651616 216.659840 40
0 545.106432 423.104288 576.926208 376.542432 23
0 25.135136 214.704640 41.942624 116.732160 39
0 589.778272 422.974080 604.962208 313.746560 35
