0 314.891136 405.466880 352.175744 288.117760 1
0 288.409952 319.783680 310.718368 183.491840 2
0 309.832960 195.932160 327.334400 84.602880 3
0 396.411168 396.324160 428.297952 293.082560 4
0 408.135776 228.706560 433.002144 160.200960 5
0 339.430720 173.460480 358.457280 106.292480 6
0 405.629728 355.129280 438.472672 258.838080 7
0 525.943392 431.129600 544.887968 313.107200 8
0 542.970272 349.921280 560.495968 283.607040 9
0 513.340128 287.538240 535.080992 212.413120 10
0 555.631360 305.805920 574.050560 255.659680 11
0 355.636608 146.920320 379.217792 71.171200 12
0 373.217152 270.392000 403.681408 191.151680 13
0 390.719168 203.430720 414.600512 135.193280 14
0 392.793632 286.172480 424.281568 219.270080 15
0 586.931776 453.248640 605.554624 366.783360 16
0 460.953216 367.111680 495.473024 281.672960 17
0 326.053664 145.562560 352.922336 76.191040 18
0 328.344256 255.878400 366.339904 164.110080 19
0 617.235072 455.310400 631.216768 383.832000 20
0 499.640928 343.677760 535.004832 274.811840 21
0 549.122016 439.662656 581.444384 382.217664 23
0 559.942400 337.622560 576.003840 288.864480 24
0 501.812928 291.910944 530.175552 237.896416 25
0 543.976288 404.008160 578.047392 342.519840 26
0 593.062976 377.772000 606.611904 318.487840 27
0 541.927520 502.458560 578.679200 404.592960 28
0 567.972896 401.207040 590.927584 307.361280 30
0 466.737504 309.654400 497.482656 249.139840 22
0 559.720384 395.104320 590.168896 306.388160 29
