0 313.078400 405.728000 352.309120 287.571200 1
0 288.750784 312.721600 310.401856 179.804480 2
0 312.503424 207.592960 333.836416 104.075520 3
0 395.387872 395.181120 425.462048 290.285760 4
0 394.694688 217.035648 424.296672 166.534272 5
0 339.439232 175.525440 358.339968 107.152320 6
0 404.003392 360.138240 439.264448 259.976960 7
0 527.469280 431.586560 546.286880 321.687040 8
0 539.631040 313.592000 559.024960 239.837760 9
0 517.726848 308.847360 539.286912 218.727680 10
0 550.124384 319.382560 574.108576 257.632480 11
0 354.086368 137.500160 377.177632 64.760320 12
0 372.557792 268.525440 404.258848 191.562880 13
0 393.175680 284.834240 420.188800 218.210880 15
0 463.591616 362.950400 496.876864 282.543360 17
0 327.443200 151.281280 355.928320 77.840000 18
0 499.625952 343.531520 532.786208 273.169920 21
0 561.199424 383.194880 580.200896 302.304000 24
0 503.895136 289.576096 528.488864 238.701664 25
0 542.108064 379.037088 565.138016 315.362912 26
0 590.426048 363.350720 606.294592 307.681600 27
0 574.235360 384.525120 589.899040 307.472320 30
0 466.142976 302.027680 489.242624 248.364640 22
0 325.602400 267.355840 364.837280 159.714880 19
0 538.476896 500.543360 575.535264 398.421120 28
0 547.753248 428.587392 578.302432 377.240448 23
0 589.384896 441.792320 603.610944 332.486080 35
0 396.935808 173.247264 413.955712 136.800736 14
0 589.695456 290.539840 600.831264 219.468480 40
