0 299.925728 392.358080 348.256032 286.934080 1
0 286.971712 334.603200 309.994688 184.520000 2
0 396.551872 391.792960 423.764288 282.823360 4
0 338.603712 171.662528 358.453568 107.757632 6
0 404.968512 359.090240 437.792448 257.092800 7
0 579.516960 281.569600 596.055520 213.492160 9
0 520.067520 304.888320 541.647680 220.033280 10
0 551.798048 328.216960 575.249632 256.894080 11
0 379.109760 265.144960 410.449280 189.980800 13
0 407.060672 292.752320 441.286208 227.164480 15
0 479.943488 374.372800 503.054272 279.324480 17
0 505.080384 353.162240 536.249536 273.180160 21
0 505.635360 296.346528 533.836000 242.698592 25
0 543.105152 367.216576 566.804608 312.215104 26
0 595.998496 445.611200 613.133024 336.255040 27
0 571.665088 355.449152 592.588352 299.323328 30
0 466.206176 326.263680 489.481504 251.713920 22
0 460.069984 281.449920 483.142816 212.520000 43
0 324.060096 255.857280 367.957824 160.169600 48
0 573.031328 390.408256 594.035552 330.687424 24
0 338.486560 147.473920 373.102560 73.669120 18
0 364.065216 223.481600 403.407424 159.115520 47
0 443.741888 406.110080 478.787392 323.267200 3
0 575.379168 449.995200 603.672352 379.178560 35
0 556.086816 397.341344 579.023584 352.905056 64
0 593.584864 364.146176 606.161696 309.583104 65
0 524.264896 502.104000 564.526144 409.032000 69
0 612.846784 450.884480 630.214976 372.841600 66
