0 314.597792 406.246080 352.137568 286.534720 1
0 288.825856 313.531840 310.503424 180.996160 2
0 395.220448 387.660480 424.213792 284.792640 4
0 336.233568 173.762560 359.066272 105.692160 6
0 405.561024 346.323520 438.431296 257.201600 7
0 580.361344 277.109024 596.767616 213.998816 9
0 519.900800 304.691200 541.144960 219.828480 10
0 548.051232 322.188480 574.711008 257.816640 11
0 354.728352 132.664320 376.558688 55.202560 12
0 379.011264 273.358080 411.354176 188.904960 13
0 405.272544 291.079680 439.377696 216.276480 15
0 480.562880 373.519680 504.466240 283.102400 17
0 505.817088 343.983360 535.827712 273.070080 21
0 507.841216 299.257664 533.066304 243.766976 25
0 542.310272 368.443776 564.824448 310.821504 26
0 592.419840 383.514880 606.636800 310.356480 27
0 568.092384 358.642048 590.449696 309.023872 30
0 465.900768 329.233600 493.950752 248.422720 22
0 576.142816 474.385920 603.512864 378.123520 35
0 408.620576 228.806400 424.824544 140.040960 43
0 324.738784 264.000320 365.423136 160.487360 48
0 573.442752 403.443840 592.943168 331.486080 24
0 581.820032 323.413120 595.623808 258.800000 40
0 334.786848 148.528640 372.945632 72.768000 18
0 363.376224 221.918144 403.318176 158.102336 47
0 415.166080 440.918080 453.362560 346.365120 3
0 522.465536 500.264960 564.692224 406.652160 61
