0 314.147360 405.593600 352.209120 287.429120 1
0 288.549024 316.362880 310.565216 183.059840 2
0 311.727424 202.478080 328.598976 91.562240 3
0 396.426080 393.243840 428.564640 293.590080 4
0 402.414400 216.561792 427.409600 164.763008 5
0 339.340288 175.539840 358.301952 106.395520 6
0 402.429856 355.938880 438.615904 258.609600 7
0 524.980256 429.286720 545.724384 316.232640 8
0 539.248256 329.222336 559.377024 276.359744 9
0 517.528448 302.846400 539.588992 217.418560 10
0 555.701376 311.679808 573.903744 256.887232 11
0 354.572192 140.176320 379.247968 63.279680 12
0 373.262016 270.044480 405.975104 190.216640 13
0 390.584032 200.070080 414.219808 135.631680 14
0 393.134336 282.638944 423.865344 219.162016 15
0 460.634080 367.472960 494.060320 282.091200 17
0 327.146976 148.234560 355.724064 77.515200 18
0 499.686240 338.724160 533.514400 274.025920 21
0 550.292288 429.911008 581.118912 381.209632 23
0 559.991840 351.755520 573.289440 290.595840 24
0 503.004928 290.900064 528.881152 237.028256 25
0 543.122624 374.301824 567.712576 316.791936 26
0 592.023072 400.784960 605.976288 315.161280 27
0 572.778048 397.540800 590.626752 310.054720 30
0 467.290176 302.049024 490.748864 248.718336 22
0 577.522816 495.939840 596.703104 405.294080 16
0 325.666976 259.520000 364.429664 160.221440 19
0 556.038464 395.156192 576.965056 353.391648 38
0 598.327520 450.043200 617.300000 375.913920 34
0 541.074048 496.875520 578.541952 405.292800 28
