0 312.928320 405.109760 351.865280 287.815680 1
0 288.466656 319.652800 310.513184 183.718720 2
0 311.662432 201.560000 328.658848 91.135040 3
0 394.643936 395.176320 428.589344 293.312640 4
0 406.221792 223.413728 432.621088 162.096672 5
0 339.238720 172.752320 358.253760 105.819200 6
0 400.738624 355.103360 438.900416 258.119040 7
0 525.562208 435.395520 545.589152 314.900800 8
0 542.066816 329.687392 559.960704 280.518048 9
0 515.324192 297.732800 536.952288 214.738240 10
0 555.407520 308.844192 574.229600 255.912288 11
0 353.963968 142.922880 379.825472 66.975360 12
0 373.484032 270.054720 404.556288 190.029760 13
0 390.906240 200.824960 414.547840 135.405440 14
0 393.022048 285.229760 424.145312 219.063360 15
0 460.559232 365.790080 494.059648 282.241920 17
0 327.296800 146.889600 353.843680 76.727680 18
0 499.849024 345.409280 533.061056 274.035200 21
0 548.785600 431.808256 581.417280 381.529344 23
0 559.590528 341.028928 574.868352 286.821312 24
0 503.375584 289.886560 529.657376 238.180000 25
0 543.638976 390.362560 569.178944 316.274240 26
0 592.702592 399.137600 606.214528 317.051840 27
0 569.770080 400.358720 591.055520 308.895680 30
0 467.291712 306.419648 492.196288 248.560192 22
0 585.251744 346.617888 597.976416 293.813472 35
0 578.857792 499.583040 599.866048 395.837120 16
0 325.141504 254.526400 365.674496 158.058560 19
0 600.090816 448.592320 618.734144 376.993600 34
