0 315.105024 406.392000 351.931136 287.366720 1
0 288.855168 317.948800 310.431872 181.370240 2
0 395.881632 386.207360 424.328288 284.188800 4
0 335.689792 174.513600 358.803648 105.629760 6
0 405.989536 348.379520 437.968224 256.406400 7
0 579.656320 284.349760 596.836480 213.976000 9
0 519.939936 306.488000 541.185184 219.301440 10
0 548.182112 320.412960 574.610848 257.701600 11
0 355.359616 135.105600 376.504704 56.176320 12
0 379.192736 271.316800 410.647904 189.186240 13
0 404.908704 287.706144 438.730336 224.117216 15
0 481.403904 373.172480 504.123136 283.390720 17
0 506.020544 345.497600 536.122176 272.870400 21
0 506.251744 299.600064 533.170976 243.631936 25
0 543.259520 368.216928 565.989760 311.480992 26
0 595.779904 383.552960 606.694336 310.136640 27
0 569.746336 359.724832 592.080224 309.025248 30
0 465.890560 329.610560 490.494720 249.140160 22
0 412.455456 244.560320 436.736224 159.138880 43
0 324.641472 262.176000 365.323328 160.518400 48
0 573.152288 404.825280 592.664032 333.468480 24
0 585.333664 341.321440 597.756256 281.474080 40
0 335.409792 146.835520 372.390528 72.758720 18
0 363.324864 220.144352 403.093056 158.598688 47
0 416.230336 441.654080 455.639104 344.118720 3
0 524.244896 500.685760 565.445984 409.029440 61
0 578.049568 463.801600 603.444192 378.315520 35
