0 311.142720 405.496320 352.006080 288.275200 1
0 287.268576 312.652480 309.279264 180.089920 2
0 309.641248 279.000000 354.104032 176.351040 3
0 395.390848 392.041280 423.971712 285.453760 4
0 376.020352 210.405440 409.341568 160.122560 5
0 339.438656 168.657728 358.572224 107.145152 6
0 408.002624 357.386560 438.246336 255.060160 7
0 529.245792 428.986880 547.014048 321.658880 8
0 579.728064 287.225920 592.894016 220.662720 9
0 518.992224 303.577920 540.416416 218.425280 10
0 551.821984 325.805760 574.227296 256.646720 11
0 352.418528 135.182080 376.632352 59.860480 12
0 372.739072 270.880640 405.375488 189.233280 13
0 401.313344 285.967168 436.127936 223.131072 15
0 481.025440 376.574080 505.640800 283.233920 17
0 327.107584 145.734080 355.101696 77.578560 18
0 505.657984 342.404800 535.958656 273.629760 21
0 565.090400 415.039040 584.824480 316.192960 24
0 505.998336 295.850240 532.373504 244.314880 25
0 542.883648 374.552736 565.540032 314.668384 26
0 591.357472 365.165120 606.279648 295.584960 27
0 573.378848 373.674240 590.151392 307.937280 30
0 466.979872 329.166080 491.407328 250.470400 22
0 330.544640 244.822720 367.543040 162.800960 19
0 533.188832 500.108800 575.150368 404.729600 28
0 591.004640 455.250560 605.492000 356.398720 35
0 408.905376 222.999680 428.581984 140.187520 43
0 606.287424 449.248640 629.804736 373.200000 41
0 548.356000 406.428544 576.715360 355.903616 45
