0 297.724256 393.507520 347.352224 286.774080 1
0 286.885216 334.332160 309.991584 184.704000 2
0 396.576960 392.760640 423.730240 282.676160 4
0 338.635456 171.823040 358.537024 107.643200 6
0 405.415392 359.202240 437.779488 257.345600 7
0 579.341408 283.345280 596.158112 214.209920 9
0 519.756064 302.015680 541.691616 220.008000 10
0 551.015616 328.778240 575.289664 257.698560 11
0 379.075808 265.069120 410.356512 189.959360 13
0 406.880992 291.188800 440.733728 227.285440 15
0 504.169248 348.719680 536.015072 272.925120 21
0 506.779360 297.346336 533.142560 243.445984 25
0 543.011872 370.626112 566.384608 314.529728 26
0 596.503264 454.976000 612.839456 336.280320 27
0 571.532320 356.139680 592.684000 299.039840 30
0 466.354944 322.603840 490.008576 251.240640 22
0 462.347744 278.702400 483.766816 214.447040 43
0 324.138016 254.130880 366.455264 160.340800 48
0 573.295008 389.315808 594.181472 331.066912 24
0 337.765056 147.902400 373.504064 74.102080 18
0 364.027296 224.219520 403.184224 159.169920 47
0 444.554656 411.266560 481.319264 324.467200 3
0 575.228736 451.163840 604.163264 378.726720 35
0 554.167904 397.335328 578.989216 352.742112 64
0 593.534112 364.437120 606.360928 310.753920 65
0 440.440320 346.281280 467.682560 272.696000 70
0 521.399712 422.345280 542.815328 317.149120 68
0 612.465632 448.780800 630.075168 372.768000 66
0 368.902144 208.751648 403.467776 158.946272 63
0 602.014144 453.316800 613.207616 337.584960 71
0 524.187456 502.502720 564.339904 407.581120 69
0 25.586848 218.416320 41.061600 118.260800 67
