0 287.241184 332.832320 309.996576 183.714240 2
0 392.460608 395.008960 424.629952 280.420160 4
0 338.937888 171.457152 357.999072 107.685248 6
0 405.280256 357.269120 437.735424 256.679040 7
0 579.577536 285.157760 596.414784 213.816960 9
0 519.725920 305.642240 543.204000 219.063040 10
0 550.988864 327.906240 575.153856 257.430080 11
0 378.702944 264.298880 410.717856 189.554560 13
0 408.144672 297.440320 443.130848 226.898880 15
0 504.481920 354.904640 537.052800 272.790720 21
0 509.597472 297.964064 532.778208 242.926816 25
0 542.757568 373.946464 562.336832 316.646816 26
0 595.491328 456.262400 615.756032 343.552000 27
0 571.536288 357.615712 592.745312 300.162208 30
0 463.766752 284.567360 487.384608 215.806400 43
0 323.961440 255.660800 369.668000 162.959360 48
0 573.152864 389.799232 594.053536 330.794688 24
0 338.724480 153.649280 374.861440 75.139200 18
0 364.399232 222.567296 403.284608 159.627904 47
0 459.026752 418.381440 498.123968 327.888000 3
0 573.855488 449.836160 604.145152 379.256960 35
0 555.065792 399.753536 578.905408 351.927744 64
0 591.750880 365.673536 606.727200 309.409984 65
0 442.761824 362.256640 468.636576 273.984000 70
0 614.678528 446.060800 630.822912 371.946240 66
0 298.547552 392.926720 347.322528 285.313280 1
0 468.056064 323.764160 490.896896 253.865280 22
0 369.797504 209.460128 403.491456 159.472992 63
0 477.139904 290.077760 497.779776 219.125440 73
0 481.346496 359.064960 506.012224 289.354880 17
