0 312.677056 407.033920 352.177984 287.896000 1
0 287.360384 319.408320 310.060416 181.145920 2
0 341.698368 324.697600 377.877952 209.344000 3
0 396.024352 394.335040 423.928288 284.176320 4
0 339.072384 168.760224 358.413696 106.080096 6
0 406.987008 359.428160 438.301952 256.452800 7
0 529.523488 420.745280 546.192352 321.544640 8
0 580.390528 276.226688 595.036032 212.868992 9
0 519.457248 303.828480 541.166112 218.401280 10
0 549.913120 325.207680 574.578400 257.417600 11
0 351.879360 133.605440 376.585280 60.550080 12
0 373.506560 268.871040 407.045120 189.326720 13
0 403.797824 293.912320 440.399296 216.492800 15
0 480.681440 377.725440 505.657120 286.007040 17
0 327.250624 145.342080 355.845696 77.930880 18
0 505.525536 343.811840 536.518624 272.817920 21
0 565.611296 385.574720 586.437344 315.259840 24
0 507.318592 297.516832 532.801728 243.461088 25
0 543.102976 379.830720 565.612544 315.131200 26
0 591.538720 367.695360 606.371040 296.584960 27
0 572.615104 372.463776 590.433856 308.598624 30
0 467.385088 329.428160 493.160192 248.507200 22
0 533.880672 501.734720 574.747808 409.864640 28
0 590.531712 464.935040 605.726848 356.776320 35
0 410.012512 221.985600 428.482208 139.748800 43
0 606.418592 449.732800 630.483808 374.347840 41
0 324.417568 236.328000 363.503072 158.941120 48
0 587.784992 300.570880 605.853408 236.231680 40
0 363.548384 221.582080 404.196896 157.260800 47
