0 315.099808 406.353280 351.960672 287.383680 1
0 288.856960 318.268480 310.372480 181.333440 2
0 395.834848 386.492480 424.350752 284.233920 4
0 335.641248 174.657280 358.785632 105.598720 6
0 406.054880 349.007680 437.966880 256.352960 7
0 579.732768 283.924160 596.800992 213.892160 9
0 519.948736 306.643840 541.198144 219.296640 10
0 548.241760 320.405984 574.643360 257.730336 11
0 355.359488 134.756480 376.485632 56.050560 12
0 379.277312 271.890560 410.823168 189.308800 13
0 404.882528 287.086176 438.696352 223.839904 15
0 481.324192 372.982400 504.103008 283.512960 17
0 505.924800 345.511040 536.119360 272.854400 21
0 506.134464 299.625056 533.111616 243.636384 25
0 543.232736 368.096096 565.969184 311.408544 26
0 595.628928 383.299840 606.733952 310.167040 27
0 569.537888 358.791776 591.845792 308.979104 30
0 465.863648 329.290560 490.905632 248.768960 22
0 412.524128 242.910400 435.808672 157.483840 43
0 324.668640 262.485760 365.410080 160.430080 48
0 573.186112 406.091200 592.754368 333.156160 24
0 585.312384 341.161600 597.571456 279.831680 40
0 335.312832 147.168320 372.423488 72.770240 18
0 363.361504 220.242240 403.124256 158.563520 47
0 415.332928 441.046400 455.155392 344.199040 3
0 524.025760 500.454400 565.405280 408.866560 61
