0 312.056256 406.773760 352.174144 288.400640 1
0 287.234272 313.834240 309.195808 180.162560 2
0 316.703776 288.585920 362.858464 185.249600 3
0 395.829248 393.253440 424.248832 284.428480 4
0 374.269024 211.096992 408.823456 159.127648 5
0 339.352800 169.304480 358.466080 107.231840 6
0 407.424960 358.785280 438.248000 255.404800 7
0 530.057504 425.543360 546.600416 321.550400 8
0 579.622304 280.115200 593.418336 213.150720 9
0 519.133056 305.298880 540.507264 218.589760 10
0 549.847488 325.093120 574.267712 256.648960 11
0 351.643584 137.300480 376.337216 62.192640 12
0 372.529440 272.844480 405.933280 188.776000 13
0 402.800256 285.245056 436.358784 222.797184 15
0 480.848480 377.867200 505.222560 285.517120 17
0 327.394496 147.328640 355.216704 77.991040 18
0 505.641664 343.879360 535.926336 273.303360 21
0 564.877376 382.036800 584.880064 317.119680 24
0 506.774912 296.355680 531.983488 243.329440 25
0 543.152160 377.383072 565.005280 315.475808 26
0 591.809504 366.421120 606.324256 295.061120 27
0 573.811840 375.613120 590.480000 308.875840 30
0 467.172832 330.215360 493.568288 248.560960 22
0 345.931968 250.091840 366.563392 166.664640 19
0 533.097216 502.903360 574.550784 405.650880 28
0 590.570880 456.261120 605.429120 356.670720 35
0 409.604800 222.943360 428.632640 140.241280 43
0 606.440096 448.843200 629.616224 374.271040 41
0 592.138272 296.323520 601.591008 215.179840 40
0 365.941760 224.718720 406.769920 160.234880 47
0 565.662336 413.641600 587.808384 319.505280 46
