0 312.853568 406.046400 352.111552 287.611200 1
0 285.999232 318.976960 307.659648 180.850240 2
0 309.429088 187.966720 325.916832 83.461120 3
0 393.814080 395.957440 429.771200 293.044800 4
0 408.688736 238.438400 434.466464 159.246080 5
0 339.798848 166.531840 358.320832 105.790720 6
0 406.263264 362.432960 442.613536 264.166720 7
0 525.508768 428.122240 545.107552 314.578560 8
0 542.912736 357.423360 559.718944 284.439040 9
0 513.936320 285.676160 534.068800 211.501440 10
0 554.735872 306.117824 574.268928 256.536896 11
0 364.326944 166.073280 385.678816 85.903680 12
0 373.861248 267.808960 403.226752 190.890560 13
0 392.541184 204.119040 415.448576 133.472000 14
0 389.186848 291.579840 420.351712 221.139520 15
0 589.884192 448.419840 604.003808 344.469760 16
0 455.593184 370.200960 493.100576 278.445440 17
0 328.499552 139.559456 354.339488 77.584864 18
0 328.790336 251.075840 369.553344 158.360320 19
0 610.439904 443.658240 630.920736 373.731840 20
0 499.847712 353.817600 535.466208 274.741760 21
0 467.696512 332.835520 498.379648 247.644480 22
0 549.259424 440.852192 581.930336 382.799648 23
0 559.640352 335.655776 582.373088 286.869664 24
0 504.765952 290.372672 530.851328 234.575808 25
0 545.001568 406.901952 580.693152 348.304448 26
0 593.709664 392.433600 608.157856 322.304320 27
0 540.785696 505.639040 578.775264 404.430720 28
0 558.232896 382.998400 583.812544 318.133120 29
0 570.440800 400.968960 590.373280 313.948160 30
