0 313.739072 405.533440 352.132288 287.960320 1
0 288.654016 317.335360 311.060544 183.663040 2
0 310.137440 197.123200 327.227040 84.929920 3
0 395.556928 397.501760 428.286912 293.572800 4
0 408.634272 227.400000 433.228128 160.143040 5
0 339.475616 173.121600 358.375264 105.193920 6
0 406.772640 354.580800 438.527840 258.463680 7
0 525.933856 429.912960 545.278944 314.720640 8
0 543.269056 352.175680 560.302144 283.657920 9
0 513.559840 287.775680 535.693280 212.281920 10
0 555.488544 305.415296 574.028256 255.467904 11
0 356.920128 146.429760 379.146432 72.162240 12
0 373.135136 271.924160 404.000224 191.129920 13
0 390.797920 204.324160 415.096480 134.819520 14
0 392.250816 284.580160 424.976704 219.427520 15
0 589.463520 454.223040 605.028640 357.480000 16
0 461.021024 369.505920 495.679136 281.814400 17
0 326.641728 136.802144 352.746432 75.996576 18
0 324.955616 257.588800 366.095904 160.158400 19
0 610.713856 450.355520 630.919424 384.250560 20
0 499.849056 343.688960 536.281504 274.951680 21
0 466.619712 309.583648 497.793728 248.797152 22
0 547.085856 437.273568 581.380064 383.447072 23
0 559.593696 335.353440 577.027104 288.404640 24
0 501.621600 291.993216 530.357920 237.901184 25
0 545.141312 404.756224 579.140288 345.293056 26
0 592.785952 371.064096 606.589408 319.038944 27
0 540.646272 503.368640 578.411648 404.669760 28
0 572.309984 399.571200 591.152416 308.755200 30
0 558.347776 374.481344 579.137024 321.996096 29
