0 313.541600 406.559040 352.314400 288.376000 1
0 288.860672 319.696640 311.339008 181.557760 2
0 312.146240 204.049280 333.037760 102.088320 3
0 397.326112 395.498560 427.696608 292.896960 4
0 394.736704 216.398816 424.106176 167.657504 5
0 339.715488 175.285120 358.393952 107.114880 6
0 403.960672 357.250560 439.179168 259.834880 7
0 526.819072 428.008000 546.084608 322.872000 8
0 540.342144 320.858880 555.404416 252.160000 9
0 517.818752 294.697920 539.063168 220.360000 10
0 552.737856 319.921408 574.087104 257.699072 11
0 354.284704 138.289600 378.676576 63.713600 12
0 372.866688 269.984960 405.502592 190.674240 13
0 384.379232 195.596640 411.867808 146.398880 14
0 392.989152 285.192320 422.460448 216.355200 15
0 462.206848 368.172480 496.386432 282.510400 17
0 327.310272 150.412800 355.507008 77.656320 18
0 499.451040 340.840640 532.721760 273.316160 21
0 560.561536 364.462080 576.017024 297.422080 24
0 503.646752 289.193952 528.487648 237.879328 25
0 541.880608 380.618880 564.359392 315.571840 26
0 591.721120 381.686080 606.317920 308.306880 27
0 574.677376 391.384640 590.095744 312.514240 30
0 466.042432 306.724128 496.955328 248.839392 22
0 324.982752 267.010560 364.719648 159.713280 19
0 537.883136 498.650240 575.185664 402.593920 28
0 589.388384 289.510080 600.694176 216.854080 40
0 545.141952 422.742176 576.162368 376.688224 23
0 25.178816 214.720960 42.342592 116.799040 39
0 555.963584 398.699712 577.054016 352.093248 38
