0 311.701120 407.253760 351.726720 288.259840 1
0 288.445248 321.939200 310.447552 180.793600 2
0 379.053088 426.355840 426.991072 306.675840 3
0 395.337184 361.536000 423.898656 284.340480 4
0 337.193408 172.332800 358.318912 106.279680 6
0 405.760256 360.727040 439.009024 255.976960 7
0 529.598784 426.632960 546.137536 321.178880 8
0 580.656064 270.854144 596.439616 213.757696 9
0 519.589056 303.325120 540.924224 220.033600 10
0 547.263296 323.466560 574.686144 257.525440 11
0 352.275904 136.131200 376.352576 60.325760 12
0 373.569312 272.862720 409.094368 190.430720 13
0 405.657088 286.540800 440.219392 218.256640 15
0 481.069600 375.815040 503.270880 281.284480 17
0 505.632608 341.869440 535.990432 273.463680 21
0 506.898944 297.606336 532.482816 243.550784 25
0 541.255072 367.284544 564.946528 309.762496 26
0 591.647648 378.569600 606.319712 310.901120 27
0 568.041664 357.494400 590.035776 307.515520 30
0 467.142336 333.924480 489.687104 247.998080 22
0 585.300064 478.894080 603.794336 373.989120 35
0 409.479296 224.012160 427.150464 141.141120 43
0 604.744544 449.720960 630.514336 374.446720 41
0 324.687360 263.920000 364.321280 160.515200 48
0 363.329472 217.837632 401.247808 159.494848 47
0 574.462688 399.389440 593.230112 331.957760 24
0 339.344672 155.568960 367.613408 79.935680 56
0 582.193632 314.987520 597.280288 243.543040 40
0 328.704064 150.020160 364.252096 78.215360 18
0 24.762528 213.568000 39.301088 116.884480 60
0 372.487840 206.029792 404.821600 158.748448 5
