0 312.580160 406.171200 352.391360 288.277440 1
0 286.874368 315.946560 308.666112 177.804480 2
0 312.536736 207.594240 333.946464 104.436480 3
0 395.120544 390.774400 424.412256 286.951040 4
0 395.863648 216.364288 423.131552 164.599552 5
0 339.308064 174.720320 358.309856 107.139520 6
0 405.824768 362.605120 439.333632 259.192000 7
0 528.404896 431.876800 546.096224 316.706880 8
0 541.222240 297.978560 563.270560 229.855040 9
0 518.539808 313.054400 540.061152 220.467520 10
0 551.206240 320.323520 574.301600 257.675840 11
0 353.698912 135.090880 375.998368 62.932800 12
0 372.891808 269.421440 405.570912 191.909760 13
0 392.741760 283.264320 427.379840 218.746560 15
0 463.816416 369.794240 498.944544 284.480320 17
0 327.482464 149.681920 354.528416 77.747200 18
0 499.557792 351.786240 532.302688 272.615680 21
0 562.356064 389.556160 581.375136 306.312000 24
0 504.679968 290.548480 529.456352 240.807680 25
0 543.043488 381.344000 565.440352 315.943680 26
0 589.764640 356.766144 606.441440 307.753536 27
0 573.927232 388.040320 589.756608 305.859200 30
0 466.390784 303.063616 491.038976 249.511104 22
0 324.836064 263.750080 365.309216 160.637760 19
0 538.309312 499.948480 576.125248 396.916800 28
0 548.782944 425.188416 578.079136 379.111104 23
0 592.132864 446.324160 605.824256 343.261760 35
0 589.615552 290.814400 600.874048 219.503680 40
0 604.902432 450.207360 629.055968 371.913600 41
