0 311.714176 406.498560 352.068224 288.303360 1
0 288.619904 321.655040 310.453376 180.363520 2
0 388.588448 434.479680 429.926752 331.330240 3
0 395.499488 354.869120 423.915552 284.544640 4
0 337.062368 173.727040 358.690592 105.760960 6
0 405.305440 352.712640 439.410080 255.419200 7
0 529.470304 422.750400 546.392736 322.972480 8
0 580.186304 271.061536 596.393536 213.762784 9
0 519.599552 302.019840 540.926528 220.239360 10
0 547.627424 325.759680 574.744416 257.483840 11
0 353.983072 136.667840 376.685728 57.711680 12
0 373.836000 272.989120 409.070880 191.246400 13
0 405.506016 289.221440 440.447264 219.153600 15
0 480.962176 374.863680 503.502464 283.092160 17
0 505.355808 341.655680 535.954912 273.139840 21
0 507.394944 296.296448 532.137856 243.562752 25
0 541.027648 367.663072 564.627392 310.131488 26
0 591.173120 380.382720 606.265600 310.447360 27
0 568.345568 357.519232 589.681952 307.932288 30
0 466.174272 340.094720 490.781888 248.057600 22
0 584.287296 476.004480 603.710144 375.396480 35
0 409.805472 223.771520 427.057248 141.130880 43
0 605.777664 451.633920 630.602496 375.292160 41
0 324.702784 261.998400 364.428736 160.637120 48
0 573.250048 400.332160 593.004032 330.869120 24
0 582.617856 314.807680 596.410624 246.441600 40
0 332.732448 150.573120 371.002592 76.721600 18
0 24.856384 212.429120 40.208960 116.994240 60
0 373.324384 206.816000 404.598176 158.589440 5
0 544.801152 425.900512 577.871488 373.336608 58
0 363.459712 216.970976 401.266048 159.612704 47
