0 312.698848 405.814080 352.441632 288.177600 1
0 285.494496 318.354880 307.350304 180.996160 2
0 309.344640 187.725440 325.795200 83.688320 3
0 392.767008 394.316160 429.209312 292.897920 4
0 408.303648 237.855360 434.333152 159.574400 5
0 339.872928 166.546208 358.370912 105.746912 6
0 406.644736 365.055040 442.467584 264.241600 7
0 525.724960 426.833280 545.101280 314.520960 8
0 542.821280 357.282560 559.801440 284.308480 9
0 514.010048 283.813440 533.918272 211.396800 10
0 554.783328 306.144320 574.104992 256.278720 11
0 364.274368 167.344960 385.742912 85.671360 12
0 373.909312 267.885120 403.113408 190.936000 13
0 392.497472 203.959360 415.590848 133.618880 14
0 389.228704 291.806720 420.729696 220.829440 15
0 589.819648 447.700480 603.944192 344.309760 16
0 456.970144 369.935040 493.134176 278.854720 17
0 328.577856 140.029120 354.305984 77.369920 18
0 328.795072 251.017280 369.990208 158.448320 19
0 610.392992 444.768640 630.949728 373.928320 20
0 499.868608 352.773120 535.170112 274.580480 21
0 467.750048 327.755520 498.351712 247.901440 22
0 548.343616 440.402624 581.951424 382.998336 23
0 559.626080 335.499904 582.355360 286.683776 24
0 504.165472 290.229728 530.610848 234.963232 25
0 544.593376 405.920736 580.420384 348.147744 26
0 593.763712 392.288000 608.204928 322.501120 27
0 540.998368 505.719360 578.814752 404.152000 28
0 558.428224 383.510080 583.888576 318.006720 29
0 572.473312 402.240960 590.436128 314.007360 30
