0 304.252416 404.057280 350.096384 290.977600 1
0 286.998304 333.795840 309.998816 184.577280 2
0 396.577440 391.504320 423.751520 283.023680 4
0 338.449088 171.845760 358.385472 107.473280 6
0 404.689120 359.391040 437.767200 256.986560 7
0 579.517440 281.724160 596.019200 213.781760 9
0 520.328704 304.819840 541.741056 220.110720 10
0 551.514688 328.180800 575.170752 257.479360 11
0 379.229600 266.192960 410.596960 189.754560 13
0 406.239520 288.278080 440.431840 227.729600 15
0 480.767104 374.579840 503.216256 279.210880 17
0 504.513184 350.250240 535.897696 272.583680 21
0 505.695328 297.009088 533.680032 242.871872 25
0 542.993088 369.208224 566.629952 312.061536 26
0 596.319136 449.743360 613.257824 335.038720 27
0 571.782016 356.268384 592.599424 299.375776 30
0 466.242016 320.283840 489.987104 249.107520 22
0 454.393504 280.887040 478.434656 212.252160 43
0 324.077920 256.731520 367.963040 160.231040 48
0 572.549920 396.417920 593.718240 329.842560 24
0 338.246720 146.923520 373.307840 73.840640 18
0 364.141504 223.008448 403.438656 159.111232 47
0 443.870240 405.288640 478.240480 320.628800 3
0 368.928544 207.231072 403.592416 158.878368 63
0 575.136480 454.731520 603.556640 379.176960 35
0 558.622912 398.029216 579.179328 353.379424 64
0 25.295200 215.294080 39.586464 118.417280 67
0 593.438368 362.665696 606.178912 310.072864 65
0 612.804480 451.715520 630.638720 373.362240 66
0 523.643392 502.440000 564.889088 409.044160 69
