0 312.595840 406.769280 352.538240 288.690560 1
0 286.952896 316.727360 308.638784 177.581760 2
0 312.593600 204.799680 333.892160 104.854080 3
0 395.525728 389.839360 424.295072 286.432000 4
0 392.490016 219.297792 420.779744 165.996288 5
0 339.192160 175.598720 358.137760 106.540160 6
0 407.161536 363.573440 439.188544 258.872640 7
0 529.322592 431.858880 545.876128 314.657600 8
0 545.483936 290.571456 566.371424 232.604224 9
0 518.702688 311.923520 540.672672 220.685760 10
0 548.639616 321.012160 574.536064 256.461120 11
0 353.466304 134.470720 375.350336 62.557120 12
0 372.605408 268.817280 404.157472 192.243840 13
0 394.010112 283.875648 425.992448 221.301952 15
0 465.625216 369.524800 499.913344 284.986560 17
0 327.400736 148.099520 354.162144 77.650240 18
0 499.867968 354.421760 531.838912 272.032000 21
0 562.298304 390.240000 582.058816 308.290560 24
0 505.654240 293.098176 530.334240 242.321984 25
0 543.152384 381.762560 565.103616 315.804160 26
0 589.393152 363.135840 606.450688 307.041440 27
0 574.363904 385.840960 589.968896 307.188160 30
0 467.117920 307.045792 490.977440 249.302368 22
0 325.057152 261.728640 365.196928 159.763840 19
0 538.056000 500.477120 575.231680 399.238720 28
0 591.450304 469.135680 606.156096 349.115840 35
0 606.566432 450.242880 629.406688 370.910400 41
0 389.532736 173.531648 413.635264 135.631872 43
0 589.667776 291.022080 600.869184 220.368640 40
