0 303.769504 391.176320 349.340256 288.999040 1
0 286.978272 335.522560 309.995808 184.697600 2
0 396.614784 391.397440 423.725696 282.857920 4
0 338.651104 171.576224 358.417696 107.776096 6
0 404.867072 359.301120 437.745408 257.117440 7
0 579.517920 281.220480 596.043040 213.631360 9
0 520.305024 304.598080 541.698176 220.012480 10
0 551.775520 328.782080 575.183840 257.267200 11
0 379.092480 265.847680 410.552320 189.852800 13
0 406.316544 288.300160 440.180736 227.662720 15
0 480.389120 374.688000 503.097600 279.251200 17
0 504.540064 350.365440 536.147296 272.773120 21
0 505.595904 296.302368 533.719296 242.664672 25
0 543.137120 368.676224 566.777760 311.972736 26
0 595.407552 448.663040 613.369408 334.718720 27
0 571.748864 356.168064 592.601856 299.565696 30
0 466.915424 324.476480 489.500576 251.090880 22
0 457.880224 281.664640 481.701216 212.979840 43
0 324.090400 256.538880 368.146400 160.225280 48
0 572.790944 392.936480 593.776736 329.975520 24
0 338.504608 146.432000 373.167712 73.905920 18
0 364.111936 223.048960 403.377344 159.037440 47
0 443.933024 405.601600 479.017376 321.146560 3
0 368.555392 208.032576 403.494528 158.812864 63
0 574.896384 451.205120 603.570176 378.812160 35
0 558.113504 397.146176 579.268896 353.169344 64
0 25.297152 215.252160 39.596800 118.373440 67
0 593.602080 363.517184 606.179040 309.949696 65
0 612.849312 451.245120 630.371168 372.955840 66
