0 304.360352 407.278720 350.444128 291.134080 1
0 286.989728 333.184320 310.021472 184.527040 2
0 396.563552 391.746560 423.756448 283.023360 4
0 338.443712 172.017280 358.436928 107.396480 6
0 404.873344 359.636480 437.728896 256.880640 7
0 579.564800 282.279680 596.057600 213.826560 9
0 520.284576 306.393920 541.684064 220.064960 10
0 551.362880 326.945600 575.184320 257.515200 11
0 379.144576 265.408960 410.484864 189.720640 13
0 406.411264 288.673376 440.171776 227.462304 15
0 480.677216 375.972480 503.199904 279.263360 17
0 504.419072 348.906240 535.829248 272.390400 21
0 505.338016 297.700224 534.167904 242.857856 25
0 542.939744 369.034304 566.196896 312.142016 26
0 595.230368 443.016640 612.756832 334.260800 27
0 571.618816 356.289536 592.547584 299.311104 30
0 466.019072 321.788160 489.301248 247.819520 22
0 452.730080 283.139840 477.974560 210.622720 43
0 324.109472 256.544320 367.913568 160.140480 48
0 571.773280 397.158080 593.458080 329.846080 24
0 338.506784 147.422400 373.256416 73.892160 18
0 363.989216 224.314880 401.856544 159.447040 47
0 443.746112 406.825920 478.166208 322.952000 3
0 369.054464 207.756576 403.700736 158.901984 63
0 575.372224 453.382400 603.396416 379.118080 35
0 555.869952 399.225728 578.998528 353.502592 64
0 25.040416 215.968640 39.509472 118.496640 67
0 593.420832 363.485440 606.270688 310.187520 65
0 612.174368 452.125440 630.507232 373.664000 66
