0 314.261728 406.392960 352.409632 288.063360 1
0 288.993216 316.236800 311.680064 181.440000 2
0 312.171904 204.609920 333.055616 103.657600 3
0 396.955328 395.555200 426.777152 292.018560 4
0 394.636832 217.416992 424.188128 167.229408 5
0 339.695904 175.782400 358.352096 106.903040 6
0 404.230528 361.665920 439.271552 259.647360 7
0 527.704256 430.360960 546.273344 322.266240 8
0 540.462848 319.213120 556.052992 243.362240 9
0 517.567200 313.093760 539.120160 219.831680 10
0 551.541952 319.992448 574.073408 257.588352 11
0 354.277024 137.300480 378.364256 63.837440 12
0 372.664544 271.477760 405.410336 191.156480 13
0 392.939808 285.173120 422.069472 216.353920 15
0 462.737696 370.878080 497.367264 283.328640 17
0 327.262624 150.498880 355.352416 77.737920 18
0 499.770496 349.391360 532.502144 273.084160 21
0 560.640256 373.694400 577.718784 297.839680 24
0 503.428480 289.543136 528.727680 238.304544 25
0 541.407744 381.358720 565.089536 315.437440 26
0 592.032160 372.810240 606.228320 307.628800 27
0 574.478144 393.071680 589.855936 309.752000 30
0 465.624512 305.358720 497.096768 248.833920 22
0 325.181728 268.048320 364.785632 160.093760 19
0 538.337792 499.715520 575.468288 399.050560 28
0 589.372576 290.691840 600.688224 216.611840 40
0 546.520736 425.962976 577.465184 375.830304 23
0 25.173376 214.238720 41.874560 116.834560 39
0 589.029920 426.772480 604.253920 316.826880 35
0 393.843488 178.934720 414.048992 138.611520 14
