0 287.322912 332.023680 309.976288 183.836800 2
0 383.671168 392.812160 424.930432 283.154560 4
0 338.923456 172.564800 357.619264 108.456640 6
0 404.812896 358.361920 437.878944 255.880640 7
0 579.789216 284.971200 596.477024 213.573440 9
0 519.704768 304.738880 541.627712 218.845120 10
0 549.868448 326.112000 575.190112 257.131520 11
0 378.757280 263.330240 410.900320 190.009920 13
0 406.955872 288.535840 439.511968 225.667040 15
0 504.588704 347.617280 535.282016 270.323200 21
0 509.349472 298.529248 533.224608 242.309152 25
0 542.393856 375.828640 563.105024 316.176480 26
0 595.968800 456.404800 615.137760 346.788800 27
0 571.587264 357.525632 592.746816 299.845248 30
0 463.805536 286.664320 488.063904 215.551360 43
0 323.956704 254.092160 365.915936 160.408960 48
0 572.961888 393.418432 594.108832 330.547008 24
0 339.947072 153.372800 374.947008 76.120960 18
0 364.521120 222.400448 403.741280 159.452992 47
0 461.321248 422.464000 504.703712 331.275520 3
0 573.977664 452.596480 603.982016 384.071680 35
0 555.051392 398.589024 578.291328 352.322976 64
0 592.006848 369.962880 606.856512 308.805760 65
0 297.981280 392.733120 347.538080 285.646400 1
0 467.888800 324.197120 491.220320 255.447040 22
0 481.730176 354.715008 506.327424 292.418432 17
0 353.447712 126.841280 376.244448 51.716160 74
