0 314.328672 405.554880 352.146848 287.960640 1
0 288.670688 317.348160 311.025952 183.624640 2
0 310.083360 198.824640 327.140320 84.708160 3
0 395.623520 397.344000 428.268960 293.569280 4
0 408.615392 227.857920 433.220128 160.149760 5
0 339.431968 173.597120 358.360032 105.359680 6
0 406.495808 355.172480 438.524352 258.619520 7
0 525.947840 429.328320 545.057600 314.684480 8
0 543.454496 353.067520 560.521184 283.801600 9
0 513.535168 287.898560 535.716672 212.292160 10
0 555.465952 305.280640 574.022688 255.523200 11
0 356.427936 146.302720 379.245664 71.991040 12
0 373.120576 271.879360 403.943104 191.155520 13
0 390.787200 204.321280 415.085440 134.850560 14
0 392.440928 284.816960 424.507552 219.449280 15
0 589.366368 454.218880 605.159072 358.019200 16
0 460.949632 369.472960 495.605888 281.808960 17
0 326.637632 136.715456 352.451008 75.897664 18
0 324.985120 257.770560 366.172640 160.397760 19
0 611.214336 449.816320 630.974464 384.268800 20
0 499.721472 343.652160 536.346368 274.855360 21
0 466.607328 309.551968 497.735712 248.824992 22
0 547.573408 437.557280 581.385312 383.333600 23
0 559.711584 335.472448 577.070496 288.454592 24
0 501.578464 292.017824 530.404896 237.824096 25
0 544.613376 405.520736 579.349504 344.468384 26
0 592.704160 372.375360 606.639200 318.746560 27
0 540.831328 503.759680 578.385312 404.754880 28
0 571.876032 399.640640 591.130688 308.802240 30
0 558.481312 374.809856 579.132768 322.845184 29
