0 311.576832 407.314560 352.677888 288.104320 1
0 287.149312 317.611520 308.738048 178.051840 2
0 308.452128 245.585920 325.731552 136.149760 3
0 393.640032 391.408960 423.806368 286.255040 4
0 383.612768 217.704672 412.942752 164.379168 5
0 339.545952 170.894720 357.929888 106.250880 6
0 405.320672 358.347840 439.346208 255.618240 7
0 530.030432 427.544960 546.155168 315.766400 8
0 566.867616 273.600992 586.440544 230.263328 9
0 518.858688 303.493120 540.791872 219.494400 10
0 548.943392 322.777600 574.287328 256.175360 11
0 351.525792 138.192000 376.384608 60.941440 12
0 372.952192 273.726720 406.410368 190.165760 13
0 402.575136 279.529792 434.566624 218.683328 15
0 480.990400 376.271040 504.573760 282.120000 17
0 326.905792 147.124800 352.820288 78.034880 18
0 505.067008 343.530240 535.544832 277.314560 21
0 564.035456 391.542080 582.614144 309.781440 24
0 504.720960 295.377472 533.215680 242.103488 25
0 543.518176 384.150720 565.408544 316.238400 26
0 590.437120 366.591680 606.145280 299.904320 27
0 574.194880 382.918080 590.043200 306.176320 30
0 467.944864 324.441920 495.115616 250.169280 22
0 324.091360 257.118720 366.732320 159.930880 19
0 537.894880 500.017600 574.935840 402.397760 28
0 589.601952 479.268800 604.714848 353.861440 35
0 605.745760 448.945280 629.235360 372.548480 41
0 407.614016 226.703360 428.761024 135.770880 43
0 588.281344 283.867200 600.764416 216.722880 40
