0 311.653472 407.206720 352.021408 287.747520 1
0 288.428864 318.131840 310.358976 180.794240 2
0 372.960864 415.827840 423.956896 299.943040 3
0 396.239648 364.902080 424.000992 285.032000 4
0 338.300512 171.657920 358.119328 106.162240 6
0 406.464480 359.736320 438.485280 256.755200 7
0 529.269312 427.446400 545.243328 321.147520 8
0 580.034688 266.936000 596.031872 212.239680 9
0 519.211424 304.403520 541.022816 219.803840 10
0 547.124992 321.970240 574.313728 257.237440 11
0 352.130528 133.621440 376.321312 60.530240 12
0 373.505440 270.847360 408.450400 189.249920 13
0 405.480416 292.365120 441.038624 218.619840 15
0 480.947776 373.867840 503.852224 280.580800 17
0 505.845984 341.942720 536.217376 273.441600 21
0 506.680288 298.730848 532.893472 243.896992 25
0 541.519296 368.466880 565.035584 310.708800 26
0 591.065056 377.881920 606.253344 310.567360 27
0 568.229024 363.729312 591.390816 308.202848 30
0 466.899840 332.978240 491.320960 249.346240 22
0 585.292256 480.484480 603.971104 373.872000 35
0 409.966624 222.441920 427.178976 140.505920 43
0 604.923168 450.338560 630.036192 374.104320 41
0 324.535392 263.654720 364.455328 160.402880 48
0 363.481216 218.203552 403.028864 159.414368 47
0 572.028256 390.572960 592.805024 330.259040 24
0 349.112128 150.895680 367.744192 80.315840 56
0 540.969664 446.032864 575.547456 388.141856 58
0 327.075904 141.443072 354.257856 78.455808 59
0 557.678144 413.200704 579.001536 352.764096 55
0 583.579968 298.888224 597.583552 245.303776 40
