0 315.005504 406.368960 351.920576 287.640640 1
0 288.634816 321.471680 310.647104 181.558080 2
0 396.068416 389.593280 424.311744 284.358720 4
0 336.001600 174.402880 358.797760 105.725120 6
0 405.990048 349.494080 437.966432 256.061120 7
0 579.642496 285.084480 596.843904 214.056640 9
0 519.936800 306.723520 541.172960 219.373120 10
0 548.219264 320.972000 574.526336 257.623840 11
0 355.399744 134.944960 376.524736 56.200000 12
0 379.214560 270.298240 410.481440 189.447040 13
0 405.081216 286.274944 438.372224 222.416256 15
0 481.358528 373.662720 504.114752 283.178240 17
0 506.064160 345.310720 536.041440 272.860160 21
0 506.463552 299.423776 533.099968 243.408864 25
0 543.246272 368.815744 565.937728 311.629696 26
0 595.750720 382.965440 606.563520 310.136640 27
0 571.358496 359.849216 592.590304 309.228544 30
0 465.963872 330.437760 490.745248 249.157760 22
0 412.889152 252.966400 439.709888 163.413760 43
0 324.657376 260.483200 365.312544 160.671360 48
0 573.839136 400.295360 592.903904 333.486400 24
0 585.501984 345.490048 597.474016 285.155712 40
0 335.521696 147.318400 372.350304 73.162880 18
0 363.418240 220.239808 403.022720 158.706752 47
0 418.256160 441.102400 456.689120 342.537920 3
0 524.917344 501.768640 565.514656 409.711680 61
