0 307.971808 407.146560 350.892832 289.809600 1
0 287.367104 327.192320 310.039616 183.767040 2
0 396.288672 398.199680 424.327008 282.864000 4
0 338.331360 172.026560 358.380320 106.593600 6
0 406.941152 357.581440 437.916448 256.173440 7
0 579.540832 285.070400 596.332448 213.453760 9
0 520.143328 305.350720 541.369632 220.090560 10
0 550.226272 327.847360 575.364768 257.857600 11
0 379.560672 265.889280 410.648608 190.188800 13
0 405.759808 289.251968 440.096192 225.858432 15
0 479.414784 378.748160 503.448576 281.630720 17
0 504.417568 347.708480 535.771872 272.925120 21
0 504.630208 298.590912 535.030592 243.183168 25
0 542.989824 370.557120 566.093056 312.014400 26
0 593.511264 433.993920 610.008736 319.897920 27
0 572.310624 354.947616 592.577696 299.146464 30
0 466.064800 329.626240 493.808480 249.248640 22
0 437.688384 291.253440 470.954176 199.132480 43
0 324.118496 257.769600 367.414304 159.555200 48
0 571.465952 403.560640 593.005088 329.691200 24
0 338.430496 149.864640 372.852704 73.528640 18
0 364.616416 221.167104 403.761184 158.681856 47
0 442.369408 408.785920 476.390272 318.108160 3
0 370.859328 206.163584 403.941312 158.738816 63
0 573.969984 460.776320 603.499456 379.067520 35
0 557.308416 403.014752 578.955264 353.883808 64
0 594.158976 365.422496 607.772544 309.480544 65
0 609.550144 452.523840 630.351296 372.131520 66
0 24.864960 212.096320 40.608192 116.960960 67
