0 287.252768 333.983680 309.979872 183.794240 2
0 391.296000 393.733760 424.520960 281.096320 4
0 339.003808 171.882240 357.929312 107.834880 6
0 404.953088 357.851840 437.692672 256.517440 7
0 579.563040 284.938560 596.431840 213.745600 9
0 519.650464 303.860480 543.388256 219.098880 10
0 550.981664 326.846080 575.223776 257.457280 11
0 378.692864 264.133760 410.711296 189.728640 13
0 407.643840 294.571520 442.798400 227.385600 15
0 504.931424 354.740480 536.792736 272.282880 21
0 509.812576 297.274656 532.793504 242.901984 25
0 542.446752 372.583168 562.639968 315.186432 26
0 595.902688 456.349440 615.691552 345.615360 27
0 571.630912 357.667392 592.750528 300.132288 30
0 463.742464 284.595200 487.626496 215.692800 43
0 323.955520 255.586880 369.556160 162.768320 48
0 573.096608 389.977376 594.054752 330.940384 24
0 339.121184 153.394880 375.199456 75.321920 18
0 364.383520 222.529472 403.432160 159.701568 47
0 459.893536 419.057920 498.931424 329.516800 3
0 573.459072 451.667520 604.234368 379.320000 35
0 555.565504 399.070592 578.848576 352.147328 64
0 591.706304 367.356704 606.630976 308.898016 65
0 443.380896 364.024320 468.420704 273.899520 70
0 298.719040 392.769280 347.327680 285.530880 1
0 468.170048 322.856640 493.029312 254.455360 22
0 481.704704 359.331840 506.228736 291.960320 17
