0 311.443040 407.072000 352.037280 287.686400 1
0 288.414656 318.462400 310.208064 180.646720 2
0 372.335488 413.288640 420.313472 295.046720 3
0 395.957952 371.116800 423.623488 284.925440 4
0 338.194240 171.773760 358.073280 106.193600 6
0 406.497088 357.011520 438.579392 256.918720 7
0 529.424320 426.651840 545.340480 320.491840 8
0 579.854784 269.561344 595.937856 212.246016 9
0 519.178048 304.360640 541.029312 219.611200 10
0 547.176416 322.059840 574.276384 257.163200 11
0 352.165536 133.948800 376.378464 60.726400 12
0 373.269664 273.767360 408.658016 190.263360 13
0 405.375264 292.549760 440.850656 219.235200 15
0 480.810368 374.587200 503.923072 280.859840 17
0 505.842784 342.498560 536.164256 273.352960 21
0 506.615680 298.879232 532.846720 243.861248 25
0 541.591008 369.874944 565.045792 310.791936 26
0 591.207840 377.582720 606.294880 310.441600 27
0 568.251584 362.666496 591.185216 308.182784 30
0 467.004224 331.779520 492.321216 249.308480 22
0 586.202304 477.937280 604.394816 372.946560 35
0 410.029728 222.440640 427.184992 140.459840 43
0 605.398144 451.986880 630.180736 374.085440 41
0 324.586976 263.173760 364.497184 160.448640 48
0 363.487360 218.640640 403.251840 159.111680 47
0 572.368000 391.004384 592.805760 330.538016 24
0 348.710624 154.074240 367.211296 80.001920 56
0 541.744832 445.139616 575.727168 388.694624 58
0 327.057696 143.792640 355.104224 78.343680 59
0 557.267232 414.307840 578.958048 353.123840 55
