0 314.322112 406.485760 352.372288 287.649280 1
0 288.615616 323.903360 310.449984 180.389760 2
0 395.351744 364.237440 424.127296 284.698240 4
0 336.178880 173.289600 358.767680 105.571200 6
0 404.935072 349.709760 438.613088 257.282880 7
0 529.419552 415.462400 546.574048 322.941440 8
0 580.215904 269.339552 596.736416 213.610848 9
0 519.689216 305.005440 540.934144 220.109440 10
0 547.605728 325.740160 574.805792 257.695360 11
0 354.900000 135.957440 376.701920 56.269120 12
0 375.639424 271.655040 410.276736 190.221440 13
0 405.765536 292.392640 440.141664 217.494080 15
0 480.677440 373.811200 504.248000 283.161600 17
0 505.441920 341.742080 535.715200 273.008640 21
0 506.832896 297.183872 532.015104 243.814528 25
0 541.148992 367.382592 564.459968 309.960128 26
0 591.879456 381.875200 606.429664 310.283520 27
0 568.827904 358.197824 589.300736 308.394176 30
0 465.962880 325.687680 493.581440 248.622720 22
0 581.542016 473.364160 603.289984 377.751360 35
0 410.078848 226.078400 426.945152 140.714560 43
0 324.739872 264.901440 364.143328 160.404160 48
0 573.407232 400.174080 593.155328 331.060480 24
0 581.691744 319.395840 594.606496 248.579840 40
0 334.656992 152.373440 371.727648 73.261120 18
0 25.097344 211.015360 40.709248 116.896320 60
0 545.815968 428.514016 578.500192 376.356384 58
0 363.759808 215.747200 404.012352 157.566080 47
