0 313.556064 406.628160 352.357536 288.716480 1
0 288.629664 318.736640 310.556256 181.632000 2
0 313.030272 200.366400 332.239488 94.001600 3
0 396.171168 394.697920 428.413792 294.053440 4
0 396.582560 217.077344 425.089120 167.279776 5
0 339.607296 175.885120 358.274304 106.933440 6
0 403.865600 357.519680 439.143680 259.120320 7
0 525.616704 429.637760 545.003456 320.136320 8
0 540.395456 325.626528 558.158144 269.336672 9
0 518.020000 299.337920 539.298400 220.447040 10
0 555.928640 313.208640 574.187200 257.094080 11
0 354.502976 139.694400 379.056064 63.293120 12
0 373.007840 271.887360 406.050080 191.155200 13
0 386.647680 197.430048 413.201280 140.573152 14
0 393.323776 284.029120 424.102144 215.903040 15
0 461.412128 371.755520 494.528992 282.234880 17
0 327.555488 148.787520 355.256672 77.035200 18
0 499.599456 334.738624 533.355424 273.595456 21
0 559.603552 363.922880 576.396448 297.693760 24
0 502.987200 289.179968 528.616000 238.647232 25
0 542.344896 375.105760 564.887104 315.565600 26
0 595.469728 398.060480 606.443872 312.193600 27
0 575.187456 389.151360 590.288384 314.148480 30
0 465.985888 300.877568 492.640672 248.687872 22
0 324.607776 265.425920 364.347104 158.739200 19
0 586.819872 394.452160 597.528288 297.724480 35
0 539.794880 495.968960 579.254080 404.581440 28
0 589.445120 287.920000 600.887040 214.029440 40
0 546.119968 403.187296 576.722912 350.932384 38
0 543.550560 419.157440 576.850080 378.666560 23
