0 287.326016 338.803840 309.982144 183.501440 2
0 383.493376 391.580160 425.053184 285.797120 4
0 338.960096 172.006560 357.532704 109.136480 6
0 403.703840 357.996160 438.074080 256.261760 7
0 579.661344 285.364800 596.483296 213.485760 9
0 519.674016 306.931200 541.337184 218.672640 10
0 550.479328 327.836800 575.089952 256.969600 11
0 379.013408 263.096000 410.860512 190.182720 13
0 407.188512 288.517088 440.811488 227.009312 15
0 503.778848 350.656640 533.557472 268.823680 21
0 541.928000 375.928864 562.434240 316.373216 26
0 595.841952 456.081920 615.187808 346.771200 27
0 571.636992 358.769792 593.061888 299.611008 30
0 463.682752 284.737600 487.179328 215.289280 43
0 324.134944 254.550080 367.221216 160.521920 48
0 572.722368 394.100640 594.079552 330.613600 24
0 339.994240 152.687360 375.144320 76.312320 18
0 364.548608 222.650432 403.606272 159.430848 47
0 460.904352 425.284800 504.604768 331.202880 3
0 573.335424 453.561920 602.911616 385.562560 35
0 553.149888 402.243584 578.261312 352.866816 64
0 592.232480 369.138016 606.915040 309.441184 65
0 298.829408 392.935040 347.488672 285.584000 1
0 467.843456 324.195840 490.708864 254.584320 22
0 481.861408 355.435520 507.856352 292.145920 17
0 442.725280 363.445120 468.090720 274.107520 70
0 614.467296 444.969600 630.752544 372.516480 66
0 352.900544 121.046400 376.470336 47.054720 74
