0 312.534528 406.730240 351.992832 288.623360 1
0 287.205536 313.944640 309.191264 180.207040 2
0 321.693248 291.685120 369.232832 195.507200 3
0 395.985888 392.863680 424.204832 283.703360 4
0 374.369024 212.007744 408.843776 159.500736 5
0 339.438880 169.119584 358.463200 106.692256 6
0 407.586912 358.219840 438.279328 255.321280 7
0 529.930656 421.480960 546.710624 319.427840 8
0 579.933728 279.201600 593.641952 212.825280 9
0 519.113728 304.816000 540.648192 218.192000 10
0 549.745248 324.155840 574.288032 256.759360 11
0 351.250912 137.487040 376.430368 61.497920 12
0 372.549344 272.626240 406.110496 188.926400 13
0 402.900224 286.283840 438.212096 221.910720 15
0 480.851296 377.992000 505.456544 285.296320 17
0 327.482560 147.448000 356.464960 77.714240 18
0 505.731872 344.165120 536.107488 272.953600 21
0 564.984864 388.544960 585.051616 316.746560 24
0 507.164064 297.817920 532.376416 243.588800 25
0 543.248000 378.632928 565.061760 315.441952 26
0 591.419840 366.249280 606.344000 295.871680 27
0 573.610368 378.506880 590.591872 308.886400 30
0 467.262112 330.832320 495.013728 248.614720 22
0 345.103872 230.545600 365.854208 165.424960 19
0 532.847584 502.231360 574.834976 407.881920 28
0 590.812448 459.998400 605.469152 356.668480 35
0 409.640352 221.962880 428.131168 140.219520 43
0 606.394016 449.528960 630.391904 373.973120 41
0 365.614400 227.407680 407.199680 161.136320 47
0 323.844096 222.743360 354.484224 157.077440 48
0 565.048672 418.724800 586.141088 316.328000 46
