0 312.916000 405.859840 352.214240 288.281600 1
0 287.208320 317.352960 309.658240 183.173120 2
0 309.472480 179.881600 327.057440 83.886720 3
0 392.448672 391.008960 428.928608 293.227840 4
0 406.378208 230.744960 433.571872 161.005440 5
0 340.016128 167.778400 358.444032 106.250400 6
0 407.312064 362.878080 442.085696 263.921280 7
0 525.647680 427.392960 544.908480 315.365440 8
0 542.760256 357.905280 559.625664 284.453760 9
0 513.852320 283.800960 533.791840 211.644800 10
0 554.992544 305.882976 574.098016 256.358304 11
0 362.881472 167.824640 385.398848 86.030080 12
0 374.055392 268.732160 403.398688 190.920960 13
0 392.711040 203.859840 416.024960 132.877440 14
0 390.258912 290.477120 422.928928 220.468160 15
0 590.092928 447.690880 604.304512 344.280960 16
0 461.619456 369.092480 495.512064 283.497600 17
0 328.263936 137.962688 353.205504 75.373632 18
0 328.223552 255.972160 370.223808 158.452160 19
0 609.762080 449.717120 630.127840 372.484480 20
0 499.995264 349.876160 535.495296 275.362880 21
0 466.836000 309.182336 495.811040 248.345984 22
0 551.049344 441.167072 581.906816 386.269728 23
0 559.522176 336.720160 581.570944 287.818720 24
0 503.753664 290.157216 530.438976 235.312224 25
0 543.740416 408.016800 578.929664 350.429280 26
0 594.224416 392.149120 608.134624 322.928000 27
0 540.476096 505.310400 578.876224 403.713600 28
0 557.448288 383.800000 582.204832 318.960960 29
0 569.104384 399.091520 590.518016 314.520000 30
0 589.094048 290.393920 600.959072 217.813440 31
0 562.142304 396.144000 589.527456 316.227200 32
