0 315.110752 406.141760 351.971488 287.368640 1
0 288.893344 311.553920 310.464096 181.421440 2
0 395.827552 385.981760 424.127648 284.452800 4
0 336.241472 174.339840 358.891968 105.638400 6
0 406.068160 348.105600 438.224960 256.927360 7
0 580.501408 278.016960 596.709472 213.633600 9
0 520.045120 303.360640 541.182400 219.873920 10
0 547.704672 322.111360 574.783648 258.066560 11
0 355.234784 132.691520 376.482336 55.764160 12
0 379.481920 272.022400 411.625920 189.123200 13
0 404.318304 289.175040 439.334816 222.228480 15
0 480.775264 373.148480 504.634016 283.888320 17
0 505.700800 345.115840 536.050240 272.932160 21
0 507.449664 298.349344 533.048256 243.527136 25
0 542.954624 369.311648 565.465216 311.100512 26
0 592.963936 383.146240 606.623904 309.953280 27
0 569.012832 360.113408 590.846368 308.858112 30
0 465.813280 329.288640 492.580320 248.722240 22
0 577.725472 464.738240 603.608288 378.319680 35
0 408.210656 227.774720 424.913184 140.627200 43
0 324.684384 263.034560 365.848736 160.651840 48
0 572.246976 404.759360 592.666944 330.056640 24
0 581.542464 331.784640 595.112896 262.998080 40
0 334.769920 148.453440 372.574720 72.565440 18
0 363.219040 221.344960 403.561120 158.423360 47
0 413.052000 441.760960 452.865440 345.962560 3
0 530.727168 418.202240 546.330112 324.900480 8
