0 314.106112 404.278720 351.716608 287.604800 1
0 287.900256 319.313280 310.347424 183.327360 2
0 309.588480 175.732160 326.862080 84.000320 3
0 394.556256 394.939520 428.610464 292.922240 4
0 407.988928 229.024960 433.874752 160.461120 5
0 339.749952 168.020128 358.271168 106.451552 6
0 407.112576 360.762880 439.528064 260.808960 7
0 525.436576 429.690240 545.262944 315.707520 8
0 542.883168 356.324480 559.379872 284.429440 9
0 513.916896 281.279360 533.897504 212.030080 10
0 555.326976 302.964128 573.707264 256.253792 11
0 362.166240 164.991680 385.787680 84.587840 12
0 373.915456 270.872960 404.295104 191.319680 13
0 391.007424 203.095360 416.006976 134.575040 14
0 392.723168 286.789440 427.946272 222.239680 15
0 590.304576 454.487680 605.046464 353.422720 16
0 462.567296 365.096640 496.075904 282.232640 17
0 327.072416 136.417728 352.814944 75.804992 18
0 327.106880 250.716480 367.967680 159.069120 19
0 608.202368 450.861120 629.976192 377.149120 20
0 499.947168 350.224000 535.577952 275.379840 21
0 466.888512 305.560480 497.459648 248.673120 22
0 551.381792 439.109536 581.336288 383.168864 23
0 559.164768 336.262752 579.624352 288.434848 24
0 503.095648 290.750240 530.448032 236.278240 25
0 545.243872 405.160608 579.412768 346.213472 26
0 593.161664 382.514848 607.788096 323.344992 27
0 540.729024 504.907200 578.296896 405.264960 28
0 588.794016 298.009600 600.524384 214.617600 31
0 568.425856 402.121600 589.998464 312.319360 30
0 558.586368 386.116800 581.188352 321.075520 29
