0 315.054560 405.504000 351.840800 288.070400 1
0 288.477184 319.442560 310.622976 183.419520 2
0 309.386496 190.403520 326.156544 90.177600 3
0 395.669280 394.686400 428.680160 292.683840 4
0 408.658624 227.406080 432.936256 160.686080 5
0 339.556064 172.686720 358.339616 106.332800 6
0 402.649152 354.195840 438.589888 257.834880 7
0 525.879328 434.364160 545.247712 314.448640 8
0 541.978368 337.143744 560.509952 283.542336 9
0 513.595424 291.111680 536.228576 214.000640 10
0 555.668768 307.838944 574.173152 255.783456 11
0 354.839648 145.648320 379.611552 69.760320 12
0 373.436704 270.218240 404.580576 191.000320 13
0 390.898112 202.767360 414.813248 134.521600 14
0 392.919456 283.931488 424.269664 220.108192 15
0 581.988576 456.942400 602.405664 379.057600 16
0 461.133152 367.800640 494.784928 282.342080 17
0 326.638080 143.529920 353.935360 77.294400 18
0 499.876448 343.795200 534.000032 274.455040 21
0 548.154368 438.120576 581.637632 381.137024 23
0 559.883328 336.494592 576.329152 288.459008 24
0 502.595520 291.452160 529.782080 238.700800 25
0 545.256576 394.956480 571.798144 319.046720 26
0 593.285248 387.098560 606.559872 318.292800 27
0 570.672480 407.400000 591.365280 309.018560 30
0 466.968288 306.772800 491.651872 248.898240 22
0 603.213472 450.596160 619.799648 378.622400 34
0 585.001376 346.775552 598.295904 291.569408 35
0 555.961152 363.475328 570.853568 320.702592 36
0 561.202176 400.123616 579.688704 351.285024 38
