0 287.329760 330.841920 309.956640 183.835840 2
0 390.520096 391.162560 424.477664 281.341760 4
0 338.986592 172.530880 357.827488 107.860800 6
0 405.140032 357.618240 437.711808 256.615360 7
0 579.781536 284.747520 596.473184 213.648640 9
0 519.660640 303.334400 543.305120 218.794240 10
0 550.703072 325.382720 575.214368 257.256640 11
0 378.719328 263.941120 410.858912 189.861120 13
0 407.330464 290.845312 441.660256 228.340608 15
0 504.799968 355.464320 536.890912 271.978880 21
0 509.527904 297.386880 533.047456 242.825600 25
0 542.332320 372.873824 562.575200 314.971296 26
0 596.406016 455.923840 615.601664 345.877120 27
0 571.523136 357.397760 592.789184 299.957760 30
0 463.771904 285.427520 486.974976 215.655360 43
0 323.947776 255.840960 369.773824 163.036480 48
0 573.078528 390.392128 594.084352 330.921152 24
0 339.385568 153.542720 375.394592 75.958720 18
0 364.289312 221.651840 403.046368 159.537280 47
0 460.136832 418.294720 499.927168 330.052160 3
0 573.540032 451.559680 604.217408 379.409920 35
0 556.101696 399.648576 578.826944 352.187584 64
0 591.820352 368.472928 606.714048 308.776352 65
0 443.365408 360.142400 468.242912 274.055360 70
0 297.300416 392.892160 347.484224 285.720320 1
0 467.952096 320.973120 490.698784 254.808000 22
0 481.693888 359.314240 506.900032 292.221120 17
0 369.328992 209.037152 403.870368 159.563168 63
