0 315.603968 406.170240 351.994112 287.355520 1
0 288.778432 316.037440 310.417728 181.124800 2
0 395.805408 386.646720 424.185632 284.480320 4
0 335.779936 173.779520 358.952864 105.672640 6
0 405.824544 347.569600 438.044896 256.466240 7
0 579.844960 284.120000 596.782240 213.867840 9
0 520.035136 306.402240 541.206464 219.572800 10
0 548.438624 321.141792 574.770336 257.789408 11
0 355.161792 133.309120 376.472128 56.059200 12
0 379.191424 271.526400 410.440576 188.847360 13
0 404.854784 288.635840 438.722816 221.523520 15
0 480.970400 373.031040 504.310880 284.067200 17
0 505.444864 345.562880 535.780096 272.906240 21
0 506.211232 299.698784 533.150048 243.636896 25
0 543.083104 367.735872 565.857696 311.144128 26
0 593.613056 383.086400 606.738944 309.767360 27
0 569.022624 361.552224 591.390816 308.772256 30
0 465.820896 329.080000 492.791584 248.608320 22
0 578.197984 465.182720 603.558176 378.699520 35
0 411.216160 234.043200 429.716960 146.136000 43
0 324.634944 263.325760 365.889216 160.336320 48
0 572.529120 407.242880 592.907040 331.125120 24
0 582.915456 336.949504 596.461184 273.779456 40
0 334.860288 147.107200 372.685312 72.684160 18
0 363.194144 221.162176 403.294176 158.464064 47
0 414.439456 441.179200 453.273824 345.675200 3
0 523.519616 500.337600 565.649024 408.889920 61
