0 314.361760 406.508480 352.250720 287.094080 1
0 288.654784 323.824960 310.360896 180.273600 2
0 395.214624 387.013120 424.039136 284.579840 4
0 336.071648 173.806400 359.057952 105.698240 6
0 405.161568 344.463040 438.440352 257.221440 7
0 529.654976 420.848320 546.348864 322.987840 8
0 580.525472 274.195008 596.719968 213.758912 9
0 519.787200 304.656320 541.088320 219.869760 10
0 547.517472 325.200640 574.673888 257.902080 11
0 354.581696 132.304960 376.554304 54.243520 12
0 377.869920 273.105600 410.265760 188.939840 13
0 405.540352 289.787200 439.292928 215.181760 15
0 480.556416 374.522560 504.220544 281.244480 17
0 505.790848 343.239360 535.960192 273.202240 21
0 507.244448 298.500960 532.283232 243.737760 25
0 541.964224 368.409792 564.474176 310.440768 26
0 592.093376 383.372480 606.520384 310.553920 27
0 568.283488 361.396928 591.559072 308.964672 30
0 466.118880 327.776640 492.935200 248.419200 22
0 577.133024 473.285120 603.487776 378.076160 35
0 409.448352 228.120960 425.820768 139.646080 43
0 324.835456 265.449280 364.918144 160.318400 48
0 571.680352 403.005120 593.074848 330.131520 24
0 582.798560 323.333120 595.422240 254.849280 40
0 334.835520 151.360960 372.770240 73.064000 18
0 24.859936 211.676160 39.401056 117.329920 60
0 546.187808 427.769952 578.618592 374.804128 58
0 363.380512 219.347680 403.546848 157.782560 47
0 414.559648 441.041600 452.772192 347.435840 3
