0 311.666624 407.184960 351.750976 288.306880 1
0 288.441216 321.976320 310.450304 180.751360 2
0 380.311904 426.354240 428.261536 308.598720 3
0 395.333632 361.025280 423.872768 284.267520 4
0 337.217088 172.855680 358.511552 105.407360 6
0 405.545408 360.696000 439.001152 255.786560 7
0 529.601792 427.296320 546.233088 321.261760 8
0 580.659488 270.363392 596.472032 214.006528 9
0 519.587872 302.914240 540.920288 220.070720 10
0 547.288512 323.204800 574.707008 257.540160 11
0 352.529248 136.028480 376.380832 60.076480 12
0 373.706976 273.014720 409.234464 190.461760 13
0 405.754144 286.568640 440.209376 218.213440 15
0 481.087488 375.673280 503.364352 281.549120 17
0 505.649632 342.264960 535.993888 273.370240 21
0 507.005056 297.326624 532.447104 243.541216 25
0 541.200000 367.535808 564.951680 309.925952 26
0 591.661472 378.383040 606.322528 311.003200 27
0 568.140512 357.834944 589.852448 307.484736 30
0 467.122528 334.865600 489.654432 247.874880 22
0 585.184832 479.622400 603.725248 374.039040 35
0 409.370240 224.239040 427.153280 141.180480 43
0 604.774848 449.789440 630.533952 374.437120 41
0 324.696288 263.783040 364.320032 160.548480 48
0 363.367232 218.109056 401.376448 159.478144 47
0 574.470304 399.608000 593.276256 332.116800 24
0 340.909440 156.438720 367.825280 79.946560 56
0 581.834656 313.847040 597.300064 243.669760 40
0 329.091808 152.258240 366.992672 78.011200 18
0 24.765952 213.609280 39.313536 116.909760 60
0 372.219360 206.336032 404.811040 158.740448 5
