0 311.768256 408.210880 352.844864 288.770880 1
0 287.027872 314.226240 308.812128 177.809600 2
0 314.777312 195.960000 332.255008 113.915200 3
0 394.066240 390.016640 424.000960 286.135680 4
0 388.018112 217.322656 418.015808 167.696224 5
0 339.436096 173.140160 357.868224 106.624320 6
0 406.961504 365.250560 439.421856 257.872640 7
0 530.039008 430.843200 546.062112 317.622720 8
0 551.456192 279.046656 575.289408 231.727104 9
0 518.484032 306.728960 540.869568 220.075520 10
0 547.844224 320.957120 574.674816 256.678720 11
0 351.218720 139.366080 376.083680 61.602880 12
0 372.942272 271.062400 406.037568 191.336320 13
0 396.797856 284.591520 432.510304 221.743200 15
0 474.304832 374.810560 497.763008 285.048640 17
0 327.366432 147.671680 354.124768 78.019200 18
0 501.914912 347.202560 531.946208 272.803840 21
0 563.043296 389.519360 582.529824 309.464320 24
0 504.878848 299.412384 531.557632 244.834656 25
0 543.265760 384.610240 565.180960 315.938880 26
0 589.538048 367.031584 606.257152 306.856416 27
0 574.319040 386.834880 590.111040 307.649600 30
0 466.581440 315.423040 495.615040 247.971520 22
0 326.657184 260.209280 366.723936 161.696640 19
0 536.800256 501.745280 574.306304 401.530240 28
0 590.107392 471.020160 605.394688 351.703680 35
0 606.742016 450.475520 629.525504 371.500800 41
0 402.676736 211.842240 426.439424 125.358400 43
0 588.696576 287.633600 600.900864 217.980480 40
