0 312.771680 404.726400 351.712160 287.474560 1
0 288.066016 318.677760 310.620704 183.507200 2
0 309.630080 179.954880 327.486080 84.267840 3
0 392.455680 392.636800 428.691200 292.929920 4
0 408.206208 229.481920 433.772672 160.677440 5
0 339.741056 167.205568 358.427264 106.162752 6
0 407.094976 364.129920 440.216384 261.759360 7
0 525.503936 428.955840 545.216064 315.499840 8
0 542.819488 354.409600 559.485792 284.420480 9
0 514.103744 282.431360 533.883456 211.982720 10
0 555.338400 303.977920 573.668960 256.080960 11
0 362.397184 168.667520 385.056256 84.768640 12
0 373.830272 271.323200 404.355968 190.851520 13
0 391.523712 203.898560 415.480448 134.640960 14
0 392.241824 287.982080 429.203296 222.117120 15
0 590.157120 456.820160 605.046720 351.575360 16
0 462.510528 365.906240 496.414272 282.558400 17
0 327.260320 136.935008 353.191520 75.560352 18
0 328.132416 251.721600 368.817344 160.389760 19
0 608.925504 450.669760 629.944256 374.615360 20
0 500.010368 348.046080 535.722112 275.759360 21
0 467.075872 321.798080 498.471648 250.451520 22
0 551.052832 439.339552 581.413088 383.532768 23
0 559.142240 335.542656 579.572640 288.119424 24
0 502.986048 290.986624 530.295232 236.300416 25
0 545.006688 405.924992 579.690912 345.221248 26
0 593.345216 382.608352 607.864384 323.472928 27
0 541.203456 504.742720 578.377984 405.234880 28
0 588.747776 296.859840 600.478464 214.669120 31
0 568.735264 402.580480 590.327776 311.605760 30
