0 312.603168 406.268480 352.396512 288.356800 1
0 286.959040 316.064640 308.659520 177.760640 2
0 312.534144 207.381440 333.950336 104.461120 3
0 395.185824 390.861760 424.376416 286.867520 4
0 396.014944 216.511488 423.176096 164.852992 5
0 339.292480 174.797120 358.334400 107.143360 6
0 405.888640 362.631040 439.294080 259.155840 7
0 528.398528 432.024000 546.074432 316.706880 8
0 541.157568 298.084160 563.044672 230.038720 9
0 518.530944 312.840000 540.072576 220.440000 10
0 551.343808 320.274656 574.295872 257.642784 11
0 353.740672 135.053120 376.043648 62.927040 12
0 372.874208 269.417920 405.607712 191.915840 13
0 392.742496 283.228160 427.256224 218.639360 15
0 463.668864 369.518080 498.854016 284.436480 17
0 327.482848 149.806400 354.750752 77.732800 18
0 499.587648 352.449920 532.324032 272.629120 21
0 562.302944 389.387520 581.355296 306.287360 24
0 504.720320 290.896192 529.586240 240.740288 25
0 542.986304 381.209600 565.410496 315.928320 26
0 589.799104 356.768064 606.454336 307.734976 27
0 573.916096 389.092800 589.744704 305.848640 30
0 466.395232 303.261280 491.450528 249.528480 22
0 324.787936 263.922880 365.289504 160.562240 19
0 538.274944 500.106880 576.078976 396.666240 28
0 548.824736 425.349568 578.059104 379.031872 23
0 592.102976 445.508800 605.708224 342.665280 35
0 589.640544 290.715520 600.888736 219.603840 40
0 604.814112 450.197120 629.026528 371.935360 41
