0 312.819808 406.411520 352.341152 288.391680 1
0 287.208512 316.568320 308.701888 177.683200 2
0 312.539712 207.291520 333.928128 104.434560 3
0 395.439648 390.860480 424.345312 287.049280 4
0 396.839840 216.961760 423.510880 165.790240 5
0 339.143136 175.189120 358.417184 107.397760 6
0 405.644224 362.150720 439.238976 259.171520 7
0 528.424192 431.800960 546.073088 317.313920 8
0 540.490048 302.912000 561.858752 230.944000 9
0 518.451360 311.770560 540.049760 220.312640 10
0 551.317280 320.651680 574.248160 257.693280 11
0 353.900352 136.152960 376.214208 63.250560 12
0 372.828416 269.359040 405.736704 192.016960 13
0 392.765088 283.339200 426.762592 218.152000 15
0 463.036160 368.372160 497.960960 284.184640 17
0 327.506400 149.704960 355.671840 77.367040 18
0 499.769632 351.327040 532.543968 272.754880 21
0 562.201152 388.073920 581.181888 306.166080 24
0 504.630176 292.374176 529.723744 240.523104 25
0 542.986880 380.540480 565.416320 315.774400 26
0 589.859168 357.591744 606.517152 307.725376 27
0 573.883200 389.937920 589.717440 305.850880 30
0 466.439520 303.283296 492.338080 249.709984 22
0 324.852640 265.297920 365.235040 160.391680 19
0 538.212704 500.365760 576.296096 396.060480 28
0 548.118944 426.597952 578.023776 378.888128 23
0 591.589344 442.896640 605.222176 340.678400 35
0 589.631744 290.360640 600.884736 219.448000 40
0 389.854048 201.011520 414.117792 140.236480 43
0 604.555424 449.384000 628.986976 371.999680 41
