0 313.287360 407.046720 352.334400 288.427200 1
0 288.789728 320.467200 311.242272 181.676800 2
0 312.306976 202.622080 333.250784 100.845440 3
0 396.695072 395.433280 427.892448 293.306560 4
0 395.252224 216.318528 424.235776 167.422912 5
0 339.679808 175.368960 358.404032 106.905600 6
0 403.659104 358.177920 439.158176 259.882880 7
0 526.959264 429.785600 545.914976 322.645760 8
0 540.898816 321.391360 555.838464 257.089280 9
0 517.853376 299.740160 538.992704 220.828160 10
0 553.713920 319.163936 574.078720 257.653984 11
0 354.327552 139.008960 378.704128 63.831360 12
0 372.806272 270.264000 405.570688 190.573120 13
0 385.498496 197.483136 413.256064 142.725504 14
0 393.005056 284.578880 422.541824 216.276160 15
0 461.533632 369.402240 495.920448 281.422720 17
0 327.280352 150.645120 355.504928 77.746560 18
0 499.501696 340.721600 532.861824 273.227840 21
0 560.749024 365.618560 575.943456 297.290880 24
0 503.581952 288.821056 528.172288 237.920704 25
0 541.719072 375.654400 563.772128 314.784000 26
0 592.209664 390.755520 606.159616 310.600000 27
0 574.712480 389.367680 589.941600 313.577600 30
0 465.853216 307.268832 496.112864 248.845088 22
0 324.687008 266.466560 364.394592 159.765760 19
0 537.588832 496.116160 575.551648 400.516160 28
0 589.405792 289.378240 600.681888 216.892480 40
0 545.142592 424.290240 576.165568 375.238720 23
0 25.238656 213.197120 42.128640 116.432320 39
