0 287.713984 304.920640 309.944896 183.728320 2
0 377.276736 389.916480 423.365824 286.595520 4
0 338.955360 172.385792 357.493920 109.331968 6
0 402.968224 358.685760 437.859936 256.236480 7
0 579.465024 281.889280 596.300736 213.960960 9
0 519.783360 307.130560 541.773120 218.985280 10
0 550.758848 323.670720 575.196992 257.007680 11
0 379.295680 263.443200 410.518080 190.077440 13
0 407.537440 289.263072 440.872160 227.342368 15
0 501.818816 350.851520 532.532544 268.034880 21
0 540.373120 370.451936 560.617600 313.060384 26
0 596.901504 457.112960 615.363456 347.428480 27
0 571.208608 359.099520 593.120352 299.760000 30
0 463.214112 286.632640 487.423968 214.237760 43
0 324.194784 251.392960 368.020256 163.839040 48
0 573.542368 389.767648 594.086432 331.412512 24
0 340.356352 152.720640 375.534848 76.615680 18
0 364.365856 226.528960 403.216864 158.797120 47
0 461.328416 423.976960 502.695904 331.287040 3
0 572.455968 455.636480 600.402912 385.301760 35
0 549.218176 405.954976 578.219904 355.611744 64
0 592.464096 373.506112 606.920224 310.079168 65
0 300.260768 394.184640 347.877472 286.658880 1
0 467.870304 322.897600 491.712416 254.477120 22
0 482.131456 355.757888 508.611584 293.638592 17
0 614.378176 450.630400 630.540864 372.093440 66
0 511.978848 506.787840 555.192992 410.035200 75
0 545.156768 475.983040 573.040992 391.740480 76
0 354.087520 118.083520 376.914080 42.323520 74
