0 313.168256 405.788160 352.216704 287.560960 1
0 288.479424 317.387520 310.523456 183.069440 2
0 312.208160 199.813760 329.869280 92.606080 3
0 395.988544 393.196480 428.575936 293.645120 4
0 394.321984 215.141696 423.979456 165.641664 5
0 339.571232 175.737600 358.371808 106.777600 6
0 402.611488 355.860800 438.735072 259.152320 7
0 525.103776 429.146880 545.521504 316.832000 8
0 541.199872 328.897920 558.889728 275.103360 9
0 517.771008 297.135680 539.877632 217.871040 10
0 555.700352 315.020480 574.019968 257.099840 11
0 354.384128 139.714560 379.058432 63.431680 12
0 373.253504 269.687040 405.520256 191.317760 13
0 390.610336 190.780736 414.053984 136.369344 14
0 392.863136 283.437120 423.285344 218.394560 15
0 460.539392 368.926080 493.906688 282.122880 17
0 326.976992 149.897600 355.298848 77.604480 18
0 499.849632 334.863968 533.457248 273.837472 21
0 550.674432 426.930912 580.236288 380.614688 23
0 560.338496 359.050560 574.976704 294.887360 24
0 502.918144 290.846720 528.856576 236.729600 25
0 542.835776 371.451200 566.989504 316.871360 26
0 593.531136 388.218560 606.527744 315.773760 27
0 574.402240 389.047360 590.662720 311.546560 30
0 467.277184 303.177984 491.016576 248.786176 22
0 576.699872 485.568000 593.893408 410.814720 16
0 324.854816 261.966720 363.913184 159.442560 19
0 24.272672 214.792000 39.122144 122.420160 39
0 585.746048 372.301440 597.215872 290.428800 35
0 555.314656 393.557184 576.774944 352.268096 38
