0 311.558784 407.850880 352.784256 288.397440 1
0 287.219680 316.930880 308.662560 177.237440 2
0 311.592896 233.734080 329.075264 121.513280 3
0 393.821088 391.168320 424.001632 286.440640 4
0 384.913024 219.635872 414.489216 168.351328 5
0 339.295840 174.790400 357.723040 106.501120 6
0 406.823968 365.386560 439.567072 257.515200 7
0 529.791008 430.951680 546.091232 318.964480 8
0 560.539360 266.600384 579.625760 232.177216 9
0 518.759104 305.150400 540.728896 219.878720 10
0 547.588608 321.509760 574.134272 257.294720 11
0 351.373760 140.040320 376.381760 61.576320 12
0 372.906112 271.543680 406.766208 191.470720 13
0 398.228320 284.430688 433.336480 221.722272 15
0 477.245632 372.221440 502.444608 283.467520 17
0 327.169728 148.655360 352.450112 78.361600 18
0 503.263584 345.253120 532.843936 273.498880 21
0 563.532672 391.084800 582.456448 309.786880 24
0 504.716544 298.497120 531.632896 244.161440 25
0 543.301408 383.718080 565.336032 316.111680 26
0 590.735072 365.003680 606.230048 305.611360 27
0 574.431520 384.642880 590.282720 307.345600 30
0 468.263808 320.822400 497.137792 247.957120 22
0 326.113184 258.805760 367.074656 159.637760 19
0 537.706560 501.051200 574.541760 401.136320 28
0 589.985824 477.889600 605.020896 351.632320 35
0 606.629248 449.213120 629.771392 371.497280 41
0 404.230048 224.604480 426.301792 130.054080 43
0 588.419040 287.839040 600.940320 217.277120 40
