0 303.568992 406.617280 350.787488 290.868800 1
0 287.010880 331.002880 310.022080 184.339200 2
0 396.486528 393.928320 423.816832 282.925440 4
0 338.507360 171.609600 358.455200 107.518720 6
0 405.177120 359.072320 437.727200 256.799680 7
0 579.632416 283.040320 596.178144 214.008000 9
0 520.236672 307.383360 541.589888 220.210880 10
0 551.155808 325.954880 575.236512 257.791680 11
0 379.215648 265.468160 410.552032 189.679360 13
0 406.469632 289.160320 440.168448 226.291840 15
0 480.498240 376.848320 503.536320 280.161600 17
0 504.628928 349.286720 535.860032 272.377280 21
0 504.972288 298.310944 534.150912 242.773216 25
0 542.948064 369.019296 566.110496 312.485984 26
0 594.882976 437.968640 612.293984 335.569920 27
0 571.576128 356.170272 592.450752 299.251168 30
0 466.077088 325.712640 491.548512 247.642880 22
0 450.301664 283.566400 477.854496 208.149440 43
0 324.138144 256.535040 367.603296 159.939840 48
0 571.510112 398.708800 592.968608 329.791680 24
0 338.522400 149.448640 373.114080 73.637440 18
0 363.866400 225.569920 398.931680 159.818880 47
0 443.422912 408.229440 478.170688 323.765440 3
0 369.482432 207.818112 403.792448 159.009408 63
0 574.809984 453.849920 603.089536 379.197120 35
0 553.879360 400.272320 578.833600 353.465920 64
0 24.678656 216.477440 39.648000 118.108160 67
0 593.282656 361.186432 606.421664 309.950848 65
0 521.058528 424.037120 541.189152 342.069760 68
0 611.356672 450.810880 630.074368 373.464320 66
