0 312.820640 406.962560 352.193120 287.794560 1
0 287.423232 319.643840 310.065408 181.171520 2
0 340.242880 320.154240 377.547840 206.600320 3
0 396.005696 394.244160 423.986624 284.434880 4
0 339.232512 168.691808 358.504448 106.104992 6
0 407.004512 358.707520 438.310048 256.381120 7
0 530.168672 425.267200 546.514848 320.817920 8
0 580.532032 277.171840 594.697408 212.974720 9
0 519.342400 304.431360 541.152960 218.264320 10
0 550.006400 324.557120 574.533760 257.256640 11
0 351.275264 134.842560 376.548096 60.965440 12
0 373.126368 270.271040 407.127072 189.562560 13
0 403.782208 292.745600 440.321472 216.039040 15
0 480.735040 377.601600 505.531840 285.517760 17
0 327.287712 146.005760 355.752288 77.757440 18
0 505.503328 343.834560 536.420512 272.728640 21
0 565.187296 382.941440 585.048864 316.103680 24
0 506.984576 297.663040 532.553344 243.611840 25
0 543.166848 380.226880 565.419392 315.261120 26
0 591.624160 367.753600 606.380320 296.250240 27
0 573.229664 370.347904 590.520736 309.186176 30
0 467.368544 330.167680 492.994976 248.423040 22
0 533.867456 502.211840 574.540864 409.629440 28
0 590.313536 463.663360 605.544384 356.811520 35
0 409.952896 222.129920 428.412544 140.280320 43
0 606.397088 449.326080 630.309472 373.989120 41
0 324.239904 236.644160 363.461856 158.365120 48
0 589.587456 301.423680 605.067264 235.039680 40
0 363.884704 222.336000 404.892256 157.281280 47
0 565.875072 402.574720 587.891328 314.149760 46
