0 313.380864 404.541440 351.717376 287.742720 1
0 288.004576 317.262400 310.424864 183.134400 2
0 309.526368 175.181760 327.000992 84.424000 3
0 395.083072 396.380480 428.479168 293.103040 4
0 408.144544 229.194880 433.930336 160.283520 5
0 339.753184 167.289920 358.306336 106.173120 6
0 407.042816 356.109120 438.881024 260.020160 7
0 525.934144 429.512640 545.803456 315.227200 8
0 543.008352 354.469440 559.541408 284.209600 9
0 513.406656 283.951680 533.963584 212.031680 10
0 555.169248 302.863936 573.692192 256.172224 11
0 362.506208 157.584960 385.930272 84.706240 12
0 374.017184 270.995520 404.325216 191.299520 13
0 390.729568 203.398080 415.835552 133.847360 14
0 392.461888 287.519040 427.856832 222.073280 15
0 590.252320 457.443200 605.207520 354.606720 16
0 462.041664 366.247040 496.204736 282.188160 17
0 326.917344 137.119840 352.387616 75.913120 18
0 326.866400 252.330240 368.062240 158.238720 19
0 608.562624 449.290880 630.078016 378.298240 20
0 499.889536 350.491200 535.373184 275.144640 21
0 466.899776 307.854496 497.645504 248.369504 22
0 552.184256 438.191744 581.299264 382.724736 23
0 559.213600 336.795616 579.290080 288.556064 24
0 503.156288 290.958496 530.392512 236.421984 25
0 545.782624 404.665696 578.510496 348.995744 26
0 592.233792 378.579200 607.709888 323.037440 27
0 540.530720 503.654400 578.166240 405.035520 28
0 588.468256 301.229120 600.381664 214.688960 31
0 566.154432 399.022400 590.008128 313.389760 30
0 558.476992 386.112000 580.739648 321.132800 29
