0 299.464320 392.921600 347.630720 286.732800 1
0 286.907968 334.818880 310.017472 184.584640 2
0 396.568160 393.172480 423.776160 282.725120 4
0 338.585152 171.740640 358.446528 107.815200 6
0 404.915552 359.292160 437.810848 257.278720 7
0 579.424928 281.816000 596.077152 213.695040 9
0 519.835552 304.738240 541.583968 220.064320 10
0 551.446720 327.285120 575.327040 257.578880 11
0 379.172832 265.617280 410.487328 190.053760 13
0 407.065792 292.362240 440.880448 227.276800 15
0 479.275136 374.854080 502.806144 279.799360 17
0 504.546016 349.389440 536.187424 272.958080 21
0 505.727264 298.035936 533.041376 243.278624 25
0 542.948704 367.605664 566.888096 312.485216 26
0 595.929920 452.131840 613.007040 335.459840 27
0 571.735360 355.555968 592.624320 299.089792 30
0 466.384448 321.613440 489.758912 251.620480 22
0 462.002016 281.187520 483.338144 213.497920 43
0 324.023264 254.794560 365.886496 159.902400 48
0 573.108384 389.395648 594.104416 330.960192 24
0 338.299680 149.419520 373.341920 73.460480 18
0 364.039968 224.437120 403.264992 159.167360 47
0 443.912544 407.032320 479.210656 323.696640 3
0 575.336160 451.366720 604.110880 379.277760 35
0 556.817888 397.334080 578.984992 353.009600 64
0 593.577312 364.696832 606.194848 309.867008 65
0 440.488448 346.432640 467.889152 273.057920 70
0 521.816608 423.440320 543.115232 316.507200 68
0 612.707968 450.013120 630.179712 372.834880 66
0 25.276448 216.828480 39.588320 118.744000 67
0 368.295488 210.127200 403.390912 158.948000 63
0 523.347776 502.048640 564.976064 408.351360 69
