0 314.060768 406.321600 352.349472 288.179520 1
0 288.662688 319.190080 310.873952 184.255680 2
0 396.123392 397.750080 424.360448 283.371200 4
0 337.132064 171.219520 358.524896 106.603200 6
0 406.262144 354.801600 438.123136 255.741760 7
0 579.747616 279.066880 596.661984 213.422080 9
0 519.972512 303.121920 541.287008 219.567360 10
0 548.841664 323.726080 575.277376 257.960960 11
0 354.360672 128.548480 376.858528 54.958720 12
0 379.734912 262.191680 410.798208 190.694080 13
0 404.700640 285.952224 438.161440 227.583776 15
0 479.337344 373.536960 503.171456 283.544640 17
0 505.649568 346.593600 536.114272 272.971200 21
0 506.337728 298.776800 533.293632 243.970080 25
0 543.431072 370.847424 565.959008 311.505216 26
0 590.861216 391.956800 607.333984 308.820160 27
0 572.876320 360.480864 593.092320 303.018656 30
0 465.204096 331.860480 492.120704 247.124480 22
0 425.003904 277.049280 466.692736 182.981440 43
0 323.971360 258.272320 365.478880 159.701440 48
0 572.081792 402.265920 592.953728 330.289600 24
0 335.515296 147.418880 372.370784 73.223680 18
0 364.365152 220.785344 403.410848 158.935616 47
0 433.098208 412.338880 467.877152 319.644480 3
0 371.353472 206.960448 403.586688 159.243712 63
0 574.396320 468.447360 603.325280 378.273920 35
