0 312.018432 407.398720 352.081408 287.988160 1
0 287.474880 318.122880 310.059840 181.206400 2
0 344.630112 335.394240 380.445088 216.288320 3
0 395.956704 394.536960 424.113696 284.328960 4
0 338.890304 169.477792 358.365376 106.085728 6
0 407.108256 359.536000 438.312544 256.384640 7
0 529.950400 427.074560 546.498880 321.414400 8
0 580.182752 278.640320 596.525088 212.900160 9
0 519.479872 303.626880 541.111488 218.701440 10
0 549.372544 325.550400 574.636416 257.593280 11
0 351.240800 134.835520 376.556960 61.264320 12
0 373.588768 267.584000 407.588832 189.585920 13
0 404.592160 293.540800 440.407520 217.468480 15
0 480.841920 378.100480 505.535040 285.825280 17
0 327.209088 144.748480 357.387392 78.135360 18
0 505.504128 345.087680 536.472192 272.796480 21
0 507.375424 297.675392 532.581056 243.943808 25
0 543.065728 379.880000 565.881472 315.125440 26
0 591.800384 369.961600 606.325696 301.175680 27
0 568.374464 366.075392 590.090816 308.140288 30
0 467.312608 325.360000 492.327712 249.006720 22
0 533.927968 502.791360 574.649312 409.200960 28
0 590.809600 463.890880 605.794560 356.888640 35
0 409.937248 222.992000 428.458912 140.040320 43
0 606.428960 450.300160 630.451680 374.672640 41
0 324.443744 238.822080 363.455136 159.661120 48
0 586.971680 300.279680 606.848480 236.016000 40
0 363.326112 222.348800 403.742048 157.704960 47
0 566.886144 392.572480 589.604096 311.597760 24
