0 311.561568 407.424000 352.140192 287.500800 1
0 288.442336 320.859840 310.204704 181.437760 2
0 351.659968 368.342720 391.870272 242.617920 3
0 396.019040 391.188480 424.083360 283.557120 4
0 338.238144 172.287360 358.185536 106.364800 6
0 405.185280 358.060160 438.603520 256.260480 7
0 529.250784 426.603520 545.553696 320.044800 8
0 579.510976 281.778240 595.436864 212.534720 9
0 519.444096 304.951680 541.281664 219.384960 10
0 548.771552 323.378880 574.127648 257.469760 11
0 352.346848 134.862720 376.494112 62.936960 12
0 372.792416 268.409280 408.369824 189.680960 13
0 405.564160 291.871360 440.876800 217.978240 15
0 480.615008 373.734720 505.074592 285.702080 17
0 327.027488 144.666880 356.657632 79.225600 18
0 505.292736 342.623680 536.469824 273.098560 21
0 505.978272 300.369856 532.554848 243.770944 25
0 542.993376 381.092800 565.253664 314.562880 26
0 591.043680 371.432896 606.148000 309.374784 27
0 567.608384 360.523712 591.069376 307.485248 30
0 466.555456 321.105920 493.229504 250.517760 22
0 533.580544 501.178560 575.302656 412.288320 28
0 592.222624 452.838080 605.792096 358.251840 35
0 410.199744 222.379520 427.221056 141.379840 43
0 606.780320 452.797760 630.338400 374.499520 41
0 324.495296 252.800320 364.746304 160.396480 48
0 584.883552 306.335680 605.758368 242.114880 40
0 363.376672 222.552640 404.033248 157.960640 47
0 572.356992 385.895712 592.229248 327.992288 24
0 368.567872 206.937536 404.892608 158.950464 5
0 557.588672 409.343328 579.053888 353.714592 55
0 347.686432 149.824320 366.371808 79.584960 56
