0 313.554912 405.988800 352.206368 288.184640 1
0 287.786048 313.782400 309.294272 178.883200 2
0 312.454528 208.574400 333.770112 104.203840 3
0 395.301344 391.369600 424.621856 288.449920 4
0 395.875968 217.566400 424.205952 165.798720 5
0 339.253792 175.703040 358.374368 107.347200 6
0 405.171008 361.052480 439.338432 259.712960 7
0 528.148864 432.255680 546.162816 319.410240 8
0 539.270912 309.085760 560.059648 234.200000 9
0 518.249856 310.483840 539.492224 219.251840 10
0 549.674976 320.277856 574.121504 257.762464 11
0 354.113472 137.466240 376.705088 64.316800 12
0 372.707936 269.439040 405.502624 191.540160 13
0 393.046816 284.111040 419.392224 218.318400 15
0 463.370880 362.189120 496.730240 283.307200 17
0 327.493408 151.022080 356.397792 77.433600 18
0 499.911744 347.352640 533.091776 272.775360 21
0 561.874816 384.763520 580.863104 304.664960 24
0 504.456704 290.306240 528.965376 239.186240 25
0 542.597088 379.411232 565.379872 315.626208 26
0 589.863328 361.517856 606.580832 307.403744 27
0 573.852928 387.848320 589.711872 305.801600 30
0 466.419808 302.501024 491.125152 249.286496 22
0 325.374528 266.607040 364.958912 159.845440 19
0 538.272512 500.470400 575.953408 397.959040 28
0 548.115136 428.769248 577.863744 378.507552 23
0 590.659456 441.674880 604.046464 336.408960 35
0 589.639328 290.298880 600.880992 219.384320 40
