0 313.252064 406.062400 352.111136 287.541440 1
0 286.179264 318.681280 307.807296 180.751680 2
0 309.441152 188.190400 325.918848 83.448640 3
0 394.339584 395.429440 429.789696 293.229760 4
0 408.635360 238.285760 434.473760 159.205440 5
0 339.790176 166.221952 358.310304 105.842048 6
0 406.283392 364.722560 442.560128 264.720000 7
0 525.488992 428.809920 545.173408 314.798400 8
0 542.889472 357.588160 559.692288 284.472640 9
0 513.857184 286.045760 534.091616 211.459520 10
0 554.729728 306.021344 574.250752 256.469536 11
0 364.224224 165.826240 385.606176 85.935680 12
0 373.813888 267.913920 403.233152 190.834240 13
0 392.512512 204.185280 415.440128 133.465920 14
0 389.185568 291.370560 420.379872 221.156800 15
0 589.850304 448.732160 604.006976 344.478720 16
0 455.122784 370.155840 492.879776 278.144960 17
0 328.497504 139.611200 354.363296 77.606080 18
0 328.792832 251.143360 369.348608 158.292800 19
0 610.630784 443.489280 630.887296 373.317120 20
0 499.793504 352.884160 535.514016 274.815040 21
0 467.671104 335.557440 498.417856 247.689920 22
0 550.011968 440.660896 581.927872 382.806624 23
0 559.648576 335.760448 582.404544 286.909632 24
0 504.638080 289.954432 530.962560 233.834368 25
0 545.123040 407.035776 580.736800 348.709504 26
0 593.600544 391.907840 608.155616 322.251520 27
0 540.710272 505.764800 578.761088 404.470080 28
0 558.064576 382.973120 583.732544 318.300480 29
0 570.073920 400.936320 590.418880 314.275200 30
