0 314.174144 405.202560 351.868736 287.850880 1
0 288.458944 319.605120 310.542656 183.360640 2
0 310.632832 199.267200 327.883648 90.872960 3
0 395.622432 393.619200 428.614368 293.308160 4
0 407.445568 226.938560 432.823232 160.746560 5
0 339.217344 172.518400 358.249536 105.982720 6
0 401.873984 354.800000 438.723776 257.790080 7
0 525.918656 434.655040 545.514304 313.873600 8
0 542.163232 333.007776 559.960288 282.331744 9
0 513.187424 293.518080 536.116896 214.009600 10
0 555.618912 308.371264 574.256288 255.842496 11
0 354.434464 144.761280 379.777376 68.584000 12
0 373.464960 269.648320 404.012160 190.547520 13
0 391.156320 203.006720 414.734240 134.140160 14
0 392.951712 284.854720 423.891808 219.513920 15
0 460.543936 368.327040 494.311744 282.162560 17
0 326.883584 149.637760 353.829376 76.469120 18
0 499.915136 345.670080 533.554304 274.244160 21
0 546.737120 434.199872 581.408800 381.733568 23
0 559.852640 341.082720 575.627680 289.204640 24
0 502.683200 291.383264 529.929920 238.747936 25
0 544.292480 391.183040 569.751680 318.123840 26
0 592.861792 393.015360 606.464928 317.840320 27
0 568.812672 407.025280 591.214208 308.740480 30
0 467.080416 305.485568 491.690784 248.809472 22
0 601.370336 449.352320 616.644384 376.988800 34
0 585.105824 346.471616 598.121056 292.016704 35
0 558.766208 399.887264 579.425152 350.931296 38
0 579.393760 494.296960 601.090080 387.854720 16
0 325.700960 254.027200 365.410720 158.441280 19
