0 314.199264 406.389120 352.328736 287.530880 1
0 288.632064 323.771520 310.455296 180.498560 2
0 395.399360 361.732800 424.170560 284.409920 4
0 336.065344 173.392960 358.742976 105.530560 6
0 405.039776 349.759360 438.884704 256.917120 7
0 529.397024 415.548480 546.573536 322.388160 8
0 580.195616 269.552256 596.627424 213.536384 9
0 519.679616 305.021120 540.923264 220.169280 10
0 547.640800 325.626240 574.796320 257.740160 11
0 354.975264 135.856000 376.712416 56.401280 12
0 375.237888 271.656000 410.435072 190.452160 13
0 405.778272 292.129280 440.087968 217.497600 15
0 480.803040 373.938240 504.293920 283.149760 17
0 505.451264 341.476800 535.749376 273.040960 21
0 506.821184 296.850560 531.996096 243.829120 25
0 541.138208 367.477376 564.509152 309.778304 26
0 591.881408 381.640320 606.426432 310.364800 27
0 568.913824 357.641504 589.181536 308.295136 30
0 465.981120 325.710080 493.160000 248.582400 22
0 582.129312 473.948800 603.310688 377.619840 35
0 410.082464 226.018560 426.915936 140.732160 43
0 324.734720 264.961600 364.225280 160.381120 48
0 573.701120 399.926080 593.112320 331.125440 24
0 581.746176 319.140160 594.595584 248.143040 40
0 334.572896 152.172160 371.718304 73.308800 18
0 25.079328 210.873600 40.664416 116.826880 60
0 545.847520 428.336416 578.435360 376.422624 58
0 363.801024 214.734560 404.021056 157.710880 47
0 524.024896 498.896000 567.144384 403.564160 61
