0 314.865152 405.500480 352.060928 288.120000 1
0 288.707968 318.142400 311.027072 183.543360 2
0 309.985440 197.869120 327.414880 83.663040 3
0 396.479776 396.151680 428.365024 293.435520 4
0 408.552448 228.700800 433.030912 160.298880 5
0 339.444832 173.271040 358.406048 105.662720 6
0 405.860256 355.376640 438.494304 258.572800 7
0 525.883008 430.579520 544.894592 313.556160 8
0 543.354080 353.487680 560.384800 283.613120 9
0 512.817376 288.386560 535.795744 212.933120 10
0 555.549792 305.396960 574.038688 255.524640 11
0 355.728832 146.979520 379.140928 71.750720 12
0 373.175072 271.061760 403.856608 191.119360 13
0 390.713600 203.633280 414.673920 135.438720 14
0 392.844800 285.209280 424.632320 219.864640 15
0 588.984768 456.841600 605.556032 360.415360 16
0 460.999840 367.803520 495.549280 281.756800 17
0 326.384736 137.098144 352.062624 75.518816 18
0 324.724352 257.698880 366.203008 163.177920 19
0 612.614368 453.225280 630.918432 384.004800 20
0 499.779392 342.675520 534.957248 274.592960 21
0 547.175040 438.236800 581.453440 383.236480 23
0 559.615552 334.477312 576.573888 288.249088 24
0 501.664832 291.989280 530.403008 237.678560 25
0 543.864320 405.931552 579.301120 344.253408 26
0 593.159104 374.452480 606.632256 318.201600 27
0 540.577376 503.432320 578.512544 404.878720 28
0 571.707968 401.056960 590.931392 308.472640 30
0 557.560864 374.127232 579.034336 323.381888 29
