0 315.587136 406.213440 351.994304 287.284160 1
0 288.813216 316.514880 310.409824 181.204160 2
0 395.824992 387.080000 424.199328 284.416960 4
0 335.716672 173.946240 358.921408 105.564800 6
0 405.827424 348.012160 438.021536 256.425600 7
0 579.795040 284.140800 596.801440 213.893120 9
0 520.031200 306.384320 541.206560 219.520320 10
0 548.373760 321.101152 574.753280 257.795488 11
0 355.173664 132.704320 376.466656 56.015040 12
0 379.208576 271.464320 410.438784 188.854400 13
0 404.872416 288.522560 438.803744 220.914880 15
0 480.964384 373.107200 504.347616 283.973120 17
0 505.464832 345.929280 535.827968 272.902080 21
0 506.172224 299.849952 533.163456 243.635488 25
0 543.116096 367.688384 565.883584 311.195456 26
0 593.691840 383.103680 606.715200 309.750080 27
0 569.226400 360.227840 591.303520 308.693760 30
0 465.843552 329.038080 492.849568 248.549120 22
0 578.919424 465.126080 603.520256 378.698560 35
0 411.469760 234.135040 430.492480 146.990080 43
0 324.639168 263.702400 365.863232 160.268160 48
0 573.073024 407.492480 592.878976 331.698560 24
0 583.510784 337.621696 596.688896 274.737984 40
0 334.777088 147.608000 372.727552 72.759360 18
0 363.191808 221.329728 403.245312 158.506432 47
0 414.342016 441.047360 453.450624 345.385920 3
0 523.569056 500.348800 565.681504 409.377920 61
