0 315.312128 406.095040 351.987712 287.286080 1
0 288.767680 314.829440 310.414400 181.022080 2
0 395.712320 385.406080 424.148160 284.617600 4
0 335.859584 173.693760 358.999936 105.631680 6
0 405.802240 346.973760 438.178560 256.556480 7
0 580.048448 284.094720 596.677312 213.596160 9
0 520.055360 306.005760 541.191360 219.665920 10
0 548.461824 321.389632 574.795776 257.861568 11
0 355.131904 133.449600 376.463616 56.126080 12
0 379.256448 271.359360 410.456192 188.874880 13
0 404.863520 288.810240 438.903520 219.832320 15
0 481.065728 372.949760 504.259072 284.106240 17
0 505.509760 346.292480 535.730560 272.858880 21
0 506.810848 299.327904 533.081632 243.532896 25
0 543.145056 367.812128 565.799584 311.122912 26
0 593.368576 382.871040 606.736384 309.917440 27
0 569.147104 362.979168 591.384096 308.922272 30
0 465.806752 329.207040 492.736608 248.825600 22
0 577.761344 465.733760 603.615936 378.728320 35
0 410.569280 232.366080 428.186560 144.436480 43
0 324.642176 262.932800 365.899904 160.492480 48
0 572.096512 406.959680 592.837888 330.011840 24
0 582.521056 336.430720 596.152864 271.775360 40
0 334.830272 146.752320 372.659008 72.582080 18
0 363.268480 220.595904 403.314560 158.307136 47
0 414.157248 441.000320 452.777792 346.040960 3
