0 311.494176 406.210880 352.123104 288.592320 1
0 287.268896 312.895040 309.202144 180.327360 2
0 312.412960 283.490240 359.021280 181.180480 3
0 395.406368 393.314880 424.113632 285.113280 4
0 376.345536 210.635616 409.114944 159.926944 5
0 339.556032 168.721632 358.438208 107.264288 6
0 407.783776 358.117120 438.246304 255.148800 7
0 529.517568 430.764160 546.748672 320.918400 8
0 579.842112 280.326080 593.167808 214.638400 9
0 519.123296 304.099200 540.387744 218.430080 10
0 551.323040 327.332480 574.273120 256.369280 11
0 352.293856 135.235840 376.739104 60.459520 12
0 372.512224 271.689920 405.114656 189.062720 13
0 401.870592 285.352416 436.377088 222.044704 15
0 481.002432 378.479360 505.555008 283.996160 17
0 327.068928 146.135360 355.260672 77.493440 18
0 505.604448 342.958080 536.053152 273.329920 21
0 564.921856 386.652480 584.644864 316.546240 24
0 506.160960 295.869728 531.956160 243.779552 25
0 542.837472 374.632960 565.268768 314.824960 26
0 591.547104 366.075840 606.235936 295.707200 27
0 573.716256 376.692480 590.281184 308.101120 30
0 466.883136 329.772800 495.218624 248.931840 22
0 326.725024 248.150720 366.002016 157.327680 19
0 533.396224 500.625280 575.207936 402.436480 28
0 590.794912 455.604800 605.461088 356.538560 35
0 408.938176 222.639680 428.739904 140.114880 43
0 606.156800 449.646080 629.916160 373.669120 41
0 565.506944 416.573440 585.877376 315.589120 46
0 591.971168 292.391360 601.523872 214.329920 40
