0 286.941824 334.241920 309.958016 184.266880 2
0 396.532288 390.315200 423.701952 282.537280 4
0 338.620256 171.741440 358.367904 107.368960 6
0 405.463360 359.612800 437.708480 257.403520 7
0 579.644448 280.821440 596.090592 213.906240 9
0 519.664608 302.173440 542.132512 219.741440 10
0 550.663040 327.067840 575.241600 257.624640 11
0 379.007264 264.971520 410.445536 189.561600 13
0 406.389312 288.305088 439.871168 227.858752 15
0 504.656672 352.550080 535.962848 272.878400 21
0 507.572672 297.591168 533.383488 243.585152 25
0 542.490976 384.079360 564.216224 316.104960 26
0 596.511712 456.211200 613.592608 340.247040 27
0 571.893632 357.705920 592.828288 300.449600 30
0 467.101696 322.357440 491.122944 252.772160 22
0 463.008448 282.913280 484.104512 214.496000 43
0 323.948256 254.134080 365.775904 160.250560 48
0 573.403328 389.347456 593.996352 330.451584 24
0 339.135552 147.058880 373.579968 74.569280 18
0 364.314016 223.710080 403.212384 159.356800 47
0 447.285600 410.061440 486.030240 324.484480 3
0 575.590464 448.542720 603.946176 378.218240 35
0 554.921824 396.577504 578.918816 353.016096 64
0 592.067456 365.950176 606.474624 309.573664 65
0 440.592832 350.216640 467.919168 272.912960 70
0 613.230720 451.131200 630.456960 372.740800 66
0 25.506688 215.423040 40.453120 117.885120 67
0 525.969792 501.814400 564.396928 408.795520 69
0 298.359360 392.944320 347.256000 286.804800 1
