0 312.386720 406.864320 352.305760 287.202880 1
0 288.367584 320.607040 310.232096 181.081280 2
0 347.842464 349.982400 384.874336 225.666880 3
0 395.957664 391.720000 423.991136 283.951040 4
0 338.587360 172.776960 358.527520 106.379520 6
0 405.619680 359.675840 438.431520 256.709440 7
0 529.780800 428.509120 545.268160 319.974720 8
0 579.345664 278.904960 595.270656 212.894080 9
0 519.529344 307.282240 541.119616 219.463360 10
0 548.597792 323.574400 574.271968 257.463680 11
0 352.339360 137.508800 376.496480 61.921600 12
0 373.054272 268.199360 407.563968 189.769280 13
0 404.926336 293.617280 441.092224 217.271680 15
0 480.501536 375.192000 505.493984 284.608320 17
0 327.110272 145.647040 358.083968 78.272320 18
0 505.389376 344.433920 536.154304 272.939520 21
0 507.616224 302.631744 533.217056 243.512256 25
0 543.039616 380.182080 565.440384 315.531200 26
0 590.607616 371.955168 606.394624 308.160032 27
0 567.683488 358.357760 590.579552 307.202560 30
0 466.509856 324.550080 489.405664 249.277760 22
0 534.244512 500.969280 574.787168 410.265280 28
0 590.668800 466.054080 605.927680 358.694720 35
0 410.054720 222.097600 428.122560 139.767360 43
0 606.668000 451.479680 630.399520 374.709120 41
0 324.600352 245.058240 363.859168 160.216640 48
0 586.199584 305.745280 607.150816 238.661760 40
0 363.219712 222.904288 400.452608 159.476512 47
0 570.445856 393.572768 590.955744 329.608032 24
0 369.783040 208.961152 404.736000 158.799488 5
