0 313.448736 405.583680 352.196064 287.314880 1
0 288.503392 316.522240 310.540448 183.061760 2
0 311.761056 202.824000 328.789344 91.769280 3
0 396.329024 393.105600 428.564416 293.537600 4
0 399.151872 215.290176 426.480128 164.711104 5
0 339.386912 175.102720 358.341088 106.415360 6
0 401.958272 355.911040 438.604928 258.679680 7
0 524.961984 430.340480 545.724736 316.750720 8
0 539.989184 328.963136 559.342656 276.163264 9
0 517.705888 302.675840 539.862112 217.319040 10
0 555.774752 313.543520 573.986528 256.964000 11
0 354.635104 139.570560 379.069856 62.852480 12
0 373.151136 270.010240 405.891424 190.561920 13
0 390.661600 199.227904 414.052640 135.568896 14
0 393.141568 282.755392 424.354752 218.966208 15
0 460.606912 367.816640 493.937728 281.997120 17
0 327.026240 149.147840 355.673280 77.527360 18
0 499.691840 338.108160 533.552320 273.902080 21
0 549.754816 429.939360 580.917824 381.016160 23
0 560.176096 354.429088 573.766944 293.047392 24
0 503.064672 290.756320 528.913568 236.800800 25
0 543.141920 372.092608 567.538400 316.991552 26
0 592.318816 396.096960 606.122144 315.270720 27
0 573.546656 395.817600 590.544224 310.124160 30
0 467.261376 301.984768 490.717504 248.673792 22
0 577.247424 493.619520 596.031296 405.895360 16
0 325.273152 259.843840 364.037568 159.888640 19
0 553.255520 394.723168 576.743840 352.967072 38
0 540.620096 495.391040 578.316224 405.457600 28
