0 314.969824 406.361920 351.928096 287.669440 1
0 288.600480 321.910080 310.664800 181.606080 2
0 396.067360 390.240320 424.288480 284.406720 4
0 336.004736 174.413440 358.798464 105.723520 6
0 405.915808 350.110720 437.980512 256.057600 7
0 579.647904 285.109760 596.846176 214.055680 9
0 519.935296 306.700800 541.170624 219.366400 10
0 548.303936 320.963776 574.517184 257.597504 11
0 355.404576 134.901440 376.525024 56.192320 12
0 379.191936 270.100480 410.438784 189.452800 13
0 405.150304 286.248768 438.310816 222.318272 15
0 481.341216 373.695040 504.110304 283.064000 17
0 506.067424 345.380800 536.040736 272.855360 21
0 506.475008 299.386848 533.087232 243.399712 25
0 543.244544 368.914112 565.931776 311.604288 26
0 595.706208 382.751040 606.549152 310.107840 27
0 571.444960 359.959168 592.607520 309.233792 30
0 465.967552 330.618880 490.891328 249.054720 22
0 412.986464 254.498560 440.041376 163.714560 43
0 324.655392 260.134400 365.274848 160.679680 48
0 573.897152 400.348800 592.889408 333.526400 24
0 585.461856 344.223136 597.387424 285.405024 40
0 335.516032 147.322880 372.345728 73.189120 18
0 363.424352 220.277152 403.019168 158.711648 47
0 418.401984 441.047040 456.777536 342.316800 3
0 524.932352 501.908480 565.526528 409.840640 61
