0 311.570656 407.876160 352.804384 288.390080 1
0 287.217920 316.777920 308.652800 177.261120 2
0 311.859360 231.784000 329.653600 120.648640 3
0 393.898560 390.830720 423.972800 286.490240 4
0 385.028032 219.358624 415.211328 168.294496 5
0 339.324928 173.995520 357.768192 106.534400 6
0 406.563840 365.191680 439.534080 257.607680 7
0 529.938816 431.110720 546.090624 319.282880 8
0 559.469248 267.477664 579.180352 232.736096 9
0 518.694944 305.886080 540.757216 219.780480 10
0 547.513920 321.670080 573.950400 257.025600 11
0 351.378304 139.302720 376.382336 61.493440 12
0 372.972832 271.401280 406.776288 191.524800 13
0 398.197376 283.977312 432.802944 221.708448 15
0 475.646464 371.823040 501.851136 283.634240 17
0 327.213920 149.185920 352.865440 78.256000 18
0 503.143552 344.608640 532.711808 273.281920 21
0 563.484768 390.811840 582.446752 309.727040 24
0 504.596576 299.068000 531.572384 244.568480 25
0 543.290208 383.710080 565.320352 316.085120 26
0 590.722912 365.078784 606.244768 305.838336 27
0 574.345216 385.030720 590.292224 307.293120 30
0 467.951872 319.441600 496.571648 248.151360 22
0 326.533696 258.991040 367.175104 160.048960 19
0 537.713472 501.651200 574.554048 400.864000 28
0 590.019296 477.621760 605.065504 351.695360 35
0 606.656736 449.232640 629.668384 371.356160 41
0 403.921440 223.408320 426.104800 128.592960 43
0 588.506048 287.921600 600.951872 217.392960 40
