0 311.887840 406.524160 352.506400 288.117760 1
0 287.566880 314.661440 309.367520 179.616960 2
0 308.024384 264.480960 341.228736 164.278080 3
0 394.401152 391.376960 423.804288 286.078400 4
0 380.303648 214.202112 411.578592 163.451648 5
0 339.219072 169.372416 358.322048 106.662144 6
0 406.881792 358.261440 438.376448 255.117120 7
0 529.309472 428.964800 546.036448 320.694080 8
0 572.382720 285.928544 588.202240 228.858016 9
0 518.976832 301.093760 540.768448 219.003520 10
0 551.066016 322.116160 574.377824 257.037760 11
0 352.279232 135.235200 376.662848 61.481600 12
0 373.174208 272.403840 406.336832 190.047360 13
0 402.393088 284.056544 435.571712 221.917216 15
0 481.160288 376.833280 504.716192 282.304000 17
0 327.124192 146.350720 353.716768 78.291840 18
0 505.655072 342.565120 536.417248 276.286720 21
0 565.099008 395.556160 583.624192 312.703680 24
0 505.187616 296.600224 533.173984 242.938976 25
0 543.776544 382.286720 566.083296 316.999040 26
0 592.106592 364.097088 606.386848 300.444352 27
0 573.940800 379.616640 589.988800 306.565760 30
0 467.357376 329.655360 492.184384 250.485440 22
0 326.669600 248.765760 365.873120 161.432000 19
0 537.679008 499.938240 575.028832 403.670080 28
0 590.054336 480.109760 605.329984 355.222080 35
0 408.873344 223.644160 428.909696 139.230720 43
0 589.953632 287.196480 600.976288 213.439680 40
0 606.240832 445.731520 629.047488 373.057600 41
