0 313.552736 406.521600 352.322464 288.343040 1
0 288.859040 319.845120 311.338080 181.551360 2
0 312.149408 204.052800 333.024352 102.086080 3
0 397.376448 395.592640 427.692352 292.842560 4
0 394.715808 216.407424 424.098912 167.664256 5
0 339.726176 175.284160 358.388384 107.136320 6
0 404.021536 357.335680 439.178464 259.815040 7
0 526.868096 428.154560 546.085504 322.864960 8
0 540.313152 320.940800 555.388608 251.723520 9
0 517.819744 293.672320 539.094176 220.274560 10
0 552.704992 319.968864 574.073888 257.876896 11
0 354.264800 138.322240 378.663200 63.723200 12
0 372.876352 269.961280 405.505728 190.717120 13
0 384.369760 195.333024 411.864480 146.548576 14
0 392.987168 285.205760 422.395872 216.202240 15
0 462.261472 367.976640 496.531488 282.902080 17
0 327.322048 150.587840 355.515712 77.647680 18
0 499.439424 341.251200 532.691136 273.303680 21
0 560.541280 364.473600 576.029600 297.424640 24
0 503.645600 289.246336 528.532320 237.890944 25
0 541.932832 381.128960 564.432608 315.637760 26
0 591.867232 382.964160 606.370208 308.203840 27
0 574.681568 391.166720 590.104352 312.524800 30
0 466.057696 306.595296 497.343264 248.846624 22
0 324.973056 267.086400 364.743424 159.771840 19
0 537.716608 499.155840 575.060352 403.011200 28
0 589.386720 289.446400 600.695840 216.820480 40
0 545.114464 422.739840 576.160416 376.778880 23
0 25.167488 214.945280 42.340992 116.833280 39
0 556.112512 398.118080 577.029248 352.025920 38
