0 311.722144 407.364480 352.746336 288.080000 1
0 287.099552 318.503360 308.801888 177.697600 2
0 309.039712 241.871040 326.329248 129.808960 3
0 393.571200 390.018240 423.760000 286.149440 4
0 383.691328 219.129056 412.889792 165.770784 5
0 339.424640 172.384960 357.870720 106.361920 6
0 404.857728 359.203520 439.551872 256.754240 7
0 530.054720 428.277440 546.102720 314.649920 8
0 565.546688 273.265984 586.053952 231.772096 9
0 518.889184 303.007040 541.007136 219.326400 10
0 548.486944 323.073600 574.133216 256.735680 11
0 351.702560 138.720640 376.367840 61.655680 12
0 372.912736 273.412160 406.463904 190.563520 13
0 402.085344 279.924864 433.983776 218.583936 15
0 481.199968 376.088640 504.565152 280.927680 17
0 326.824704 146.868160 352.418816 78.295360 18
0 504.818176 345.496640 535.126784 276.355520 21
0 563.855616 389.964480 582.480384 309.523520 24
0 504.944000 294.971136 532.269440 242.532864 25
0 543.472320 383.645120 565.344320 316.345920 26
0 590.253472 366.312960 606.133088 299.393280 27
0 574.206496 383.397120 590.164704 306.032640 30
0 468.201408 325.302080 495.543872 249.759680 22
0 324.271840 259.401920 366.737440 159.388480 19
0 537.876448 500.083520 574.880032 401.759680 28
0 589.733088 476.882880 604.698912 353.908800 35
0 606.003584 448.880320 629.337216 372.575040 41
0 407.575424 226.003840 427.735936 134.601600 43
0 588.120352 284.725760 600.780768 216.418560 40
