0 313.786656 405.624640 352.124384 287.936960 1
0 288.510400 316.028800 311.031360 183.432320 2
0 309.789312 176.825280 326.096768 83.781440 3
0 395.531392 397.771200 428.275328 293.652800 4
0 408.538848 227.217920 433.260832 160.010240 5
0 339.612608 171.842880 358.407232 105.512640 6
0 406.776032 354.550400 438.551328 258.408320 7
0 525.560704 432.415680 545.318016 315.161920 8
0 543.384544 351.450240 560.217376 283.445120 9
0 513.561760 287.667520 535.367520 212.178880 10
0 555.461312 304.812224 573.965888 255.507776 11
0 357.871776 145.825600 378.957664 72.310720 12
0 373.014944 272.082880 403.653216 190.888000 13
0 390.842560 204.289280 415.049280 134.620160 14
0 392.283936 284.261120 425.177824 218.301440 15
0 589.235008 456.600960 605.140672 356.260480 16
0 461.182016 369.149440 495.835584 281.991680 17
0 326.620384 135.697984 353.645856 76.358336 18
0 324.299200 257.456640 365.931840 158.792960 19
0 610.320416 449.842560 630.781664 383.635840 20
0 499.631616 345.721600 535.810304 274.895360 21
0 466.863840 311.063424 497.749280 248.471936 22
0 548.680384 437.340384 581.457216 383.078176 23
0 559.510720 333.444768 576.404800 287.955552 24
0 502.219072 291.926496 530.310848 237.888544 25
0 545.472384 402.358720 578.999936 346.905920 26
0 592.780384 368.752800 606.541216 318.419040 27
0 541.135936 503.239360 578.390464 404.281920 28
0 574.058336 401.079360 591.119264 309.458880 30
0 558.443520 372.009856 579.264000 321.314944 29
