0 314.062112 406.787520 352.107488 288.788800 1
0 287.219264 317.349120 309.707456 180.695040 2
0 327.203552 309.034240 375.065888 202.186240 3
0 395.990656 393.345600 424.127104 284.495040 4
0 376.321472 209.957472 408.058688 158.978208 5
0 339.468224 169.526656 358.510656 106.257024 6
0 407.626112 358.510080 438.380928 255.559680 7
0 529.994048 424.174720 546.405312 322.250880 8
0 580.073632 277.042240 594.375008 212.616640 9
0 519.084096 304.003840 541.063104 217.758720 10
0 549.863232 323.961920 574.322368 256.944320 11
0 351.062464 138.112000 376.449856 61.512960 12
0 372.626912 274.208000 406.210848 189.303040 13
0 402.517120 290.262400 440.158080 219.838080 15
0 480.779968 378.938240 505.061952 285.768320 17
0 327.521248 148.696640 357.125152 77.662400 18
0 505.577312 343.331840 536.542368 272.711680 21
0 564.784000 383.450240 584.631680 317.225600 24
0 507.183648 297.711808 532.556512 243.447872 25
0 543.184224 378.210112 565.062816 315.427008 26
0 591.194048 365.580800 606.357312 295.568640 27
0 573.765280 376.275840 590.668640 309.563520 30
0 467.413696 332.188800 494.606144 248.602240 22
0 534.529408 501.849280 574.801792 409.165120 28
0 590.450656 458.935680 605.452064 357.047680 35
0 409.516352 221.954240 428.120768 140.846400 43
0 606.242912 447.818560 630.175648 373.579200 41
0 324.219456 227.332480 362.523584 159.420800 48
0 565.305856 406.769600 586.394624 315.247680 46
0 592.029952 300.848000 603.181568 227.864960 40
0 324.065056 223.365120 351.969504 159.054080 50
0 364.493472 223.258080 402.386528 160.009760 47
0 345.685184 226.786848 364.005696 165.122272 19
