0 286.878688 333.099520 309.964832 184.444160 2
0 396.550208 390.683520 423.667392 282.572160 4
0 338.695680 171.385920 358.375680 107.373760 6
0 405.277920 359.260800 437.695520 257.462400 7
0 579.434176 281.616960 596.085824 214.087360 9
0 519.643648 300.450560 541.766912 219.735040 10
0 551.012544 326.968320 575.304256 257.623040 11
0 378.850496 265.459840 410.287424 189.530240 13
0 406.444448 290.576192 440.848992 227.051968 15
0 504.363424 352.846400 535.911776 272.831680 21
0 507.392640 297.445280 533.402240 243.684960 25
0 542.439232 379.361152 565.298368 315.472768 26
0 596.178944 456.325760 613.426176 340.123520 27
0 571.857696 357.013024 592.920544 300.017376 30
0 466.872480 320.777280 490.177120 252.195520 22
0 462.793120 279.914240 484.410720 214.677760 43
0 324.092000 253.398400 367.142560 160.945280 48
0 573.370752 389.595072 594.214528 330.916928 24
0 338.702976 148.021120 373.307264 73.816960 18
0 364.256160 225.244480 401.799520 159.529920 47
0 446.338400 410.212800 484.292000 323.922240 3
0 575.233792 451.312000 604.135168 379.145600 35
0 553.873472 396.442016 578.826688 353.236064 64
0 592.433120 363.613696 606.641440 310.465024 65
0 440.573376 349.208640 467.841344 272.182720 70
0 612.912032 450.372800 630.570848 372.717120 66
0 369.158848 210.602656 403.473472 159.118944 63
0 25.435904 216.731840 40.392064 118.276160 67
0 525.503232 503.749440 564.302848 409.161920 69
0 297.978816 392.824640 347.243584 287.113920 1
