0 314.586720 405.299840 351.901600 287.936640 1
0 288.453920 319.308160 310.554080 183.342720 2
0 310.375840 196.632960 327.623520 90.798720 3
0 395.633152 393.949760 428.624128 293.201600 4
0 407.922464 226.918400 432.836576 160.624640 5
0 339.397184 172.547840 358.266816 106.076160 6
0 401.619776 354.677440 438.720704 257.576000 7
0 525.869408 434.451840 545.480352 314.113920 8
0 541.962720 333.232800 560.062240 282.814560 9
0 513.270240 292.830400 536.186400 213.876800 10
0 555.627776 308.086720 574.205184 255.888960 11
0 354.645664 145.216320 379.735136 68.788160 12
0 373.464096 269.813440 404.134624 190.733120 13
0 391.092704 203.057280 414.786336 134.221440 14
0 392.978112 284.629120 424.282688 219.843200 15
0 460.707456 368.805760 494.399104 282.148480 17
0 326.843008 148.339200 353.996672 76.558080 18
0 499.932544 345.683840 533.657216 274.455680 21
0 546.815808 433.664096 581.437632 381.635744 23
0 559.860288 340.137440 575.946432 289.101600 24
0 502.599648 291.347296 529.903392 238.858144 25
0 544.195040 391.664640 569.916960 318.183680 26
0 593.017600 391.522880 606.506240 317.932480 27
0 569.482048 406.490240 591.212992 309.189760 30
0 466.989600 305.361952 491.593440 248.860128 22
0 601.588608 449.109440 616.604032 377.276480 34
0 584.993120 346.117472 598.109600 291.810208 35
0 559.134976 400.039904 579.446784 350.836256 38
0 579.497248 491.101120 601.182432 386.066240 16
