0 287.793792 298.033920 310.090368 183.752960 2
0 373.621312 384.157440 418.958528 283.142400 4
0 338.964640 173.267840 357.721440 109.139840 6
0 402.644992 359.999040 437.835008 256.043200 7
0 579.497504 279.549120 596.288736 214.288960 9
0 519.823936 309.614720 542.596544 218.998400 10
0 550.286400 323.592960 575.170240 257.192960 11
0 379.231904 263.256960 410.556256 189.930880 13
0 407.671488 291.795200 441.608512 227.124480 15
0 501.563808 346.383680 532.444512 267.929280 21
0 539.191104 369.278048 558.946496 310.999712 26
0 597.008576 458.474240 615.124544 347.394560 27
0 571.168640 359.511008 593.246080 299.777312 30
0 463.193856 286.844160 487.569664 213.948160 43
0 324.180928 252.094400 368.734272 165.046080 48
0 574.018336 385.727104 594.360544 331.670656 24
0 340.441696 154.611520 376.167584 76.550080 18
0 364.382304 227.036160 403.366816 158.369280 47
0 461.089632 424.000640 504.291488 332.155520 3
0 572.325024 457.021760 598.525536 382.971840 35
0 550.450496 405.308096 578.149824 354.594624 64
0 592.390912 371.377280 606.946048 310.506880 65
0 303.801600 394.253760 347.960320 286.813760 1
0 467.809024 322.267840 491.448576 254.198080 22
0 482.146016 356.329632 508.719904 293.623648 17
0 614.300256 454.932480 630.439584 372.385280 66
0 508.977472 505.917120 553.227968 411.881280 75
0 354.322240 116.589760 376.971200 42.428480 74
0 545.240352 482.267840 572.934368 392.065600 76
