0 287.333248 332.024640 309.981312 183.855040 2
0 388.430336 392.705280 424.634624 282.301440 4
0 338.975840 173.013120 357.760160 108.083840 6
0 405.014752 358.126720 437.744928 256.530560 7
0 579.809888 285.079040 596.484512 213.620480 9
0 519.795136 305.249280 543.203904 218.731520 10
0 550.677312 325.664000 575.210688 257.146880 11
0 378.772480 263.477120 410.874880 189.975680 13
0 406.532608 288.399392 439.652352 226.385888 15
0 505.231008 348.574080 536.733792 271.208320 21
0 509.641216 298.121216 533.016064 242.555904 25
0 542.364800 373.433824 562.764160 315.545376 26
0 595.788544 457.112320 615.663616 345.692160 27
0 571.435776 357.337216 592.779264 299.737984 30
0 463.767200 286.248320 487.870560 215.585920 43
0 323.949568 255.441600 369.444352 163.036480 48
0 573.022464 391.078496 594.090496 330.712224 24
0 339.448448 152.729280 375.129472 75.958080 18
0 364.555520 222.872448 403.655680 159.631232 47
0 460.131232 418.816960 502.838368 330.707520 3
0 573.677536 451.424320 603.977504 380.821440 35
0 556.210592 398.520768 578.673248 352.107072 64
0 591.849024 369.375680 606.741696 308.732480 65
0 297.808448 392.971520 347.543232 285.815040 1
0 467.736864 322.347200 491.062496 255.286080 22
0 481.720576 356.440000 506.854144 292.543040 17
