0 310.790368 405.333440 352.046112 288.208960 1
0 287.349856 312.332160 309.073824 180.129920 2
0 309.028192 278.270720 349.520288 174.240000 3
0 395.350816 392.404480 423.841504 285.478400 4
0 380.044608 211.360640 409.963712 160.682880 5
0 339.319008 169.350688 358.653472 106.974432 6
0 407.842304 357.532800 438.108416 255.067520 7
0 529.309312 426.804800 546.853248 321.096640 8
0 577.015616 288.607040 591.193024 222.516160 9
0 518.933056 302.996480 540.361664 218.417920 10
0 551.706304 325.976320 574.220096 256.682240 11
0 352.285376 134.839680 376.689984 60.046720 12
0 372.829728 271.508480 406.127072 188.902400 13
0 401.677568 285.606272 436.338432 222.421888 15
0 481.298720 376.881600 505.530080 281.510720 17
0 327.173856 146.604800 355.460384 77.512960 18
0 505.717056 342.043200 536.050624 273.593280 21
0 565.542720 404.737600 585.330880 315.382720 24
0 505.703744 296.495872 532.770496 244.489728 25
0 543.299872 376.084768 565.722848 315.152352 26
0 591.051328 365.459520 606.277312 295.652800 27
0 572.698720 368.992224 589.865120 307.153696 30
0 467.205824 329.341440 490.610496 249.606400 22
0 327.598784 247.015680 366.346816 162.063360 19
0 534.242528 500.304320 575.225632 405.750080 28
0 590.597280 461.422720 605.443680 356.481920 35
0 408.989152 223.215680 428.717088 139.776960 43
0 606.209664 449.656640 629.741696 373.051840 41
0 348.730176 146.420800 363.945664 81.132480 44
