0 313.651712 406.748800 352.350208 288.594560 1
0 288.630432 320.134080 310.537568 181.620800 2
0 313.256448 200.730560 332.362752 94.562880 3
0 396.044384 395.033280 428.385696 293.899840 4
0 396.624608 217.387200 425.111072 167.439680 5
0 339.537760 176.073600 358.324640 107.153280 6
0 403.925088 357.341120 439.167392 259.168320 7
0 525.173728 430.687360 544.920352 320.202880 8
0 540.261664 325.091008 558.042336 267.936832 9
0 517.992736 299.610880 539.333344 220.487680 10
0 555.893440 313.434880 574.176320 257.144320 11
0 354.498816 139.358400 379.009024 63.297600 12
0 372.893568 271.911360 405.995392 191.184960 13
0 386.667296 197.198432 413.262304 140.422048 14
0 393.208384 283.133440 423.692736 215.863040 15
0 461.442368 370.859200 494.423232 282.135360 17
0 327.474656 148.413760 355.255584 77.201600 18
0 499.653248 336.298720 533.251712 273.370400 21
0 559.566688 362.648960 576.040352 297.683840 24
0 503.028864 289.748640 528.658816 238.625120 25
0 543.024256 374.538656 564.957824 316.557664 26
0 593.637152 397.071040 606.414048 311.867200 27
0 575.017664 390.069440 590.415936 313.894720 30
0 465.999520 301.254752 492.076640 248.719008 22
0 324.864096 265.121280 364.296864 158.790400 19
0 587.279072 395.749440 598.616608 301.576640 35
0 540.150848 496.494080 579.055552 402.967040 28
0 589.469952 288.493760 600.903168 214.121280 40
0 546.625728 399.396128 576.572992 351.448032 38
