0 311.251776 407.028800 352.348864 287.765440 1
0 288.448512 319.730240 310.235648 180.921280 2
0 365.300640 382.266560 403.413600 262.972480 3
0 396.097952 386.918400 423.945568 284.422400 4
0 338.329824 171.731200 358.134816 106.883840 6
0 406.072320 355.693120 438.652160 256.637120 7
0 529.115168 425.185600 545.826272 319.967680 8
0 579.727744 283.421760 595.814016 212.625600 9
0 519.397664 304.557440 541.092576 219.501440 10
0 547.190688 323.590720 574.172512 257.321920 11
0 352.712864 134.093440 376.729696 61.772160 12
0 373.128448 269.629120 408.076032 190.073920 13
0 405.407552 291.266560 440.875968 218.416640 15
0 480.912608 374.268480 503.864352 282.535360 17
0 327.015328 144.316160 357.655392 78.780160 18
0 504.880064 342.150080 536.282176 273.389120 21
0 505.837856 300.084416 532.791264 243.792704 25
0 542.568640 380.568000 565.250880 313.698880 26
0 590.984896 372.022336 606.147904 309.399744 27
0 567.717632 357.761344 590.414848 307.756736 30
0 467.800992 322.301440 493.084768 250.056960 22
0 534.215008 501.796800 574.512032 412.837440 28
0 590.921280 457.779840 605.594560 359.982720 35
0 410.099232 223.609920 427.179488 141.382080 43
0 606.913024 450.607040 630.233856 374.724160 41
0 324.429216 264.488960 364.372064 160.432640 48
0 584.105856 302.627328 603.362944 244.439552 40
0 363.337120 222.722880 404.382560 158.109120 47
0 573.851840 389.554880 592.484160 331.202880 24
0 366.525088 207.882272 405.028192 159.219168 5
0 557.718944 409.797920 579.136096 353.654240 55
0 348.668832 146.921920 366.499168 79.012160 56
