0 312.650944 407.015680 352.183616 287.942400 1
0 287.440512 318.979840 310.058368 181.191680 2
0 342.421632 328.174080 378.396288 210.996480 3
0 396.034464 394.059520 423.933536 284.097280 4
0 338.993472 168.887424 358.358208 106.089856 6
0 406.994080 359.460480 438.335840 256.461440 7
0 529.392416 419.732480 545.924064 321.592320 8
0 580.353152 277.199680 595.384448 212.879040 9
0 519.472576 303.790400 541.141824 218.503360 10
0 549.421024 325.138240 574.582816 257.533120 11
0 352.152992 133.020800 376.608608 60.577920 12
0 373.585120 268.328000 407.045920 189.449920 13
0 403.949120 293.695040 440.374720 216.401600 15
0 480.680128 377.659520 505.605952 286.145920 17
0 327.234944 144.916160 356.464256 78.094400 18
0 505.532736 343.920960 536.485824 272.898240 21
0 507.184800 297.410624 532.610400 243.788736 25
0 543.065856 379.548800 565.663744 315.099520 26
0 591.648352 368.701760 606.385568 297.382080 27
0 571.639712 368.061920 590.373728 308.267040 30
0 467.347584 328.348160 493.063296 248.652800 22
0 533.795360 501.666560 574.816480 409.822720 28
0 590.658080 463.952960 605.743840 356.632000 35
0 409.975904 222.066880 428.503456 139.753280 43
0 606.473600 450.261440 630.531200 374.484800 41
0 324.455520 236.223360 363.434400 159.282560 48
0 586.494368 301.198080 606.274912 234.798080 40
0 363.398464 221.374080 403.902656 157.315200 47
0 565.886976 402.562560 588.129024 312.847360 46
