0 315.369888 405.347840 352.138592 287.886080 1
0 288.454240 319.118720 310.804640 183.598720 2
0 309.545856 194.112960 327.055744 86.272320 3
0 395.996224 396.661760 428.312256 293.541120 4
0 408.676224 229.085760 432.976256 159.942080 5
0 339.490368 173.445440 358.464192 106.110400 6
0 404.889472 353.904640 438.569088 258.810880 7
0 525.985088 434.759040 544.736192 314.263680 8
0 543.294080 346.551264 560.359040 283.459616 9
0 513.258848 287.909440 535.114912 212.383680 10
0 555.695136 304.975840 574.044384 255.665440 11
0 355.339424 148.119040 379.148896 70.538240 12
0 373.165696 269.976000 403.735424 191.328320 13
0 390.701440 203.665280 414.591360 135.210880 14
0 392.797600 284.332160 425.779040 219.856000 15
0 586.008800 454.782720 604.343840 371.654400 16
0 461.006592 368.833280 495.607808 281.981440 17
0 326.347648 148.914240 353.119872 76.551360 18
0 324.694176 255.153280 366.233184 163.697280 19
0 499.780384 343.303040 535.015136 274.627200 21
0 551.914112 438.380224 581.529728 381.686336 23
0 559.955424 339.934016 576.351776 288.845504 24
0 502.007680 291.821408 529.860480 237.934752 25
0 545.403520 401.900480 577.096320 332.924480 26
0 593.460352 380.410208 606.607488 318.451872 27
0 572.430720 403.708480 591.218560 307.076800 30
0 466.777088 308.847424 497.248512 248.486336 22
0 560.431296 403.063040 591.357504 305.122560 29
0 605.154976 449.924160 622.048864 382.014400 34
