0 311.506720 407.617920 352.576480 287.854720 1
0 287.326624 317.250880 309.312096 178.910400 2
0 308.978304 262.345600 337.870976 158.012800 3
0 394.281888 391.538560 423.796832 286.467200 4
0 380.411072 214.576352 412.706368 163.091488 5
0 339.299328 169.978208 358.195712 106.426272 6
0 405.750528 358.703360 438.532352 255.011840 7
0 529.771136 429.923520 546.236544 319.657280 8
0 571.362560 286.636288 587.806720 228.545792 9
0 518.917536 301.705920 540.855904 219.114560 10
0 550.904448 323.035520 574.524032 256.499840 11
0 351.130400 136.942720 376.495840 60.812160 12
0 372.949536 273.569280 406.155744 189.620480 13
0 402.436192 282.036320 435.186848 220.748960 15
0 480.976864 376.045760 504.510496 282.552640 17
0 327.202432 146.795520 352.572288 78.077440 18
0 505.514912 343.602560 536.586848 277.603200 21
0 564.787520 395.960960 583.451840 312.081280 24
0 505.115808 297.588352 532.667232 243.408768 25
0 543.757856 383.024640 565.968864 316.702720 26
0 591.721600 364.610624 606.339200 300.888256 27
0 573.793728 377.102400 590.085952 306.311360 30
0 467.528032 327.248000 491.817888 249.443200 22
0 327.024256 251.948160 365.930624 160.667520 19
0 537.664704 499.963200 575.017536 404.204480 28
0 589.879168 481.087360 605.259392 354.975360 35
0 408.734048 224.906560 429.441952 138.069440 43
0 590.121472 288.934720 600.828928 216.258240 40
0 606.364480 443.245760 628.839360 372.415040 41
