0 311.814912 405.964800 352.424448 288.185600 1
0 287.598784 313.212160 309.350976 179.843840 2
0 307.768704 264.223680 342.141056 165.456960 3
0 394.532928 391.605120 423.709632 285.918080 4
0 380.369792 213.052224 411.357568 163.526336 5
0 339.221952 168.897280 358.331968 106.888960 6
0 407.441824 357.672640 438.352736 255.161920 7
0 529.362816 428.633280 545.986944 321.234240 8
0 572.825344 286.580800 588.480256 228.739520 9
0 518.989952 300.187520 540.733568 218.943360 10
0 551.134176 321.332160 574.331424 256.905280 11
0 352.612832 134.708800 376.682528 61.548480 12
0 373.272736 271.907520 406.530144 190.132800 13
0 402.431840 284.699840 435.563680 222.443840 15
0 481.233152 377.606720 504.764928 282.630080 17
0 327.070048 146.501440 354.025632 78.271680 18
0 505.669344 343.175360 536.533536 275.883840 21
0 565.069312 399.586240 583.657728 312.857920 24
0 505.167648 296.545312 532.849632 243.349728 25
0 543.805504 381.800000 566.118336 317.186240 26
0 592.253760 363.900672 606.381760 300.558848 27
0 573.963296 380.951360 589.904864 306.616000 30
0 467.246112 330.509760 492.076768 250.841920 22
0 326.541472 248.237760 365.892448 161.696320 19
0 537.478624 499.978240 575.070496 403.842560 28
0 590.228608 474.409280 605.347712 355.226560 35
0 408.890496 223.510400 428.682624 139.344000 43
0 589.911232 287.644480 600.939328 214.662080 40
0 606.424800 446.895040 629.620000 372.787520 41
