0 311.785472 407.418560 352.754688 288.148800 1
0 287.104608 318.542400 308.799392 177.640640 2
0 309.216480 241.553280 326.431520 129.413760 3
0 393.563392 390.136320 423.765248 286.151680 4
0 383.676672 219.172736 412.890368 165.977984 5
0 339.423968 172.578240 357.864992 106.345280 6
0 404.849504 359.711040 439.539616 256.861120 7
0 530.009504 428.583680 546.098016 314.817280 8
0 565.450368 273.260032 585.903232 231.916288 9
0 518.885600 303.198080 541.029920 219.318400 10
0 548.567744 322.937920 574.097216 256.792000 11
0 351.691360 138.807680 376.372640 61.699200 12
0 372.901568 273.290240 406.437952 190.615040 13
0 402.007968 280.262816 434.027872 218.640224 15
0 481.143136 376.017280 504.547744 280.927360 17
0 326.804928 146.738240 352.401472 78.321600 18
0 504.732288 345.755840 534.987392 276.289600 21
0 563.890080 389.943360 582.516320 309.520320 24
0 504.959328 295.040672 532.255392 242.504288 25
0 543.463392 383.629760 565.378848 316.353600 26
0 590.156768 366.087680 606.138912 299.514880 27
0 574.297184 383.250240 590.187936 306.032320 30
0 468.281888 325.144960 495.592672 249.642880 22
0 324.312288 259.602240 366.713632 159.358400 19
0 537.859616 500.192000 574.878944 401.689600 28
0 589.771456 477.085760 604.752704 353.831360 35
0 606.135328 448.986880 629.478112 372.454400 41
0 407.447808 226.188160 427.619072 134.454400 43
0 588.019360 284.781120 600.781920 216.518080 40
