0 311.152128 407.159040 352.232192 287.648000 1
0 288.435872 320.793600 310.177888 181.262080 2
0 358.938240 375.909440 396.647040 250.948800 3
0 395.861888 392.567680 424.004992 284.012160 4
0 338.360000 172.199040 358.271040 106.819200 6
0 405.464032 357.589440 438.839328 256.385600 7
0 529.175680 428.459200 545.417600 319.927360 8
0 579.914368 281.555520 595.834752 212.664000 9
0 519.397152 304.912000 541.131488 219.404160 10
0 547.826848 324.305280 574.084192 257.415040 11
0 352.851744 134.111360 376.622816 62.349440 12
0 373.159872 266.568640 408.139328 189.815360 13
0 405.344096 293.566720 441.098144 218.819840 15
0 480.696576 373.939200 503.945984 285.018880 17
0 327.021344 144.349760 357.337056 79.044800 18
0 504.762848 342.174400 536.423712 273.061440 21
0 505.419040 305.291936 532.874720 244.899424 25
0 542.858304 381.694720 565.240256 314.686720 26
0 590.946112 370.966656 606.190528 309.285504 27
0 567.631648 358.801376 590.848992 307.455264 30
0 467.649152 321.793600 492.994688 249.912000 22
0 533.934080 501.739520 575.389440 412.835840 28
0 591.173440 462.079040 605.593280 358.827200 35
0 410.023840 223.375360 427.128160 141.527040 43
0 606.779488 451.427200 630.303392 374.373760 41
0 324.386336 260.404480 364.416224 160.599040 48
0 584.339424 304.747936 604.484896 243.104864 40
0 363.089536 222.453760 404.143744 158.094080 47
0 573.063456 387.230112 592.341984 330.097248 24
0 366.032704 208.111296 404.977856 159.056704 5
0 557.905536 410.592416 579.022464 353.636704 55
0 348.051264 147.875200 366.668736 79.602560 56
