0 311.657440 405.790720 352.406560 288.353280 1
0 287.614464 311.707200 309.268736 180.140480 2
0 307.397248 264.774400 342.726272 166.426880 3
0 394.658944 392.102720 423.662976 285.800640 4
0 380.617024 212.780800 411.434176 163.493120 5
0 339.220544 168.655392 358.344896 106.942688 6
0 407.688736 357.249600 438.256864 255.144640 7
0 529.437984 427.469440 546.019296 321.397120 8
0 573.040640 286.975584 588.614400 228.429216 9
0 518.929344 299.643520 540.670016 218.874240 10
0 551.394432 321.014720 574.314368 256.820800 11
0 352.693152 134.481280 376.708448 61.354880 12
0 373.197472 272.360960 406.519648 190.045440 13
0 402.403936 285.507552 435.755424 222.523168 15
0 481.262112 377.943680 504.887008 283.048320 17
0 327.115584 146.832960 354.077376 78.308800 18
0 505.694240 343.210240 536.465120 275.665920 21
0 565.209472 409.392320 583.855488 313.129280 24
0 505.227296 296.426176 532.691424 243.619904 25
0 543.864032 381.447360 566.210848 317.101120 26
0 592.247264 364.103040 606.354976 300.826240 27
0 573.844704 379.136640 589.881376 306.715520 30
0 467.215616 330.425920 492.402944 251.216320 22
0 327.347040 245.775360 366.018720 162.993920 19
0 537.060128 499.934400 575.140832 404.683840 28
0 590.429920 467.472640 605.370400 355.317760 35
0 408.933824 223.162880 428.508736 139.376640 43
0 590.119584 287.487040 601.015136 212.911040 40
0 606.249984 448.384000 629.792256 373.002240 41
