0 314.851456 405.502080 352.079744 288.055680 1
0 288.700256 318.217920 311.027104 183.489600 2
0 309.992192 198.365120 327.386368 83.659840 3
0 396.236544 396.374720 428.352256 293.433920 4
0 408.557760 228.497280 433.087040 160.291200 5
0 339.423712 173.303360 358.399008 105.622720 6
0 405.974912 355.272320 438.501248 258.549120 7
0 525.909472 430.336000 544.901408 313.559040 8
0 543.326912 353.603200 560.409408 283.703680 9
0 512.873696 288.204800 535.789344 212.874240 10
0 555.544032 305.466848 574.047008 255.462432 11
0 355.817216 146.990400 379.161344 71.768000 12
0 373.148064 270.992960 403.655776 191.190720 13
0 390.727520 203.730880 414.716320 135.410240 14
0 392.903488 285.232000 424.658112 219.885440 15
0 589.027232 456.823680 605.509728 360.090240 16
0 461.013952 368.014080 495.565888 281.776640 17
0 326.401344 137.179296 352.144576 75.560544 18
0 324.784384 257.683840 366.228736 163.262080 19
0 612.022432 452.506240 630.956128 384.039040 20
0 499.776544 342.880000 535.035616 274.604800 21
0 547.106336 438.107712 581.429984 383.287488 23
0 559.611936 334.433216 576.658144 288.249664 24
0 501.625696 291.983680 530.374304 237.694400 25
0 543.870688 406.000992 579.310112 344.160928 26
0 593.137728 374.491104 606.639552 318.247456 27
0 540.674016 503.385600 578.491424 404.837120 28
0 571.677280 400.608000 590.937760 308.398080 30
0 557.506912 374.325760 579.038368 323.351040 29
