0 311.465792 407.430720 352.709568 288.333760 1
0 287.123360 317.169600 308.801120 178.505280 2
0 307.581728 250.903680 325.803232 141.225600 3
0 393.827520 392.785920 423.830080 286.396160 4
0 382.571168 215.516704 412.560992 164.155616 5
0 339.654496 170.658880 357.986464 106.457280 6
0 405.418144 357.594880 439.315296 254.928640 7
0 529.981344 428.453120 546.155616 318.613760 8
0 567.685344 275.960960 586.811936 230.104960 9
0 518.754080 301.420480 540.774880 219.279680 10
0 548.710496 322.639360 574.413984 256.331520 11
0 351.619840 137.240960 376.473600 60.388480 12
0 372.622016 273.683840 406.164544 189.805440 13
0 402.658240 280.627264 435.113280 218.403776 15
0 481.187232 375.515200 504.458848 282.047680 17
0 327.025536 146.702720 352.833664 78.037120 18
0 505.076928 343.381440 535.874112 278.248000 21
0 563.973312 390.384960 582.690368 309.965760 24
0 505.022400 296.478304 533.199680 242.999456 25
0 543.613568 384.413760 565.442432 316.368320 26
0 591.060352 366.064960 606.187648 301.273280 27
0 574.087584 380.570240 589.994336 305.925760 30
0 467.984352 325.784960 495.556128 250.206080 22
0 324.698912 254.605440 366.520288 160.538240 19
0 538.340480 500.042240 574.881920 402.735360 28
0 589.698208 478.278400 604.627552 354.065920 35
0 605.323520 446.894400 628.477440 372.994240 41
0 407.782432 225.246400 429.464288 136.370240 43
0 588.348512 284.048640 600.928928 216.231680 40
