0 313.302688 405.765440 352.128352 287.913920 1
0 288.450912 311.133440 310.950048 183.842560 2
0 309.706336 173.749440 326.631584 83.656000 3
0 395.900352 399.045760 428.285248 293.705600 4
0 409.262784 231.350400 433.697856 160.145280 5
0 339.964096 168.384544 358.265664 105.933536 6
0 406.466848 355.459840 438.385632 258.464000 7
0 525.544992 433.757760 545.255648 315.253440 8
0 542.512896 355.835200 559.358464 283.706560 9
0 513.422016 283.198720 534.275904 212.445440 10
0 555.134720 304.416704 573.803520 255.849536 11
0 358.365024 153.070720 381.239456 74.609280 12
0 373.567936 271.621760 403.781184 191.149440 13
0 390.744160 204.784640 414.702240 134.309120 14
0 392.219200 285.136960 425.906880 219.957440 15
0 589.914496 459.538240 605.088384 354.325440 16
0 460.871680 372.683200 496.391680 282.196800 17
0 326.873440 137.331552 353.656480 76.013728 18
0 323.842880 253.385280 364.847040 156.876480 19
0 609.251200 451.838720 629.658240 380.651520 20
0 499.663840 346.435840 535.026720 274.823680 21
0 466.795712 305.626752 497.209408 248.126848 22
0 550.737344 439.079424 581.463616 382.443776 23
0 559.383296 333.943168 578.040064 288.555392 24
0 502.670848 289.912032 530.154752 237.456928 25
0 544.999040 402.581792 579.390080 345.034208 26
0 592.946624 371.227168 607.137856 319.738592 27
0 540.674720 503.518080 578.412640 404.526720 28
0 575.704128 401.249920 591.147712 310.990720 30
0 558.440064 377.456992 579.971456 322.651808 29
