0 313.497216 406.626560 352.305024 288.412160 1
0 288.848704 319.114240 311.347136 181.575680 2
0 312.156256 204.224960 333.071264 102.057280 3
0 397.190304 395.244160 427.713376 293.038720 4
0 394.783456 216.339840 424.120864 167.655040 5
0 339.683232 175.284800 358.403168 107.061440 6
0 403.814592 357.277440 439.197248 259.861760 7
0 526.720096 427.667200 546.072224 322.831360 8
0 540.465088 320.454080 555.458112 253.216320 9
0 517.821728 297.002880 538.980832 220.570240 10
0 552.798592 319.651040 574.109568 257.184800 11
0 354.332928 138.165440 378.714112 63.707200 12
0 372.861792 270.049600 405.502368 190.618560 13
0 384.465824 196.267840 411.877216 146.016960 14
0 393.004800 285.162560 422.483200 216.757440 15
0 462.036384 368.778560 495.996256 281.528000 17
0 327.275968 149.880320 355.388992 77.644800 18
0 499.481568 339.919680 532.832032 273.351360 21
0 560.606272 364.387840 575.978688 297.436160 24
0 503.623712 288.941216 528.335328 237.785184 25
0 541.694656 379.428768 564.163904 315.429472 26
0 591.326944 378.118080 606.171936 308.576320 27
0 574.680928 391.542080 590.051232 312.445120 30
0 465.985472 307.115904 495.903808 248.861056 22
0 324.988992 266.813440 364.678848 159.548160 19
0 538.368864 497.488640 575.558816 401.104640 28
0 589.388224 289.599360 600.684096 216.878720 40
0 545.162144 422.523872 576.142176 376.458528 23
0 25.205024 214.341120 42.348640 116.725760 39
0 555.396640 400.236768 577.075680 352.212512 38
