0 313.482112 406.580480 352.384128 288.775680 1
0 288.644128 318.812480 310.555872 181.598400 2
0 312.941504 199.711040 332.150336 93.997760 3
0 396.183904 394.760320 428.395936 294.042240 4
0 396.537248 216.936608 425.078112 167.329632 5
0 339.617952 175.765760 358.231648 106.810880 6
0 403.764096 358.080000 439.064704 259.074560 7
0 525.727392 429.907200 544.967008 320.349440 8
0 540.737184 326.178336 558.178656 270.022624 9
0 518.040672 299.831040 539.337888 220.417280 10
0 555.941056 313.200800 574.182464 257.040480 11
0 354.509600 139.357760 379.053280 63.156160 12
0 372.971712 271.903680 406.037568 191.163200 13
0 386.654272 197.415552 413.215168 140.629888 14
0 393.130944 284.569280 423.991616 215.700800 15
0 461.412736 371.580800 494.568064 282.225280 17
0 327.574720 149.082240 355.218240 77.034880 18
0 499.575648 334.697632 533.379232 273.765728 21
0 559.696992 363.809920 576.414368 297.699200 24
0 503.010464 288.997504 528.562016 238.654336 25
0 542.387008 373.438656 565.019072 315.907904 26
0 595.634976 398.677440 606.466784 312.173120 27
0 575.178752 388.912640 590.307328 313.849600 30
0 466.024800 300.777600 492.609440 248.714880 22
0 324.515424 265.403840 364.380576 158.890560 19
0 586.537888 394.378240 597.424992 296.727040 35
0 539.614304 496.089600 579.133856 405.623040 28
0 589.425952 287.821760 600.878048 214.103360 40
0 548.045056 399.249792 576.715264 351.100288 38
