0 313.574272 406.793920 352.501888 288.585280 1
0 288.666240 319.576960 310.531200 181.526400 2
0 313.285088 200.602560 332.468512 95.749440 3
0 396.085408 395.343360 428.385632 293.772800 4
0 396.644256 217.470912 425.053024 167.555648 5
0 339.551456 176.266560 358.330144 106.907840 6
0 403.636768 357.268800 439.177952 259.357120 7
0 525.986176 432.794240 544.928384 320.700800 8
0 540.244992 324.729504 557.978368 267.201376 9
0 518.060224 297.859200 539.246656 220.740480 10
0 555.959872 313.072512 574.173888 257.330048 11
0 354.495904 139.173440 379.004256 63.439040 12
0 372.947680 272.253440 405.984800 191.288320 13
0 386.734816 196.898592 413.327904 140.587488 14
0 392.927168 282.491840 423.737152 215.616320 15
0 461.422176 370.777920 494.732704 282.223040 17
0 327.353696 147.916480 355.157664 77.471040 18
0 499.590144 336.803264 533.111296 273.336896 21
0 559.453184 363.032000 576.002816 297.680960 24
0 503.031424 290.014016 528.447616 238.211264 25
0 543.399232 371.722912 564.675008 316.503648 26
0 596.076352 396.890240 606.454208 311.062400 27
0 575.046752 390.969920 590.348448 314.563520 30
0 465.995136 302.364256 492.525184 248.674464 22
0 324.938432 265.009920 364.309568 159.109120 19
0 587.531552 395.705600 598.759648 303.050240 35
0 539.881312 497.342400 578.742688 401.724480 28
0 589.441216 287.664000 600.894784 214.427520 40
0 548.292064 398.137472 576.679456 351.895168 38
