0 287.309056 331.730560 309.964544 183.829120 2
0 390.726176 391.933440 424.493024 281.276160 4
0 338.992928 172.360960 357.855712 107.864320 6
0 405.087680 357.700160 437.707840 256.591040 7
0 579.722464 284.835840 596.461856 213.675520 9
0 519.659456 303.475520 543.328064 218.879680 10
0 550.781152 325.824640 575.218208 257.317760 11
0 378.712256 263.981120 410.821184 189.831360 13
0 407.422016 291.847072 441.979584 228.088928 15
0 504.843424 355.189760 536.864096 272.066560 21
0 509.626880 297.345024 532.975360 242.841856 25
0 542.364256 372.779456 562.594464 315.029824 26
0 596.275488 456.110720 615.625952 345.816960 27
0 571.556640 357.475840 592.777440 300.016640 30
0 463.761888 285.203520 487.142432 215.673280 43
0 323.951616 255.787200 369.718784 162.963520 48
0 573.083456 390.285920 594.076864 330.928800 24
0 339.314528 153.507840 375.345312 75.796480 18
0 364.316128 221.893792 403.156512 159.591008 47
0 460.087200 418.507520 499.664480 329.916160 3
0 573.521376 451.636480 604.220704 379.390720 35
0 555.963456 399.483840 578.832064 352.179520 64
0 591.789152 368.203904 606.691488 308.809856 65
0 443.371488 361.284480 468.293152 274.024320 70
0 297.690016 392.867840 347.442784 285.665280 1
0 468.018368 321.511040 491.333952 254.734720 22
0 481.703392 359.340160 506.768928 292.104320 17
0 369.371712 209.167040 403.822528 159.571520 63
