0 298.699648 394.076800 347.434112 286.710400 1
0 286.886592 335.054720 309.997888 184.618880 2
0 396.539072 393.243520 423.779648 282.623360 4
0 338.666624 171.346080 358.484096 107.504480 6
0 405.304736 359.313920 437.847904 257.085440 7
0 579.442688 281.583680 596.022272 213.696960 9
0 519.834336 301.658880 541.700384 219.970560 10
0 551.128320 328.263680 575.347200 257.660160 11
0 379.184736 266.008960 410.494624 189.953920 13
0 406.912416 292.501760 441.083744 227.472640 15
0 504.267488 349.677120 536.080672 272.872640 21
0 505.839136 297.139808 533.010144 243.213472 25
0 542.922144 369.175392 566.722656 313.723808 26
0 595.895744 453.272320 612.926016 335.461120 27
0 571.657888 355.992000 592.720992 298.986560 30
0 466.663040 321.434560 489.911680 251.348800 22
0 462.388992 279.944640 483.592448 214.391360 43
0 324.108160 255.034880 366.712960 160.161280 48
0 573.284384 389.240544 594.181856 331.129376 24
0 338.221312 149.086080 373.356288 73.680000 18
0 363.986368 224.743040 403.036992 159.239040 47
0 444.009216 409.243200 480.360704 324.128960 3
0 575.312320 451.818240 604.170560 379.216640 35
0 554.950656 397.181088 579.047424 352.989792 64
0 593.671680 364.768800 606.338560 310.438880 65
0 440.510752 346.116800 468.008928 272.996160 70
0 521.641216 424.957440 542.913024 315.335680 68
0 612.518880 449.264640 630.152480 372.956160 66
0 25.251168 217.536640 39.655840 118.707840 67
0 368.322560 209.042304 403.293440 159.044736 63
