0 311.055840 405.578880 351.994400 288.305280 1
0 287.444992 312.450880 309.248768 180.093120 2
0 309.362432 278.395840 352.525568 175.533120 3
0 395.485888 391.644480 423.964992 285.671360 4
0 377.319136 211.095424 409.555744 160.320896 5
0 339.417408 168.529504 358.564032 107.112096 6
0 407.999200 357.471360 438.311200 255.047040 7
0 529.331520 428.554880 547.020480 322.130560 8
0 579.687232 288.214400 592.367808 222.596480 9
0 518.992608 303.936320 540.495392 218.347200 10
0 551.866496 326.379200 574.262144 256.549440 11
0 352.378688 134.566080 376.646592 59.837760 12
0 372.782976 270.938880 405.542784 189.274880 13
0 401.377952 285.820192 436.071008 223.289568 15
0 481.054368 376.664320 505.637472 283.349760 17
0 327.125472 145.899840 354.978848 77.600960 18
0 505.659040 342.322880 536.029280 273.700160 21
0 565.224544 412.214400 584.822176 316.113280 24
0 505.854912 295.668640 531.795008 243.622240 25
0 542.844192 375.984768 565.601248 314.497152 26
0 591.122368 365.226560 606.242112 295.471040 27
0 573.188256 371.375808 590.000224 307.915072 30
0 466.935744 329.256640 491.181376 250.537280 22
0 330.080736 245.074880 367.573024 162.634560 19
0 533.296640 500.600000 575.173120 405.880640 28
0 590.794176 457.497920 605.493824 356.427200 35
0 409.017280 222.971200 428.590400 139.885760 43
0 606.221344 449.400640 629.815776 373.167040 41
0 591.564704 287.847360 601.600096 205.633600 40
0 348.994816 146.607040 364.121344 80.991040 44
