0 311.258080 405.301120 352.273440 287.985280 1
0 287.475456 311.843200 309.053184 180.016000 2
0 308.010208 271.543680 345.726752 171.922560 3
0 395.240704 392.864320 423.894016 285.440960 4
0 383.113664 213.018976 411.070016 161.501344 5
0 339.175232 169.956768 358.531008 106.757472 6
0 407.657312 357.621120 437.996448 255.146880 7
0 529.525216 423.656320 546.467104 319.413120 8
0 574.234848 289.592320 590.961952 225.390080 9
0 518.923616 301.717120 540.844704 218.538880 10
0 551.670208 323.382080 574.286912 256.410560 11
0 352.639104 134.241920 376.703616 60.566400 12
0 372.866656 272.415360 406.728864 189.667200 13
0 402.110592 286.510400 436.105088 222.488000 15
0 481.185600 377.538240 504.894400 284.262720 17
0 327.079616 146.194880 355.655744 77.962560 18
0 505.640064 342.757760 536.031616 273.868160 21
0 565.718048 427.838080 585.606112 312.744320 24
0 505.468704 294.548544 534.262496 242.687936 25
0 543.682560 380.648640 565.952000 315.392320 26
0 591.369536 364.072000 606.277824 297.424320 27
0 573.410848 373.507840 589.954272 306.632960 30
0 466.970400 330.265280 491.365600 250.652480 22
0 326.563584 246.992960 366.144256 162.109120 19
0 534.539040 500.850240 575.267040 405.963200 28
0 590.518560 462.378560 605.372640 355.596480 35
0 408.765824 222.564800 428.414336 139.795520 43
0 591.034176 288.135360 600.867264 216.315200 40
0 606.152576 450.176960 629.825664 372.988480 41
0 348.058592 146.699520 363.565088 81.112320 44
