0 297.714656 392.779840 347.301664 286.975680 1
0 286.902720 331.696000 309.924160 184.626560 2
0 396.533120 392.928960 423.748480 282.646080 4
0 338.762944 171.402112 358.542656 107.548288 6
0 405.384128 358.443520 437.831232 256.696320 7
0 579.330976 282.813760 596.149344 214.230720 9
0 519.752160 302.711360 541.678880 220.050880 10
0 551.041920 327.972160 575.280000 257.784000 11
0 379.031456 265.829760 410.333024 189.778560 13
0 406.930880 290.903232 440.788800 226.982208 15
0 504.251360 348.160960 535.918880 273.088320 21
0 506.995168 297.152992 532.936992 243.375648 25
0 542.838848 372.118304 566.123712 315.042016 26
0 596.335328 455.096960 612.858912 337.046400 27
0 571.583296 356.067296 592.652224 299.419424 30
0 466.291712 322.812160 490.056448 251.214080 22
0 462.448704 278.978880 483.868096 214.581440 43
0 324.119904 253.421760 366.251936 160.471360 48
0 573.454880 389.507200 594.227680 331.209600 24
0 338.121856 148.136640 373.467264 73.890880 18
0 363.865440 226.333760 399.531680 159.733440 47
0 444.892864 412.997440 482.092096 324.734400 3
0 575.202560 451.465280 604.177920 378.700480 35
0 553.488256 397.641152 578.953344 352.947008 64
0 593.105088 362.484608 606.450752 311.437952 65
0 440.572032 345.714880 467.582848 271.237440 70
0 521.872128 422.487040 542.924032 315.797760 68
0 612.473888 449.320000 630.399712 373.085120 66
0 369.387072 210.165184 403.487168 158.958656 63
0 601.702976 453.302720 613.235904 337.988160 71
0 25.591008 218.335680 40.496032 118.113600 67
0 311.592896 392.679680 347.491904 289.166080 72
