0 306.902912 407.233280 350.663808 289.820160 1
0 287.344992 328.132480 310.041248 183.898240 2
0 396.311520 397.792960 424.144160 282.824000 4
0 338.465504 172.543680 358.329376 107.508800 6
0 406.550528 356.786240 437.917952 255.896000 7
0 579.565888 285.224000 596.341952 213.484480 9
0 520.111840 305.867200 541.376800 220.051520 10
0 550.706848 328.232000 575.383392 257.778880 11
0 379.585088 266.563840 410.732992 190.232320 13
0 405.165280 288.537280 439.592480 225.181760 15
0 479.462560 379.729280 503.390560 279.274880 17
0 504.728480 348.957760 535.723360 272.587200 21
0 504.709312 298.972224 535.153728 243.226816 25
0 542.973184 370.397184 566.183936 312.151296 26
0 593.633216 435.125440 610.953024 317.645120 27
0 571.660448 355.672480 592.388192 298.878560 30
0 465.895328 327.290880 491.461472 249.578240 22
0 442.485792 287.142720 474.219488 202.622400 43
0 324.064928 257.705600 367.425632 159.656320 48
0 571.585344 401.598080 593.003456 329.788800 24
0 335.881664 145.258560 372.092736 73.429440 18
0 364.587296 222.045120 403.707104 158.821440 47
0 442.630592 409.152000 476.921408 321.822720 3
0 370.588768 206.528288 403.868832 158.889952 63
0 574.369824 453.736320 603.333856 379.397760 35
0 557.196896 402.130976 579.059104 353.888224 64
0 24.923488 209.749760 40.485792 116.622080 67
0 594.110656 365.311936 607.642944 309.492544 65
0 610.062496 448.679040 630.299744 372.809600 66
