0 311.287584 405.994240 352.067296 288.256000 1
0 287.248992 313.023360 309.239968 179.902080 2
0 310.901120 282.197120 357.008000 178.835840 3
0 395.418720 392.459200 424.156320 285.312320 4
0 374.719200 209.980384 408.923680 160.031776 5
0 339.465632 168.782400 358.494048 107.168960 6
0 407.903328 357.677440 438.335392 255.163520 7
0 529.702048 429.732160 546.775392 320.368320 8
0 579.615680 284.573440 593.253440 216.680960 9
0 519.040544 303.749760 540.368096 218.399360 10
0 551.647968 326.169600 574.219552 256.485120 11
0 352.395680 135.076800 376.643680 59.878720 12
0 372.682432 270.853760 405.027648 189.184640 13
0 401.804544 285.464256 436.560896 222.295104 15
0 481.096800 376.997760 505.673120 283.158400 17
0 327.100288 146.179840 354.920832 77.387520 18
0 505.668160 342.805440 536.015040 273.382720 21
0 565.004832 406.963840 584.851168 316.215680 24
0 505.986944 296.137824 532.294016 244.082336 25
0 542.867360 373.564192 565.382240 314.841568 26
0 591.713856 365.264000 606.270144 295.492480 27
0 573.559008 374.659520 590.305312 308.137280 30
0 466.967136 328.435200 493.251744 249.429760 22
0 328.145408 247.628160 366.418432 159.034240 19
0 533.109696 500.228480 575.098944 402.894720 28
0 590.997856 455.571840 605.485984 356.336000 35
0 408.750368 222.883840 428.633312 140.358400 43
0 606.292128 449.214720 629.774432 373.579520 41
0 548.220672 406.432256 576.910848 355.317504 45
