0 313.834560 406.839040 352.424640 288.766720 1
0 288.638784 317.831680 310.732736 181.473280 2
0 312.853920 202.468480 332.918880 97.819520 3
0 396.597376 395.882560 428.147584 293.440960 4
0 396.154240 216.831744 425.036160 167.717376 5
0 339.555104 175.620800 358.354656 106.931520 6
0 403.981824 357.306560 439.172096 259.645760 7
0 527.281920 431.423680 545.543680 321.549120 8
0 540.652224 322.887904 557.461056 262.713376 9
0 518.006624 295.828160 538.941856 221.049920 10
0 556.340000 313.578720 574.185440 257.219360 11
0 354.432512 139.232000 378.732288 63.504640 12
0 373.031712 272.036160 405.726688 191.505600 13
0 386.876128 197.295680 413.390112 141.531840 14
0 392.909984 283.215360 421.699936 217.378560 15
0 461.487488 368.885120 495.125632 282.300800 17
0 327.369600 149.183040 355.489920 77.712320 18
0 499.609920 336.278432 532.946880 272.999008 21
0 559.640736 364.009600 575.953504 297.228160 24
0 503.460576 289.574656 528.506144 238.590464 25
0 543.299552 379.964160 563.629088 315.864320 26
0 595.883424 390.644480 606.255456 310.718720 27
0 575.017984 390.049600 590.285056 315.130560 30
0 465.913056 304.338368 493.574944 248.910912 22
0 324.835456 264.734080 364.276864 159.146880 19
0 538.680704 498.576960 577.762176 400.445120 28
0 589.493632 288.754880 600.719488 215.960640 40
0 553.871744 398.866112 576.844416 351.899968 38
0 544.463008 424.702752 576.212832 377.852128 23
0 25.210816 213.501120 42.097984 116.162880 39
