0 313.292192 404.337280 351.981408 287.583360 1
0 288.440480 318.859520 310.792800 183.358720 2
0 309.452960 182.238080 326.965600 84.462720 3
0 392.100864 395.119360 428.979456 292.515840 4
0 408.493344 230.149440 433.733856 160.442560 5
0 339.704512 167.639936 358.251328 105.593984 6
0 407.228320 365.556160 441.437280 263.265600 7
0 525.525088 430.744960 544.819872 315.547520 8
0 542.936736 356.493760 559.431264 284.511040 9
0 513.848352 284.540480 533.960928 211.966400 10
0 555.266592 305.050240 573.931488 256.483200 11
0 362.614400 168.296000 385.124480 85.127360 12
0 373.721280 273.692800 404.432960 190.830720 13
0 392.300736 203.156160 415.617344 133.898560 14
0 393.357024 287.950400 429.195296 220.328640 15
0 590.361728 453.933760 605.352832 348.681280 16
0 462.252032 366.689600 496.131328 283.488960 17
0 327.960864 137.188032 353.416416 75.028288 18
0 327.953120 248.880000 368.738080 158.069120 19
0 609.183072 448.342080 630.023328 373.681600 20
0 500.102688 349.242240 536.040672 275.684480 21
0 467.193440 323.167040 498.588320 250.788800 22
0 551.702464 441.165056 581.697856 384.285184 23
0 559.196096 335.790688 579.869504 288.187552 24
0 503.728800 290.654240 530.183520 236.198880 25
0 543.217536 408.942720 578.223744 345.421440 26
0 593.679040 381.497248 607.851840 323.640672 27
0 541.370208 504.222400 578.913952 405.185600 28
0 558.769696 384.612480 580.772064 319.899520 29
0 588.594848 298.798720 600.530272 216.035200 31
0 570.256704 400.113600 590.390976 312.110400 30
