0 0.768442 0.511626 0.0426742 0.128266 1
0 0.517526 0.54272 0.0664525 0.184742 2
0 0.539392 0.325106 0.0661895 0.152921 3
0 0.865972 0.70248 0.0688976 0.109057 4
0 0.467592 0.386545 0.0333644 0.204969 5
0 0.656111 0.476941 0.0593739 0.144787 6
0 0.641365 0.518322 0.045202 0.140969 7
0 0.875655 0.618827 0.0536942 0.0637043 8
0 0.544567 0.218867 0.0315109 0.104593 9
0 0.610232 0.353622 0.0583787 0.108644 10
0 0.582419 0.479307 0.0666628 0.190754 11
0 0.883096 0.581658 0.045395 0.0581819 12
0 0.600944 0.288637 0.0656693 0.0778857 13
0 0.540783 0.171695 0.0610559 0.0951154 14
0 0.910889 0.561361 0.0314277 0.0793677 15
0 0.917848 0.375217 0.0252731 0.077878 16
0 0.663427 0.419746 0.0580918 0.123687 17
0 0.653669 0.2917 0.027773 0.130685 18
0 0.875816 0.44992 0.0426672 0.0900891 19
0 0.569129 0.148292 0.0434041 0.0941908 21
0 0.865422 0.534474 0.0356152 0.0767935 22
0 0.813403 0.491236 0.0502019 0.123417 23
0 0.841375 0.590831 0.029038 0.176723 24
0 0.966396 0.629038 0.0387039 0.0868003 26
0 0.827474 0.409087 0.0352365 0.131146 28
0 0.928834 0.422918 0.0383292 0.0863685 29
0 0.935568 0.527354 0.0255587 0.0859239 31
0 0.904687 0.514575 0.0370745 0.0596071 32
0 0.935164 0.625204 0.0225574 0.12361 36
0 0.870836 0.647648 0.0573873 0.062916 35
0 0.748713 0.451946 0.0467131 0.103528 34
0 0.81216 0.417194 0.0447363 0.0687694 20
