0 0.745679 0.50056 0.0531179 0.110149 1
0 0.518309 0.542575 0.0641483 0.184296 2
0 0.537334 0.319655 0.0650718 0.138741 3
0 0.873116 0.698632 0.0618914 0.12609 4
0 0.467961 0.386795 0.0340634 0.199364 5
0 0.655914 0.478118 0.0611692 0.140323 6
0 0.64286 0.532841 0.0548809 0.141109 7
0 0.883708 0.63196 0.0506319 0.0745156 8
0 0.54443 0.219064 0.0294954 0.10334 9
0 0.608319 0.358194 0.0539265 0.117759 10
0 0.50047 0.214595 0.0272527 0.138291 11
0 0.878218 0.581668 0.0470798 0.0604978 12
0 0.645623 0.30217 0.044847 0.0845523 13
0 0.536209 0.16606 0.0491714 0.0868665 14
0 0.885658 0.504272 0.0208401 0.0916221 15
0 0.860943 0.471507 0.0297134 0.0709075 16
0 0.640017 0.397074 0.0546484 0.097713 17
0 0.62939 0.256666 0.0442544 0.0891271 18
0 0.882399 0.438258 0.0304318 0.0713407 19
0 0.807844 0.411564 0.0444379 0.0753322 20
0 0.572307 0.163942 0.0400629 0.110433 21
0 0.86791 0.53156 0.0394523 0.0650437 22
0 0.806978 0.482229 0.0551008 0.100967 23
0 0.836833 0.586013 0.033781 0.168918 24
0 0.917032 0.690003 0.03195 0.10583 25
0 0.962633 0.629996 0.0465414 0.0887737 26
0 0.824684 0.403059 0.0353246 0.122268 28
0 0.929134 0.388513 0.0209853 0.102576 29
0 0.922886 0.492381 0.0205902 0.0732008 30
0 0.935624 0.550382 0.0232164 0.113366 31
0 0.908633 0.54295 0.0281369 0.110471 32
0 0.754012 0.442714 0.0476851 0.0859805 34
