0 0.745435 0.501314 0.0534598 0.113017 1
0 0.517645 0.541072 0.0668414 0.183071 2
0 0.537772 0.324263 0.0660077 0.149312 3
0 0.872027 0.701199 0.0632591 0.129382 4
0 0.468103 0.385134 0.0347206 0.195995 5
0 0.656583 0.479875 0.0611285 0.141738 6
0 0.64297 0.532204 0.0552486 0.137642 7
0 0.881498 0.624158 0.0533175 0.0605904 8
0 0.544692 0.218035 0.0292841 0.102848 9
0 0.607741 0.358467 0.0566722 0.116565 10
0 0.503454 0.214047 0.0284011 0.130684 11
0 0.878849 0.579572 0.0456242 0.0584882 12
0 0.638284 0.304939 0.0508703 0.0829341 13
0 0.535411 0.167802 0.048397 0.0865796 14
0 0.888341 0.513486 0.0273883 0.0932893 15
0 0.858767 0.466868 0.0302023 0.0750914 16
0 0.6396 0.399184 0.0556165 0.0992557 17
0 0.626972 0.256299 0.0482386 0.0865082 18
0 0.882321 0.437455 0.0306708 0.070463 19
0 0.807217 0.411573 0.0447849 0.0738129 20
0 0.571461 0.151053 0.0397391 0.0860089 21
0 0.86622 0.53218 0.0380797 0.06682 22
0 0.807041 0.479642 0.0558028 0.098986 23
0 0.835452 0.587206 0.033919 0.172162 24
0 0.908304 0.696548 0.0319134 0.0995864 25
0 0.962072 0.629203 0.0473761 0.0876754 26
0 0.824738 0.399351 0.0354354 0.107197 28
0 0.929116 0.38764 0.0218571 0.10484 29
0 0.923503 0.505774 0.0186626 0.0948757 30
0 0.936496 0.549657 0.0224614 0.113795 31
0 0.910723 0.544651 0.0256703 0.106253 32
0 0.753227 0.456597 0.0508802 0.112196 34
