0 0.748169 0.500373 0.0566241 0.112172 1
0 0.51718 0.542327 0.0657847 0.183895 2
0 0.542354 0.31093 0.0661381 0.126914 3
0 0.872337 0.695467 0.0638144 0.121641 4
0 0.467568 0.387177 0.0345434 0.199551 5
0 0.659948 0.482959 0.0532817 0.144945 6
0 0.643061 0.535092 0.0552972 0.144046 7
0 0.883341 0.636463 0.0537472 0.0772652 8
0 0.544964 0.214498 0.0295944 0.0940154 9
0 0.608356 0.359069 0.0534026 0.115891 10
0 0.499504 0.199131 0.0321158 0.131418 11
0 0.879689 0.580439 0.0526685 0.0662811 12
0 0.658302 0.303986 0.0394961 0.10074 13
0 0.539284 0.166152 0.0532783 0.093157 14
0 0.888961 0.482322 0.0314759 0.0628242 15
0 0.862277 0.49869 0.0255937 0.108275 16
0 0.640032 0.401106 0.0576305 0.0983537 17
0 0.632013 0.26302 0.0490237 0.104546 18
0 0.882292 0.434126 0.0304474 0.0655173 19
0 0.809009 0.412285 0.0433456 0.0761524 20
0 0.583568 0.191406 0.0377359 0.114044 21
0 0.895642 0.555251 0.0465909 0.103542 22
0 0.809544 0.481189 0.059393 0.0939492 23
0 0.837808 0.586102 0.0334822 0.172558 24
0 0.933918 0.627197 0.0235861 0.143599 25
0 0.965862 0.633002 0.0377019 0.0754757 26
0 0.817419 0.388974 0.0364252 0.109016 28
0 0.930157 0.388508 0.0188755 0.103201 29
0 0.922706 0.488613 0.0210196 0.0687499 30
0 0.938056 0.543063 0.0239211 0.0752317 31
0 0.906987 0.521092 0.0323606 0.0733635 32
