0 0.77038 0.509472 0.042158 0.127103 1
0 0.517705 0.542254 0.0667458 0.181976 2
0 0.540783 0.314267 0.064809 0.127274 3
0 0.868159 0.701249 0.0618755 0.114281 4
0 0.465933 0.378895 0.0349229 0.196194 5
0 0.658204 0.476615 0.0579726 0.145709 6
0 0.63834 0.523523 0.0492568 0.144428 7
0 0.879384 0.619367 0.0478948 0.0662674 8
0 0.544794 0.217924 0.0280925 0.101967 9
0 0.6089 0.358003 0.0575092 0.11524 10
0 0.495625 0.300544 0.0286589 0.161605 11
0 0.879697 0.576849 0.0435343 0.0553395 12
0 0.615625 0.29324 0.0564957 0.0689519 13
0 0.539703 0.172058 0.0568451 0.095548 14
0 0.89652 0.556825 0.0324137 0.138268 15
0 0.900855 0.391029 0.032066 0.0611431 16
0 0.655542 0.395108 0.0552396 0.089116 17
0 0.6543 0.286568 0.0333252 0.135478 18
0 0.876812 0.449573 0.0421844 0.0933531 19
0 0.567598 0.147319 0.0426981 0.0913321 21
0 0.866999 0.530137 0.0365155 0.0643422 22
0 0.813445 0.494964 0.048457 0.11719 23
0 0.839951 0.587481 0.0290025 0.166037 24
0 0.965511 0.626434 0.0401196 0.0833541 26
0 0.826725 0.407883 0.0357067 0.126097 28
0 0.929554 0.386806 0.0210872 0.104524 29
0 0.936045 0.519374 0.0246277 0.0921752 31
0 0.908455 0.527612 0.0282638 0.0908342 32
0 0.933188 0.626627 0.0246861 0.139176 36
0 0.871197 0.645395 0.0549183 0.0657544 35
0 0.752527 0.452926 0.0495581 0.101523 34
0 0.811329 0.418257 0.0461782 0.0739937 20
