0 0.769235 0.511003 0.0450356 0.125722 1
0 0.518537 0.54329 0.0640641 0.184304 2
0 0.537841 0.308577 0.0632959 0.118789 3
0 0.865968 0.702286 0.0669631 0.112111 4
0 0.467185 0.384815 0.0347845 0.200048 5
0 0.65661 0.476594 0.0568385 0.143558 6
0 0.641006 0.521662 0.0448524 0.143123 7
0 0.876506 0.619886 0.0522902 0.0636728 8
0 0.544955 0.217663 0.030178 0.101573 9
0 0.609581 0.352285 0.056235 0.108283 10
0 0.564522 0.423895 0.057244 0.174803 11
0 0.881351 0.576959 0.0451997 0.0590203 12
0 0.602486 0.290536 0.0664569 0.0812459 13
0 0.541117 0.171267 0.0611722 0.0951088 14
0 0.902481 0.559555 0.0352103 0.117733 15
0 0.917608 0.375706 0.0245188 0.0788726 16
0 0.661449 0.417109 0.0580963 0.126825 17
0 0.654507 0.291037 0.0291399 0.128292 18
0 0.876693 0.449553 0.0412642 0.0888154 19
0 0.568358 0.147655 0.0429158 0.0933239 21
0 0.865935 0.532415 0.0365766 0.0723277 22
0 0.81345 0.488431 0.0502585 0.121017 23
0 0.840878 0.59068 0.0296309 0.176301 24
0 0.966152 0.626651 0.0392823 0.0831707 26
0 0.827559 0.408574 0.0348967 0.128509 28
0 0.935674 0.409343 0.0280086 0.113468 29
0 0.937245 0.52388 0.0224953 0.0892245 31
0 0.907938 0.51963 0.0324128 0.0723055 32
0 0.934959 0.625107 0.0234075 0.126595 36
0 0.870164 0.647447 0.0576338 0.0623071 35
0 0.749049 0.451903 0.045326 0.103871 34
0 0.812928 0.418951 0.0453612 0.0720237 20
0 0.931238 0.498531 0.0203182 0.0637716 40
