0 0.769237 0.512248 0.044444 0.131282 1
0 0.517437 0.541543 0.0660819 0.183143 2
0 0.53943 0.326178 0.0656089 0.15381 3
0 0.85189 0.701307 0.0695832 0.119112 4
0 0.467785 0.385615 0.0345723 0.203677 5
0 0.656453 0.477598 0.0576785 0.142804 6
0 0.640787 0.50108 0.0462201 0.109235 7
0 0.876613 0.62196 0.0554184 0.0693237 8
0 0.542161 0.218706 0.0352475 0.106845 9
0 0.612981 0.358785 0.0629349 0.113778 10
0 0.659399 0.608241 0.0940437 0.126289 11
0 0.88066 0.57982 0.0502148 0.0567103 12
0 0.600544 0.287573 0.0643538 0.0764833 13
0 0.552142 0.17356 0.0596543 0.112223 14
0 0.912301 0.56505 0.0305924 0.085472 15
0 0.918492 0.374324 0.0249342 0.0739798 16
0 0.662837 0.418775 0.0550694 0.117908 17
0 0.653279 0.2921 0.027899 0.126971 18
0 0.876425 0.448194 0.0432107 0.0861445 19
0 0.569235 0.145849 0.0408028 0.086142 21
0 0.863766 0.527672 0.0356339 0.0777654 22
0 0.812905 0.489438 0.0494649 0.120812 23
0 0.840868 0.584294 0.0293798 0.165502 24
0 0.965023 0.630236 0.0405658 0.0881336 26
0 0.827793 0.411644 0.0351356 0.130561 28
0 0.920021 0.440748 0.0206006 0.10165 29
0 0.935828 0.539926 0.024789 0.105359 31
0 0.904407 0.515189 0.0347313 0.0597002 32
0 0.875421 0.670471 0.0503304 0.107686 35
0 0.746704 0.453837 0.0433177 0.104682 34
0 0.812836 0.419102 0.0458681 0.0702506 20
0 0.933154 0.63829 0.0210102 0.095363 42
