0 0.74817 0.500817 0.0572547 0.111105 1
0 0.517833 0.542363 0.0648409 0.183886 2
0 0.542475 0.311324 0.0645397 0.125316 3
0 0.872945 0.695398 0.0631086 0.121923 4
0 0.467691 0.388175 0.0346208 0.201259 5
0 0.660956 0.487554 0.0560319 0.151125 6
0 0.641401 0.531694 0.0590662 0.138797 7
0 0.882274 0.636886 0.0558207 0.0760723 8
0 0.544947 0.214462 0.0295121 0.0947494 9
0 0.60818 0.359057 0.0533295 0.11621 10
0 0.499084 0.201184 0.0309701 0.135893 11
0 0.878773 0.579346 0.0511597 0.0670584 12
0 0.658622 0.303875 0.0389818 0.100749 13
0 0.540153 0.166679 0.0545135 0.0947327 14
0 0.888909 0.479927 0.03128 0.0598846 15
0 0.862209 0.502686 0.0254931 0.115719 16
0 0.639509 0.401019 0.062783 0.0987755 17
0 0.632471 0.262845 0.0468971 0.103837 18
0 0.882226 0.434228 0.0306076 0.0655203 19
0 0.809035 0.412163 0.0438346 0.0765287 20
0 0.583995 0.197377 0.0371353 0.12461 21
0 0.894392 0.555563 0.0481784 0.10636 22
0 0.809863 0.480964 0.0587737 0.0917052 23
0 0.837281 0.589112 0.0330019 0.178436 24
0 0.933819 0.624154 0.0237613 0.144492 25
0 0.967782 0.633664 0.033046 0.0863132 26
0 0.817468 0.386552 0.0355101 0.104246 28
0 0.930441 0.38895 0.0185205 0.103565 29
0 0.922617 0.487942 0.0207926 0.0675894 30
0 0.938588 0.549356 0.0236104 0.0836411 31
0 0.906885 0.520891 0.0336958 0.07342 32
