0 0.770387 0.509642 0.0421192 0.12715 1
0 0.51769 0.542229 0.0667411 0.181942 2
0 0.540746 0.314099 0.0647276 0.127036 3
0 0.868171 0.701183 0.0618974 0.114241 4
0 0.465908 0.379194 0.0348743 0.196746 5
0 0.658136 0.476446 0.0580304 0.145489 6
0 0.638347 0.523736 0.0492632 0.144888 7
0 0.879394 0.619399 0.0478941 0.0663167 8
0 0.544785 0.217912 0.0280698 0.10187 9
0 0.608972 0.357988 0.0574492 0.115275 10
0 0.495725 0.301805 0.0291745 0.161951 11
0 0.879752 0.576845 0.0434195 0.0552532 12
0 0.615584 0.292639 0.0564211 0.0680408 13
0 0.539678 0.172033 0.0568303 0.0954556 14
0 0.896541 0.556828 0.0323969 0.138092 15
0 0.900977 0.390841 0.0319468 0.0613474 16
0 0.655643 0.395046 0.0551017 0.0893955 17
0 0.654422 0.286896 0.033551 0.135469 18
0 0.876829 0.449606 0.0421503 0.0933109 19
0 0.567573 0.147266 0.042678 0.0912158 21
0 0.867016 0.530284 0.0364843 0.0647151 22
0 0.813536 0.495639 0.0485209 0.118366 23
0 0.839916 0.587123 0.0290819 0.165442 24
0 0.965514 0.626464 0.0401166 0.0834122 26
0 0.826729 0.407831 0.0357255 0.126047 28
0 0.929435 0.386606 0.0213034 0.104744 29
0 0.936 0.519187 0.0247137 0.0925619 31
0 0.90845 0.52731 0.0282457 0.0902494 32
0 0.933207 0.626641 0.0246905 0.138913 36
0 0.87113 0.645261 0.0549613 0.065693 35
0 0.752498 0.452921 0.0495547 0.10144 34
0 0.811379 0.418278 0.0461934 0.0742281 20
