0 0.746356 0.500649 0.0528642 0.110757 1
0 0.518994 0.542619 0.0623009 0.184293 2
0 0.538845 0.3164 0.0670472 0.13273 3
0 0.87176 0.698926 0.066406 0.128852 4
0 0.468074 0.389096 0.03392 0.201668 5
0 0.655696 0.477772 0.0614298 0.139821 6
0 0.643777 0.532125 0.0540113 0.139724 7
0 0.881016 0.636592 0.056123 0.0788599 8
0 0.544571 0.218069 0.0297262 0.101647 9
0 0.608994 0.3574 0.0563381 0.11567 10
0 0.496971 0.208377 0.0277964 0.138322 11
0 0.87946 0.579653 0.0511487 0.0629866 12
0 0.656996 0.302537 0.0401134 0.0967761 13
0 0.536433 0.168509 0.049748 0.092933 14
0 0.88787 0.477775 0.0276936 0.0528929 15
0 0.862458 0.487468 0.0278322 0.085403 16
0 0.639283 0.401113 0.0571422 0.102426 17
0 0.629723 0.262515 0.0452096 0.0993247 18
0 0.88224 0.431669 0.0314548 0.0590749 19
0 0.808741 0.412496 0.0434362 0.0737318 20
0 0.573721 0.172489 0.0385103 0.111592 21
0 0.873312 0.534994 0.0406245 0.0655679 22
0 0.809102 0.483614 0.0586675 0.102624 23
0 0.837009 0.588966 0.031387 0.182509 24
0 0.927279 0.647363 0.0307735 0.109936 25
0 0.966578 0.633167 0.0419559 0.0764184 26
0 0.818682 0.394566 0.039381 0.117485 28
0 0.929906 0.38824 0.0196237 0.10367 29
0 0.922672 0.493763 0.0213965 0.0743004 30
0 0.937464 0.546111 0.0211772 0.0966465 31
0 0.907856 0.541332 0.0295177 0.112275 32
0 0.754768 0.45897 0.0505407 0.116619 34
