0 0.77033 0.511259 0.0424879 0.127889 1
0 0.518114 0.542568 0.0659174 0.181734 2
0 0.541135 0.312132 0.0635669 0.124031 3
0 0.868324 0.701406 0.0619794 0.114085 4
0 0.465919 0.379978 0.0346512 0.198377 5
0 0.657367 0.47624 0.057484 0.145158 6
0 0.638614 0.523348 0.0492182 0.14433 7
0 0.878736 0.619534 0.0485063 0.0669117 8
0 0.545005 0.218277 0.0287792 0.102179 9
0 0.608614 0.357789 0.0566191 0.115189 10
0 0.502341 0.317808 0.0401784 0.163969 11
0 0.879333 0.576979 0.0442913 0.0562002 12
0 0.615402 0.291008 0.0558787 0.0671325 13
0 0.54028 0.171873 0.0581925 0.095571 14
0 0.897276 0.55969 0.0317132 0.140347 15
0 0.902737 0.390759 0.0295084 0.0656011 16
0 0.656119 0.396805 0.0547676 0.0926069 17
0 0.65526 0.288828 0.033333 0.129532 18
0 0.876768 0.450385 0.0418034 0.0936402 19
0 0.567445 0.148166 0.0429402 0.0943248 21
0 0.867055 0.530731 0.0365677 0.0655081 22
0 0.814354 0.497305 0.0489248 0.119195 23
0 0.840171 0.587624 0.0288444 0.16496 24
0 0.965798 0.626547 0.0395161 0.0832396 26
0 0.826651 0.407256 0.0356832 0.126663 28
0 0.930028 0.387048 0.0208302 0.106731 29
0 0.93514 0.51989 0.0260711 0.0931965 31
0 0.908088 0.525913 0.0287751 0.0862551 32
0 0.93366 0.631001 0.0248538 0.144461 36
0 0.8706 0.643577 0.0548839 0.0622683 35
0 0.751655 0.452863 0.0495261 0.102646 34
0 0.811427 0.418459 0.0459809 0.0735658 20
