0 0.769081 0.509597 0.0434604 0.124107 1
0 0.51882 0.542587 0.0624055 0.185929 2
0 0.539994 0.319254 0.0675723 0.140398 3
0 0.849658 0.706485 0.0709933 0.113149 4
0 0.469033 0.387133 0.0353159 0.199137 5
0 0.656817 0.475806 0.0559759 0.141732 6
0 0.640557 0.517898 0.0470498 0.143066 7
0 0.881737 0.620525 0.0485013 0.0658621 8
0 0.542256 0.219278 0.0352155 0.10864 9
0 0.616915 0.355354 0.059876 0.110144 10
0 0.691074 0.600936 0.0691249 0.160903 11
0 0.880813 0.581859 0.0501879 0.0579064 12
0 0.599558 0.288375 0.0635372 0.0761971 13
0 0.55399 0.170076 0.0601061 0.107478 14
0 0.911737 0.565313 0.032419 0.0846111 15
0 0.917687 0.376504 0.0274215 0.079418 16
0 0.662638 0.424014 0.0565843 0.127062 17
0 0.678609 0.335384 0.0562273 0.130582 18
0 0.876767 0.449588 0.0430182 0.0871458 19
0 0.563221 0.143988 0.0529218 0.0866012 21
0 0.865975 0.529911 0.0363935 0.0746916 22
0 0.813407 0.495128 0.0483826 0.130999 23
0 0.839357 0.585764 0.0382342 0.159155 24
0 0.965079 0.628307 0.0401124 0.0850343 26
0 0.828144 0.411484 0.034884 0.132851 28
0 0.925957 0.51498 0.0198657 0.0946945 29
0 0.939083 0.540001 0.0175889 0.107614 31
0 0.910822 0.519633 0.036045 0.0721439 32
0 0.872419 0.675583 0.0548014 0.118618 35
0 0.746862 0.453972 0.0445303 0.104631 34
0 0.812202 0.418404 0.0455673 0.0701119 20
0 0.923289 0.654233 0.0404564 0.113765 45
