0 0.748489 0.50093 0.0566379 0.110755 1
0 0.517319 0.542551 0.0659102 0.184025 2
0 0.543009 0.311704 0.0645044 0.125345 3
0 0.872216 0.695701 0.064328 0.12185 4
0 0.467992 0.388761 0.0348697 0.202322 5
0 0.661052 0.487912 0.0570752 0.149022 6
0 0.64069 0.531932 0.0601778 0.140142 7
0 0.883005 0.637231 0.0547382 0.0763883 8
0 0.544965 0.214143 0.0292555 0.0941558 9
0 0.607974 0.358535 0.0531141 0.1155 10
0 0.498771 0.203288 0.0303669 0.139767 11
0 0.878309 0.578923 0.0506269 0.0671519 12
0 0.658497 0.304169 0.0388508 0.100943 13
0 0.54123 0.167444 0.0558457 0.0962647 14
0 0.889053 0.47967 0.0312898 0.0604998 15
0 0.862208 0.502844 0.0255495 0.114205 16
0 0.640741 0.400255 0.0640285 0.0993647 17
0 0.632799 0.263578 0.0452539 0.104686 18
0 0.882281 0.434236 0.0305078 0.0654174 19
0 0.808976 0.411887 0.0432838 0.076464 20
0 0.584331 0.198118 0.0360822 0.125683 21
0 0.894292 0.556627 0.0484624 0.109292 22
0 0.810127 0.480918 0.0591619 0.091648 23
0 0.837135 0.587876 0.0330654 0.177773 24
0 0.933793 0.623568 0.0241914 0.147521 25
0 0.967955 0.633867 0.0331165 0.090663 26
0 0.817508 0.387802 0.0353662 0.106968 28
0 0.930389 0.388432 0.0185262 0.102118 29
0 0.922747 0.488021 0.0203658 0.0677578 30
0 0.938426 0.550894 0.0238963 0.0855248 31
0 0.907164 0.520622 0.0335007 0.0728135 32
