0 0.769598 0.511288 0.0423733 0.128864 1
0 0.517043 0.541999 0.0665335 0.185758 2
0 0.538455 0.32504 0.0639426 0.152743 3
0 0.858749 0.70464 0.0680266 0.10469 4
0 0.467707 0.385414 0.0338839 0.20262 5
0 0.656899 0.476996 0.0569329 0.142725 6
0 0.641282 0.509617 0.0451094 0.124695 7
0 0.875282 0.620737 0.0547357 0.0675705 8
0 0.543606 0.219203 0.0323978 0.105609 9
0 0.61128 0.358815 0.0590116 0.115556 10
0 0.622514 0.558854 0.0837512 0.175761 11
0 0.882103 0.580644 0.0471798 0.0598543 12
0 0.600745 0.287276 0.0654676 0.0753124 13
0 0.543283 0.171696 0.0648465 0.0957701 14
0 0.911545 0.561655 0.0316325 0.0809299 15
0 0.917959 0.373076 0.02519 0.0731265 16
0 0.663645 0.420928 0.0586173 0.121811 17
0 0.653455 0.291999 0.0280737 0.128274 18
0 0.874933 0.44833 0.0450165 0.0881722 19
0 0.569058 0.148304 0.0441101 0.0931131 21
0 0.865047 0.527376 0.0362696 0.0787255 22
0 0.813584 0.491618 0.0499916 0.124029 23
0 0.841603 0.589616 0.0297273 0.177871 24
0 0.965485 0.62726 0.039849 0.0817732 26
0 0.827542 0.409878 0.0350613 0.129331 28
0 0.922584 0.423307 0.0270704 0.0830486 29
0 0.935433 0.536041 0.0257916 0.100341 31
0 0.904234 0.515754 0.0363845 0.0602281 32
0 0.92924 0.654531 0.0295383 0.135586 36
0 0.871029 0.654449 0.0585307 0.0772007 35
0 0.748592 0.453213 0.0475735 0.104074 34
0 0.811721 0.41837 0.0453581 0.0692704 20
