0 0.769242 0.510454 0.0435367 0.127757 1
0 0.519506 0.543134 0.0610417 0.18493 2
0 0.539714 0.323718 0.0663307 0.149436 3
0 0.850368 0.706133 0.0703813 0.114834 4
0 0.468104 0.386864 0.0342836 0.203136 5
0 0.656682 0.476833 0.0564132 0.144296 6
0 0.640444 0.518488 0.0474497 0.144728 7
0 0.881277 0.620832 0.0484544 0.0665224 8
0 0.540843 0.219083 0.0387328 0.108331 9
0 0.6171 0.355087 0.0573577 0.110239 10
0 0.684947 0.608601 0.063754 0.148137 11
0 0.881158 0.581495 0.0502308 0.0569577 12
0 0.59958 0.290079 0.0637316 0.0798534 13
0 0.554275 0.169338 0.0605993 0.105821 14
0 0.911537 0.566142 0.0315846 0.0850257 15
0 0.917749 0.376552 0.0275571 0.0794688 16
0 0.663052 0.425756 0.0575741 0.129266 17
0 0.668806 0.333413 0.0437217 0.146094 18
0 0.876276 0.449677 0.0433543 0.0871202 19
0 0.568721 0.144962 0.0425396 0.0865545 21
0 0.865955 0.529207 0.0364053 0.0743933 22
0 0.812967 0.49393 0.0490112 0.129196 23
0 0.840629 0.589085 0.0342105 0.16404 24
0 0.965019 0.628222 0.0403256 0.0853092 26
0 0.82807 0.41223 0.0347447 0.13418 28
0 0.924317 0.497233 0.0218199 0.0882111 29
0 0.939188 0.540892 0.0180327 0.108975 31
0 0.910711 0.521334 0.036668 0.0688568 32
0 0.872552 0.674233 0.054402 0.115649 35
0 0.747764 0.454007 0.0462825 0.105744 34
0 0.812358 0.418778 0.045285 0.0716724 20
0 0.929254 0.633155 0.0287292 0.076702 42
