0 0.748673 0.50242 0.057123 0.112315 1
0 0.517558 0.541279 0.0671978 0.183374 2
0 0.538353 0.328184 0.0661734 0.154906 3
0 0.868404 0.701322 0.0603009 0.113968 4
0 0.468772 0.384241 0.0353307 0.195332 5
0 0.656756 0.480625 0.0612873 0.140663 6
0 0.643822 0.531577 0.0508012 0.141012 7
0 0.877157 0.621362 0.0516977 0.0670956 8
0 0.544709 0.218622 0.0298048 0.104811 9
0 0.607779 0.358112 0.055579 0.116071 10
0 0.503746 0.223172 0.0327724 0.120665 11
0 0.879314 0.575734 0.0439213 0.0556999 12
0 0.638877 0.305031 0.0494051 0.0790048 13
0 0.535668 0.167993 0.0500489 0.0870603 14
0 0.887626 0.513658 0.0290574 0.0913045 15
0 0.85557 0.443458 0.0253234 0.112447 16
0 0.640429 0.398153 0.0573348 0.098831 17
0 0.624566 0.256163 0.0509441 0.0860959 18
0 0.879342 0.443778 0.0365671 0.0827659 19
0 0.808386 0.411582 0.0463653 0.0727841 20
0 0.571954 0.153467 0.0395226 0.0886686 21
0 0.86486 0.52697 0.0371327 0.0632842 22
0 0.806312 0.488276 0.0547811 0.115986 23
0 0.838244 0.588748 0.0306811 0.165605 24
0 0.96236 0.628963 0.0471413 0.0881272 26
0 0.825001 0.394899 0.0351135 0.100578 28
0 0.929212 0.38812 0.0215482 0.105598 29
0 0.93389 0.522423 0.02838 0.0770514 31
0 0.910477 0.542849 0.0257113 0.101995 32
0 0.931583 0.571387 0.0246283 0.130692 36
0 0.871215 0.646125 0.0537865 0.0573847 35
