0 0.773708 0.505385 0.0458239 0.0923959 1
0 0.502225 0.530587 0.0835424 0.163545 2
0 0.543369 0.320767 0.072844 0.139191 3
0 0.843326 0.709943 0.0687818 0.107628 4
0 0.466724 0.389579 0.0350112 0.202929 5
0 0.655017 0.473657 0.0591334 0.137718 6
0 0.631314 0.525809 0.0690318 0.151503 7
0 0.879211 0.620323 0.0439418 0.0597507 8
0 0.544075 0.218913 0.0291131 0.101183 9
0 0.618174 0.35084 0.0550737 0.104365 10
0 0.754852 0.584709 0.0715932 0.112701 11
0 0.881054 0.580294 0.0488725 0.0589827 12
0 0.599991 0.286115 0.063227 0.0716775 13
0 0.559024 0.175595 0.0603907 0.106594 14
0 0.911602 0.565476 0.0317645 0.0829267 15
0 0.917719 0.376856 0.027604 0.0774641 16
0 0.666379 0.431491 0.0635819 0.130941 17
0 0.750987 0.392346 0.0503166 0.101017 18
0 0.877394 0.449891 0.0415872 0.0903989 19
0 0.564304 0.130273 0.0459245 0.0648509 21
0 0.86259 0.537219 0.0331609 0.0793673 22
0 0.809933 0.482299 0.0495919 0.115048 23
0 0.972751 0.631692 0.0272708 0.0945238 26
0 0.828162 0.406253 0.0357107 0.127209 28
0 0.909861 0.511453 0.0363592 0.0798697 32
0 0.864895 0.677922 0.0623295 0.127626 35
0 0.751473 0.453144 0.0423957 0.101243 34
0 0.813276 0.417518 0.043155 0.0735423 20
0 0.920863 0.644896 0.0488618 0.0826514 45
0 0.935614 0.525277 0.0265837 0.0774308 29
0 0.947111 0.624665 0.0327078 0.15171 42
0 0.845988 0.57591 0.0673384 0.158402 46
