0 0.770206 0.509535 0.041596 0.127069 1
0 0.5173 0.54404 0.0665744 0.182046 2
0 0.539608 0.307759 0.0667096 0.120749 3
0 0.86586 0.701097 0.0678857 0.112452 4
0 0.466242 0.380616 0.0348111 0.198647 5
0 0.65662 0.475081 0.0557719 0.142546 6
0 0.639347 0.52187 0.0468612 0.143305 7
0 0.878438 0.623395 0.0513067 0.0736143 8
0 0.545182 0.21731 0.0291315 0.100241 9
0 0.609046 0.357316 0.0557291 0.114858 10
0 0.511246 0.347893 0.061621 0.15116 11
0 0.879759 0.577538 0.0443631 0.0574681 12
0 0.609202 0.295382 0.0647238 0.0796526 13
0 0.539585 0.172184 0.0577967 0.0974109 14
0 0.899582 0.564833 0.0327177 0.139893 15
0 0.908388 0.386894 0.0255496 0.0695008 16
0 0.65596 0.403831 0.0580467 0.10352 17
0 0.653951 0.289507 0.0305545 0.130041 18
0 0.876848 0.450293 0.0411906 0.0916703 19
0 0.568038 0.146015 0.0442946 0.0918419 21
0 0.867108 0.530023 0.0368005 0.0656399 22
0 0.814148 0.488933 0.0486017 0.116493 23
0 0.839793 0.585895 0.0298609 0.15883 24
0 0.96579 0.628659 0.0398136 0.0867824 26
0 0.82669 0.407387 0.03544 0.127532 28
0 0.931129 0.380165 0.0186597 0.113985 29
0 0.936867 0.518107 0.0233572 0.0969105 31
0 0.908093 0.524402 0.0294659 0.0827984 32
0 0.934214 0.6291 0.0242292 0.138443 36
0 0.870283 0.645143 0.0560784 0.0628757 35
0 0.749431 0.453369 0.04772 0.102293 34
0 0.811728 0.417935 0.0451054 0.069865 20
0 0.932749 0.5031 0.022843 0.07687 40
