0 0.747945 0.500671 0.0568016 0.112516 1
0 0.517663 0.542602 0.0651103 0.183693 2
0 0.541203 0.3105 0.0655766 0.12801 3
0 0.871378 0.695137 0.0658786 0.121344 4
0 0.467684 0.385689 0.0345896 0.196683 5
0 0.659948 0.480252 0.0527849 0.14218 6
0 0.643079 0.534682 0.0549921 0.143394 7
0 0.883131 0.636189 0.0541148 0.0773071 8
0 0.544925 0.214507 0.0295938 0.0941928 9
0 0.608363 0.358592 0.0533121 0.1154 10
0 0.499792 0.199313 0.0326623 0.132013 11
0 0.879845 0.579935 0.0525029 0.0660795 12
0 0.658045 0.303904 0.0400379 0.100284 13
0 0.538722 0.165962 0.0520692 0.0925279 14
0 0.888963 0.482501 0.0314432 0.0633381 15
0 0.862257 0.499916 0.0255751 0.111119 16
0 0.639968 0.400694 0.0574261 0.0988633 17
0 0.632476 0.262902 0.0487712 0.104534 18
0 0.882275 0.434137 0.0304938 0.0655445 19
0 0.809363 0.412449 0.0436314 0.0761668 20
0 0.582654 0.191232 0.0375623 0.115591 21
0 0.896384 0.551942 0.0452362 0.0941998 22
0 0.809537 0.481362 0.0596484 0.0947361 23
0 0.837552 0.586827 0.0332009 0.175282 24
0 0.93398 0.62771 0.0237044 0.143676 25
0 0.965043 0.635146 0.0389702 0.0758697 26
0 0.81743 0.388718 0.0365376 0.108737 28
0 0.930201 0.388452 0.0187398 0.103022 29
0 0.922652 0.488726 0.0210149 0.0689052 30
0 0.938209 0.541724 0.0234123 0.0737226 31
0 0.906935 0.521141 0.0322942 0.0740025 32
