0 0.768994 0.509144 0.0429836 0.122964 1
0 0.519109 0.542808 0.0624843 0.185658 2
0 0.539677 0.320659 0.0673342 0.142986 3
0 0.850056 0.706259 0.0699592 0.110823 4
0 0.469244 0.388999 0.0353315 0.200895 5
0 0.656599 0.474474 0.0563995 0.140138 6
0 0.639982 0.518236 0.0475359 0.144461 7
0 0.881707 0.620809 0.0484179 0.0665641 8
0 0.542749 0.219073 0.033882 0.108024 9
0 0.617045 0.355348 0.056572 0.110527 10
0 0.697524 0.588738 0.0702107 0.149386 11
0 0.881157 0.581947 0.0492072 0.0571354 12
0 0.599456 0.287458 0.0638534 0.0739889 13
0 0.554129 0.17163 0.0600304 0.110384 14
0 0.91122 0.563088 0.0324856 0.0816223 15
0 0.917776 0.376571 0.0274404 0.0796311 16
0 0.66269 0.423895 0.0563331 0.126512 17
0 0.682906 0.33706 0.0568551 0.123721 18
0 0.87685 0.449925 0.0432105 0.0879996 19
0 0.567013 0.143829 0.0454629 0.0839915 21
0 0.865867 0.530288 0.0365007 0.0753262 22
0 0.813473 0.496483 0.0483442 0.132122 23
0 0.838858 0.58248 0.039294 0.150333 24
0 0.964855 0.627972 0.0401626 0.0846287 26
0 0.828061 0.412015 0.0348887 0.133153 28
0 0.936767 0.541465 0.0218224 0.111488 31
0 0.910778 0.517202 0.0362684 0.0727329 32
0 0.872964 0.674898 0.0539227 0.117464 35
0 0.747855 0.453767 0.0461686 0.106058 34
0 0.812055 0.418862 0.04539 0.0711992 20
0 0.926942 0.632765 0.0334196 0.0717143 42
