0 0.769608 0.511431 0.0423969 0.129451 1
0 0.517143 0.542008 0.066359 0.185758 2
0 0.538481 0.324822 0.0639618 0.152648 3
0 0.859236 0.706243 0.0678193 0.106585 4
0 0.467716 0.385008 0.0338607 0.201783 5
0 0.656902 0.477112 0.0567455 0.143028 6
0 0.641217 0.510181 0.045051 0.125404 7
0 0.875032 0.620438 0.0554133 0.0671683 8
0 0.543581 0.219011 0.0324574 0.105857 9
0 0.611112 0.358587 0.0585779 0.115415 10
0 0.621407 0.555458 0.0828373 0.175062 11
0 0.882064 0.580611 0.0472471 0.0597408 12
0 0.600745 0.287427 0.0654333 0.0755907 13
0 0.543169 0.172135 0.0649164 0.0968221 14
0 0.911561 0.561683 0.0316433 0.0808748 15
0 0.917852 0.373121 0.0251463 0.0734118 16
0 0.663529 0.420525 0.058506 0.121866 17
0 0.653437 0.291973 0.028075 0.128216 18
0 0.875014 0.448479 0.0449753 0.0883863 19
0 0.569098 0.148574 0.0441599 0.0935858 21
0 0.864977 0.527338 0.0364225 0.0786922 22
0 0.813534 0.491425 0.0500208 0.123594 23
0 0.841644 0.589944 0.0298211 0.17877 24
0 0.965513 0.627264 0.0398498 0.0818682 26
0 0.827534 0.409895 0.0350394 0.129404 28
0 0.923137 0.421813 0.0275621 0.0810311 29
0 0.935349 0.535642 0.0258972 0.100111 31
0 0.904274 0.515556 0.0363289 0.0601754 32
0 0.929247 0.654274 0.0297158 0.135758 36
0 0.871077 0.654167 0.0586843 0.0765478 35
0 0.748492 0.453047 0.0476202 0.1038 34
0 0.811696 0.418424 0.0453711 0.0693764 20
