0 0.74954 0.503134 0.0561827 0.111354 1
0 0.517503 0.543628 0.0660112 0.184603 2
0 0.538463 0.330291 0.0653116 0.155452 3
0 0.869298 0.70292 0.0598522 0.116795 4
0 0.469073 0.382922 0.033634 0.194125 5
0 0.657215 0.481739 0.061073 0.143349 6
0 0.642266 0.532075 0.0496964 0.147595 7
0 0.878967 0.622908 0.0507185 0.0727745 8
0 0.54486 0.220041 0.0299171 0.106112 9
0 0.607356 0.357892 0.0548174 0.115354 10
0 0.504421 0.225609 0.0340285 0.120746 11
0 0.879765 0.576232 0.0442924 0.0570398 12
0 0.637031 0.305522 0.0531679 0.0781717 13
0 0.537288 0.165961 0.0512938 0.0852605 14
0 0.889497 0.521519 0.0322838 0.0982885 15
0 0.858107 0.431641 0.0258652 0.10781 16
0 0.641184 0.397286 0.055286 0.0972743 17
0 0.631965 0.239211 0.0376515 0.0602606 18
0 0.876175 0.447081 0.042943 0.0879587 19
0 0.808341 0.412959 0.0455456 0.0735322 20
0 0.572026 0.153846 0.0395383 0.091205 21
0 0.865143 0.526836 0.0388853 0.0630946 22
0 0.806706 0.488675 0.0535851 0.116242 23
0 0.83897 0.589442 0.0300815 0.166784 24
0 0.962707 0.630188 0.0453234 0.0901444 26
0 0.8255 0.408185 0.0354111 0.126275 28
0 0.929925 0.388952 0.0197167 0.104956 29
0 0.933346 0.522665 0.02948 0.079717 31
0 0.909779 0.539982 0.0255884 0.108616 32
0 0.931287 0.579261 0.0244429 0.133577 36
0 0.869927 0.644251 0.0538555 0.0597303 35
0 0.75132 0.431079 0.044643 0.0625104 34
