0 0.768587 0.51218 0.0439382 0.127251 1
0 0.517692 0.542827 0.0660019 0.184193 2
0 0.53904 0.317847 0.065562 0.138371 3
0 0.865785 0.702439 0.0686849 0.10881 4
0 0.467622 0.386119 0.0332612 0.204451 5
0 0.656221 0.476729 0.0591676 0.144953 6
0 0.641368 0.519333 0.0452458 0.142823 7
0 0.875344 0.618708 0.0543109 0.0636835 8
0 0.544612 0.218913 0.031339 0.104625 9
0 0.609737 0.353805 0.0591785 0.108826 10
0 0.57896 0.471619 0.064709 0.188508 11
0 0.883138 0.581668 0.0450385 0.0580205 12
0 0.601054 0.289332 0.0656986 0.0794728 13
0 0.540774 0.171818 0.0609687 0.0954883 14
0 0.910716 0.561285 0.0313972 0.0782634 15
0 0.917744 0.375127 0.0254786 0.0783646 16
0 0.663246 0.42024 0.0578803 0.125146 17
0 0.65386 0.291769 0.0281196 0.130401 18
0 0.876371 0.449993 0.0417234 0.0903797 19
0 0.569137 0.148173 0.0435006 0.0940669 21
0 0.86545 0.534386 0.0356264 0.0759335 22
0 0.813525 0.490311 0.0500569 0.121981 23
0 0.841385 0.588384 0.029208 0.174303 24
0 0.96637 0.629014 0.0386024 0.0865907 26
0 0.827675 0.409392 0.0358236 0.131797 28
0 0.930213 0.423302 0.0375613 0.0870045 29
0 0.935501 0.527505 0.025763 0.0862284 31
0 0.904696 0.514311 0.0370932 0.0594826 32
0 0.934998 0.626124 0.0235145 0.125309 36
0 0.870655 0.647383 0.0576682 0.0623796 35
0 0.746061 0.45154 0.0406766 0.103016 34
0 0.812263 0.41728 0.0450982 0.0686551 20
