0 0.773775 0.505571 0.0449941 0.0913965 1
0 0.502589 0.530244 0.0828902 0.163716 2
0 0.543178 0.320747 0.0725223 0.138944 3
0 0.836108 0.705838 0.0697868 0.109889 4
0 0.466821 0.38776 0.03508 0.199033 5
0 0.65491 0.474241 0.0596318 0.13867 6
0 0.628873 0.526789 0.0714952 0.149846 7
0 0.877328 0.618276 0.0459528 0.0609817 8
0 0.544028 0.219273 0.0287963 0.101085 9
0 0.618611 0.351377 0.056162 0.104705 10
0 0.754221 0.584483 0.0706783 0.11156 11
0 0.880445 0.580904 0.0487881 0.0570494 12
0 0.599991 0.285748 0.0629967 0.0710341 13
0 0.559124 0.175464 0.0604234 0.106023 14
0 0.912051 0.564909 0.0311253 0.0803965 15
0 0.917746 0.37702 0.0275897 0.0776224 16
0 0.666472 0.43268 0.0635411 0.133513 17
0 0.75098 0.392146 0.050456 0.100275 18
0 0.877392 0.448987 0.0415718 0.0894924 19
0 0.564235 0.127288 0.0465664 0.0683045 21
0 0.86159 0.534979 0.0298117 0.0789307 22
0 0.808332 0.480161 0.0491138 0.114516 23
0 0.972773 0.631675 0.0274334 0.0952075 26
0 0.828145 0.407659 0.0355797 0.129807 28
0 0.909792 0.511273 0.0366491 0.0806448 32
0 0.865299 0.679415 0.0610693 0.130797 35
0 0.751401 0.45342 0.0423654 0.101612 34
0 0.81496 0.438682 0.0440976 0.115662 20
0 0.918089 0.643932 0.0469529 0.080322 45
0 0.935529 0.524942 0.0266515 0.0774067 29
0 0.947046 0.624282 0.0322491 0.150717 42
0 0.842962 0.573328 0.0679997 0.15696 46
0 0.845405 0.546301 0.0619813 0.102732 47
