0 0.770268 0.509523 0.0425832 0.12692 1
0 0.516694 0.543976 0.0674412 0.181666 2
0 0.541802 0.311861 0.0697572 0.12802 3
0 0.865861 0.700312 0.0677608 0.113013 4
0 0.466138 0.379093 0.0344814 0.196981 5
0 0.657086 0.473791 0.0554668 0.14098 6
0 0.640071 0.52287 0.0463318 0.144845 7
0 0.878831 0.620233 0.0512074 0.0687613 8
0 0.545344 0.217526 0.029208 0.100652 9
0 0.607951 0.356921 0.0551946 0.115492 10
0 0.522385 0.352623 0.0705834 0.14358 11
0 0.879972 0.579016 0.0435067 0.052292 12
0 0.606315 0.296044 0.0662803 0.0882569 13
0 0.53937 0.172423 0.0577285 0.0975994 14
0 0.89932 0.566187 0.0329917 0.136254 15
0 0.915845 0.379321 0.0222043 0.0768843 16
0 0.65537 0.401445 0.0586254 0.0985099 17
0 0.654378 0.290699 0.0300772 0.128487 18
0 0.876876 0.450514 0.0418004 0.0916589 19
0 0.568231 0.14707 0.0444913 0.0930082 21
0 0.866259 0.531978 0.0364174 0.0701081 22
0 0.813676 0.489876 0.0491349 0.121561 23
0 0.840636 0.59094 0.030873 0.175196 24
0 0.965796 0.628765 0.0397625 0.0863995 26
0 0.826515 0.408883 0.0353256 0.129518 28
0 0.931933 0.380063 0.0190568 0.11431 29
0 0.937248 0.520957 0.0223991 0.0936409 31
0 0.908446 0.528614 0.0296206 0.0874267 32
0 0.934234 0.629649 0.0235534 0.135548 36
0 0.869963 0.645745 0.0579713 0.0636591 35
0 0.75096 0.452473 0.0502029 0.103045 34
0 0.812858 0.419709 0.0450795 0.0718988 20
0 0.930607 0.496725 0.021768 0.0697591 40
