0 0.747855 0.500526 0.0567106 0.112155 1
0 0.516875 0.54248 0.0663957 0.183488 2
0 0.542734 0.31189 0.0657291 0.126308 3
0 0.872056 0.695648 0.0640358 0.121279 4
0 0.467447 0.388446 0.0342943 0.201965 5
0 0.660163 0.4839 0.0541069 0.145188 6
0 0.643049 0.534088 0.0552223 0.142493 7
0 0.883039 0.636582 0.0543494 0.0769659 8
0 0.54497 0.214595 0.0294671 0.0943938 9
0 0.608291 0.359242 0.0535943 0.116076 10
0 0.499379 0.199012 0.0317446 0.1309 11
0 0.879329 0.579688 0.0522018 0.0665676 12
0 0.658167 0.303783 0.0397383 0.100569 13
0 0.539676 0.166283 0.0539945 0.0938099 14
0 0.888989 0.482111 0.0313701 0.0624106 15
0 0.862247 0.501201 0.0253263 0.113115 16
0 0.640144 0.401219 0.0577874 0.0978406 17
0 0.631782 0.262846 0.0485472 0.104619 18
0 0.882266 0.434227 0.0304162 0.0657486 19
0 0.808849 0.412052 0.0430648 0.0763375 20
0 0.583681 0.193072 0.0373773 0.116447 21
0 0.895529 0.55503 0.0461735 0.104486 22
0 0.809323 0.481329 0.0587475 0.0933008 23
0 0.837449 0.588408 0.0331816 0.17604 24
0 0.933856 0.626016 0.0236468 0.14217 25
0 0.966422 0.632454 0.0368014 0.0774044 26
0 0.817355 0.388584 0.0360787 0.108301 28
0 0.930209 0.388654 0.0186869 0.103384 29
0 0.922806 0.488206 0.020758 0.0682101 30
0 0.93816 0.544785 0.0237183 0.0764101 31
0 0.90701 0.520685 0.0328489 0.0725964 32
