0 0.769671 0.512346 0.0421278 0.131199 1
0 0.517065 0.541908 0.0657292 0.1842 2
0 0.539075 0.325199 0.0650827 0.151848 3
0 0.8572 0.701341 0.0670686 0.10476 4
0 0.467674 0.385336 0.0346131 0.201905 5
0 0.656153 0.478129 0.0585703 0.143305 6
0 0.640769 0.507054 0.0465351 0.119336 7
0 0.875983 0.62073 0.054459 0.06817 8
0 0.542845 0.218311 0.0345813 0.104617 9
0 0.611206 0.359151 0.0599627 0.11473 10
0 0.63343 0.572904 0.0822278 0.172832 11
0 0.880828 0.580072 0.049507 0.0582008 12
0 0.600534 0.288859 0.0644913 0.0788197 13
0 0.544794 0.174182 0.0629282 0.0985821 14
0 0.912335 0.564635 0.0309655 0.0856878 15
0 0.918307 0.376337 0.0258042 0.0782306 16
0 0.663988 0.424643 0.0568478 0.128156 17
0 0.653057 0.291663 0.0293045 0.126418 18
0 0.875891 0.447858 0.0428054 0.0871073 19
0 0.568313 0.148348 0.0436591 0.0916397 21
0 0.864371 0.527371 0.0372555 0.0785941 22
0 0.813001 0.492159 0.0499012 0.124808 23
0 0.84069 0.59039 0.0304834 0.172156 24
0 0.965304 0.628227 0.0402138 0.0841664 26
0 0.827872 0.410742 0.0352209 0.129008 28
0 0.921329 0.432899 0.0257545 0.0964851 29
0 0.935322 0.536887 0.0257785 0.100667 31
0 0.904204 0.515268 0.0355038 0.0600541 32
0 0.929785 0.653443 0.0281219 0.132692 36
0 0.872103 0.659787 0.0576908 0.087916 35
0 0.746478 0.453027 0.0417006 0.104985 34
0 0.812129 0.418512 0.0464153 0.0704385 20
