0 0.745658 0.501212 0.0537697 0.113311 1
0 0.517664 0.541131 0.0669955 0.183208 2
0 0.537544 0.324443 0.06564 0.149435 3
0 0.872275 0.700808 0.0632827 0.129433 4
0 0.468067 0.386133 0.0347563 0.197901 5
0 0.656529 0.479718 0.0613085 0.141187 6
0 0.642929 0.531361 0.0551993 0.136166 7
0 0.881279 0.623295 0.0522464 0.0585862 8
0 0.544687 0.218608 0.0292454 0.103844 9
0 0.60768 0.358605 0.0564492 0.116812 10
0 0.503687 0.213564 0.0289654 0.129276 11
0 0.878482 0.580013 0.046423 0.0591265 12
0 0.639267 0.304734 0.0501627 0.0805154 13
0 0.535501 0.166656 0.0483857 0.0844254 14
0 0.888232 0.514246 0.0275813 0.0921797 15
0 0.858579 0.465926 0.0301861 0.0766706 16
0 0.639253 0.397833 0.0552435 0.097107 17
0 0.626795 0.256274 0.048785 0.0867289 18
0 0.882525 0.43767 0.0303605 0.0703193 19
0 0.807329 0.411545 0.0445983 0.0731485 20
0 0.571698 0.156085 0.0397643 0.0957962 21
0 0.865936 0.53217 0.0374947 0.0671536 22
0 0.806949 0.479552 0.0557878 0.099596 23
0 0.835429 0.588651 0.0335346 0.172614 24
0 0.905384 0.694101 0.0305308 0.101373 25
0 0.962271 0.629333 0.0469853 0.0879775 26
0 0.824712 0.400178 0.0353271 0.108975 28
0 0.929193 0.38772 0.0218061 0.104941 29
0 0.9236 0.507738 0.0186906 0.0937975 30
0 0.936139 0.549709 0.0232642 0.114457 31
0 0.910794 0.545171 0.0251328 0.105107 32
0 0.75313 0.457189 0.0505634 0.113444 34
