0 0.768393 0.509414 0.0385025 0.124755 1
0 0.505291 0.52893 0.0778349 0.160566 2
0 0.541692 0.318805 0.0721462 0.137979 3
0 0.849564 0.705574 0.0718499 0.109177 4
0 0.466632 0.390683 0.035215 0.204105 5
0 0.655768 0.476151 0.0572818 0.141717 6
0 0.63998 0.515004 0.0463881 0.142967 7
0 0.881844 0.622351 0.0476396 0.0642596 8
0 0.544666 0.218751 0.0304789 0.104949 9
0 0.617949 0.351174 0.0551371 0.103725 10
0 0.719061 0.565847 0.0607878 0.115907 11
0 0.880947 0.583329 0.0496171 0.0605536 12
0 0.599614 0.287257 0.0627669 0.0737909 13
0 0.553925 0.164704 0.0613344 0.0966023 14
0 0.911826 0.563907 0.0329466 0.080988 15
0 0.917824 0.376447 0.0274296 0.0780646 16
0 0.665156 0.426472 0.0593197 0.120481 17
0 0.746678 0.388559 0.0505742 0.0988756 18
0 0.878613 0.448386 0.0391316 0.0872856 19
0 0.55997 0.128504 0.0438857 0.0596205 21
0 0.866819 0.528894 0.0374544 0.0758442 22
0 0.812137 0.490802 0.0525918 0.122521 23
0 0.834327 0.584331 0.0427699 0.1664 24
0 0.971764 0.627775 0.0289871 0.0871081 26
0 0.828721 0.410542 0.0358894 0.132765 28
0 0.908605 0.510536 0.0362514 0.0749192 32
0 0.873147 0.674397 0.0542516 0.114231 35
0 0.75091 0.447368 0.0446837 0.107063 34
0 0.811562 0.417485 0.045952 0.0712075 20
0 0.922986 0.635751 0.0421979 0.0837563 45
0 0.937621 0.516346 0.0216311 0.0575036 29
0 0.944469 0.610349 0.0313267 0.156039 42
