0 0.743499 0.500292 0.0581046 0.114917 1
0 0.518153 0.543118 0.0652758 0.183478 2
0 0.546403 0.310518 0.068006 0.120888 3
0 0.87354 0.696258 0.0614868 0.123225 4
0 0.463356 0.382642 0.0343152 0.195068 5
0 0.662262 0.491572 0.0604828 0.148696 6
0 0.640714 0.531142 0.0594555 0.139801 7
0 0.880942 0.639004 0.0595941 0.0783553 8
0 0.545253 0.212358 0.0288985 0.0902379 9
0 0.608006 0.359479 0.0522122 0.118121 10
0 0.49733 0.203136 0.0284155 0.138316 11
0 0.879205 0.582803 0.0534586 0.066891 12
0 0.658096 0.308674 0.041378 0.107786 13
0 0.541158 0.168945 0.0536322 0.0924008 14
0 0.891581 0.477376 0.0349623 0.058474 15
0 0.862101 0.505213 0.0258998 0.118596 16
0 0.632912 0.400409 0.0566095 0.100575 17
0 0.633429 0.262818 0.0436379 0.105713 18
0 0.882219 0.434978 0.0322814 0.0659445 19
0 0.809861 0.411742 0.0440958 0.0777677 20
0 0.585381 0.199927 0.0327729 0.12209 21
0 0.894035 0.54643 0.0463298 0.0924204 22
0 0.809255 0.482395 0.0581453 0.0964342 23
0 0.836874 0.586875 0.0320759 0.179521 24
0 0.932428 0.609236 0.0245713 0.141401 25
0 0.969307 0.629386 0.03316 0.0857985 26
0 0.755506 0.448907 0.0495454 0.0967964 27
0 0.817437 0.383108 0.0355342 0.0972406 28
0 0.931561 0.393507 0.021478 0.100405 29
0 0.922164 0.487119 0.0216532 0.0670836 30
0 0.938916 0.552238 0.0244072 0.0895076 31
0 0.907659 0.538637 0.03313 0.10815 32
