0 0.741561 0.499043 0.0591255 0.114997 1
0 0.518062 0.543029 0.0654142 0.183774 2
0 0.545841 0.31028 0.0666663 0.120904 3
0 0.872674 0.696831 0.0639993 0.124764 4
0 0.463061 0.385404 0.0337222 0.200435 5
0 0.662573 0.492881 0.059873 0.151174 6
0 0.640409 0.530711 0.0597977 0.1388 7
0 0.881207 0.639238 0.0590182 0.0794158 8
0 0.545082 0.21238 0.0288777 0.0899755 9
0 0.608328 0.358595 0.0524388 0.116943 10
0 0.496947 0.208747 0.0272998 0.150807 11
0 0.879463 0.582428 0.0533307 0.0674709 12
0 0.65886 0.310652 0.0408962 0.111742 13
0 0.540974 0.169344 0.0533244 0.093273 14
0 0.891543 0.477139 0.0350594 0.0583724 15
0 0.862137 0.505117 0.0259327 0.118007 16
0 0.632193 0.400373 0.0551501 0.101162 17
0 0.633288 0.262592 0.0442405 0.105967 18
0 0.882297 0.434974 0.0323763 0.0661156 19
0 0.809496 0.412185 0.0439174 0.0784413 20
0 0.585613 0.199471 0.0333444 0.119339 21
0 0.894445 0.546202 0.046286 0.0924699 22
0 0.808861 0.483672 0.0577691 0.0987304 23
0 0.837073 0.583697 0.0320452 0.176722 24
0 0.932351 0.610359 0.0248673 0.142146 25
0 0.969611 0.629009 0.0329918 0.0850543 26
0 0.755577 0.453833 0.0494307 0.106522 27
0 0.817614 0.385324 0.0356744 0.101608 28
0 0.93265 0.392943 0.0221478 0.101246 29
0 0.922242 0.487522 0.0218007 0.067746 30
0 0.938952 0.55276 0.0243192 0.0903917 31
0 0.907639 0.535775 0.0332363 0.102513 32
