0 0.769626 0.512102 0.0421319 0.13166 1
0 0.517298 0.541931 0.0652927 0.18459 2
0 0.538955 0.32523 0.064808 0.151712 3
0 0.857363 0.702288 0.0674487 0.104854 4
0 0.467671 0.385646 0.0345998 0.20252 5
0 0.656164 0.478224 0.0586154 0.143428 6
0 0.640769 0.50794 0.0464742 0.121258 7
0 0.87584 0.620932 0.0544922 0.068325 8
0 0.542776 0.218528 0.0343685 0.104987 9
0 0.611285 0.359061 0.0601008 0.114676 10
0 0.631306 0.571302 0.0832617 0.175212 11
0 0.880875 0.580126 0.0494463 0.058373 12
0 0.600548 0.289142 0.0645339 0.0793385 13
0 0.54426 0.174163 0.0629416 0.0986864 14
0 0.912318 0.564536 0.0310274 0.0854786 15
0 0.9183 0.376124 0.0257696 0.077781 16
0 0.663957 0.424861 0.0568036 0.12835 17
0 0.653105 0.291585 0.0291955 0.126276 18
0 0.875833 0.447897 0.0428969 0.0870288 19
0 0.568307 0.148158 0.0436573 0.0909438 21
0 0.864352 0.527289 0.0372396 0.0784777 22
0 0.813027 0.492266 0.0499237 0.124773 23
0 0.840688 0.590623 0.0305985 0.173668 24
0 0.965332 0.628157 0.0401692 0.083976 26
0 0.82786 0.410547 0.0351729 0.128748 28
0 0.921703 0.432349 0.0254938 0.0955546 29
0 0.935331 0.536973 0.025748 0.100929 31
0 0.904203 0.515197 0.0355617 0.0601207 32
0 0.929749 0.653263 0.0285328 0.131191 36
0 0.871943 0.660115 0.0580595 0.0888975 35
0 0.746919 0.453116 0.0428327 0.104646 34
0 0.812129 0.418633 0.0463822 0.0706686 20
