0 0.755847 0.503961 0.0564485 0.105324 1
0 0.516558 0.544833 0.0682091 0.183219 2
0 0.539113 0.321628 0.0668798 0.140029 3
0 0.870426 0.701507 0.0601143 0.112825 4
0 0.46553 0.379742 0.033172 0.19821 5
0 0.658875 0.482078 0.0568682 0.146845 6
0 0.639991 0.523286 0.0469994 0.144289 7
0 0.879105 0.619415 0.0511269 0.0663858 8
0 0.544589 0.219642 0.0296532 0.106162 9
0 0.608184 0.357363 0.0551991 0.115131 10
0 0.504766 0.223709 0.034392 0.116696 11
0 0.879267 0.57552 0.0439786 0.0556532 12
0 0.631976 0.306481 0.0521593 0.0834259 13
0 0.537409 0.168033 0.0515785 0.0897074 14
0 0.894523 0.550101 0.0334151 0.132156 15
0 0.868874 0.403101 0.036769 0.0710624 16
0 0.646239 0.399662 0.0622556 0.0950425 17
0 0.631733 0.236272 0.0365596 0.0633356 18
0 0.876218 0.448578 0.0431953 0.092065 19
0 0.809699 0.417056 0.0472952 0.0740132 20
0 0.5691 0.159227 0.0368902 0.110542 21
0 0.866567 0.527324 0.0372636 0.0618298 22
0 0.805526 0.486604 0.0505619 0.11682 23
0 0.840138 0.58936 0.0276978 0.178969 24
0 0.966376 0.626791 0.0383241 0.0867272 26
0 0.826733 0.414006 0.0361915 0.134151 28
0 0.929865 0.388965 0.0199201 0.105244 29
0 0.934334 0.52225 0.0284399 0.0803089 31
0 0.908555 0.531086 0.0283658 0.0971825 32
0 0.934944 0.616554 0.0258925 0.135147 36
0 0.870647 0.646619 0.058393 0.0653689 35
0 0.750641 0.438732 0.0442009 0.0740453 34
0 0.809969 0.433265 0.0473187 0.105025 38
