0 0.769466 0.508399 0.0410704 0.122327 1
0 0.514676 0.543834 0.0695548 0.183179 2
0 0.540187 0.320906 0.0687882 0.143606 3
0 0.848455 0.705085 0.0729813 0.109813 4
0 0.466826 0.390402 0.035322 0.202592 5
0 0.656278 0.473513 0.0566957 0.140056 6
0 0.639317 0.519507 0.0468398 0.146879 7
0 0.882257 0.622227 0.0489344 0.0675158 8
0 0.543715 0.217661 0.0330626 0.105679 9
0 0.617824 0.352683 0.0543279 0.105648 10
0 0.713 0.566052 0.0590264 0.130919 11
0 0.880918 0.583497 0.0495318 0.0591766 12
0 0.599901 0.286015 0.0635224 0.0716039 13
0 0.554567 0.162328 0.0612879 0.0928064 14
0 0.909577 0.56115 0.0329176 0.0843268 15
0 0.918078 0.376381 0.0270061 0.0793713 16
0 0.661423 0.421764 0.0543005 0.124823 17
0 0.706246 0.371196 0.0667258 0.125101 18
0 0.878338 0.449488 0.0404671 0.0878617 19
0 0.565796 0.134928 0.0422022 0.0671734 21
0 0.86623 0.530135 0.0361242 0.0746837 22
0 0.812912 0.493828 0.0493642 0.127307 23
0 0.836438 0.584551 0.0441975 0.152528 24
0 0.966942 0.627775 0.0363872 0.0843413 26
0 0.828017 0.412569 0.0347831 0.134199 28
0 0.938016 0.559858 0.0247594 0.0992915 31
0 0.910645 0.511046 0.0351213 0.0721344 32
0 0.873675 0.674245 0.0539471 0.114536 35
0 0.749375 0.452493 0.046774 0.10609 34
0 0.810864 0.417291 0.0466831 0.0718241 20
0 0.922576 0.651071 0.0415933 0.10718 45
0 0.939328 0.51913 0.0222343 0.0638169 29
0 0.938175 0.579627 0.0248745 0.141692 42
