0 0.765023 0.511915 0.0416513 0.127489 1
0 0.517685 0.541996 0.0672986 0.182389 2
0 0.539647 0.318241 0.0663882 0.134581 3
0 0.869296 0.700865 0.0598461 0.114494 4
0 0.465368 0.377503 0.0342035 0.199435 5
0 0.65989 0.4856 0.0551037 0.153848 6
0 0.638564 0.526432 0.0502678 0.14811 7
0 0.879494 0.619147 0.0492915 0.0659553 8
0 0.544441 0.218014 0.028266 0.105195 9
0 0.608973 0.357985 0.0573047 0.116125 10
0 0.50549 0.247823 0.0288287 0.146021 11
0 0.878768 0.576874 0.0449388 0.0548671 12
0 0.626798 0.307028 0.0541972 0.083233 13
0 0.540738 0.169737 0.0581067 0.0908059 14
0 0.895992 0.550112 0.0334336 0.129798 15
0 0.88149 0.397835 0.0464226 0.0658958 16
0 0.648325 0.400749 0.0608762 0.091988 17
0 0.645893 0.25947 0.0377389 0.130299 18
0 0.876202 0.450059 0.0444654 0.0954424 19
0 0.567517 0.152194 0.0408986 0.100771 21
0 0.866696 0.52962 0.0367838 0.0631078 22
0 0.806133 0.485428 0.0499397 0.116816 23
0 0.839809 0.590702 0.0284408 0.168559 24
0 0.966055 0.626337 0.0392246 0.0842191 26
0 0.826699 0.413581 0.0355132 0.136802 28
0 0.928926 0.388411 0.0222764 0.107496 29
0 0.934661 0.52293 0.027614 0.0829451 31
0 0.908852 0.531319 0.0284479 0.0962716 32
0 0.934389 0.622636 0.0256941 0.139595 36
0 0.870904 0.645515 0.0568262 0.0632836 35
0 0.748814 0.450686 0.0439277 0.102785 34
0 0.811677 0.444717 0.0492628 0.120881 38
0 0.810959 0.425155 0.0478959 0.0810098 20
