0 0.753738 0.505399 0.0597862 0.108507 1
0 0.5166 0.54478 0.0678432 0.184478 2
0 0.539447 0.323033 0.0684943 0.142841 3
0 0.871069 0.701428 0.0601034 0.113944 4
0 0.465498 0.381638 0.0330813 0.202009 5
0 0.658327 0.482161 0.0582721 0.146509 6
0 0.640264 0.522566 0.0467929 0.143265 7
0 0.879316 0.619 0.0502973 0.0650401 8
0 0.544456 0.219465 0.030118 0.105303 9
0 0.607723 0.357648 0.0544895 0.115257 10
0 0.504828 0.223783 0.034447 0.116363 11
0 0.879448 0.574958 0.0434206 0.0545275 12
0 0.635236 0.304741 0.0505829 0.0839002 13
0 0.536331 0.166916 0.0496081 0.0870549 14
0 0.893285 0.541014 0.0323875 0.120296 15
0 0.864287 0.399992 0.03252 0.0723565 16
0 0.64429 0.398128 0.0615532 0.0969209 17
0 0.630486 0.251959 0.0439331 0.0847017 18
0 0.876927 0.448295 0.0419229 0.0908632 19
0 0.808988 0.414774 0.0454525 0.0732558 20
0 0.569603 0.155744 0.0386156 0.104088 21
0 0.866807 0.526507 0.0369772 0.0611896 22
0 0.806128 0.487992 0.0520627 0.118564 23
0 0.839164 0.587759 0.0288658 0.173736 24
0 0.965685 0.628392 0.0390483 0.0890492 26
0 0.826174 0.413383 0.0357902 0.132881 28
0 0.929603 0.389127 0.0200121 0.105174 29
0 0.933782 0.521073 0.0291496 0.0782539 31
0 0.908428 0.528917 0.0281414 0.0964468 32
0 0.934684 0.610088 0.0252871 0.132849 36
0 0.870306 0.645617 0.0582126 0.0638825 35
0 0.751336 0.433702 0.0438837 0.064742 34
