0 0.746042 0.50071 0.0538027 0.112015 1
0 0.518247 0.541436 0.0665933 0.183186 2
0 0.537611 0.325992 0.0661572 0.152098 3
0 0.875327 0.696126 0.0703303 0.135061 4
0 0.468032 0.385474 0.0348306 0.196768 5
0 0.656428 0.479634 0.0617239 0.140702 6
0 0.642709 0.531418 0.0550677 0.136263 7
0 0.87936 0.623461 0.0535315 0.0587963 8
0 0.544453 0.218626 0.0295651 0.104386 9
0 0.607887 0.358793 0.0563083 0.116247 10
0 0.504735 0.212967 0.0300384 0.126555 11
0 0.878295 0.580551 0.0464005 0.0604004 12
0 0.640449 0.304843 0.0490707 0.078462 13
0 0.535753 0.168951 0.0490035 0.0886687 14
0 0.887928 0.513898 0.0279036 0.0895825 15
0 0.858898 0.462379 0.0294289 0.0782426 16
0 0.640297 0.400206 0.0558107 0.10253 17
0 0.627284 0.256801 0.0485431 0.0873231 18
0 0.882497 0.437563 0.0304331 0.0707362 19
0 0.807502 0.411219 0.0443183 0.0725228 20
0 0.57183 0.157926 0.0397181 0.0987275 21
0 0.86545 0.531857 0.0373187 0.0668124 22
0 0.807033 0.480358 0.0565673 0.10049 23
0 0.835611 0.590033 0.0321102 0.171918 24
0 0.962322 0.62872 0.0468586 0.0867836 26
0 0.824707 0.400292 0.0352591 0.10895 28
0 0.929353 0.387864 0.0212006 0.104306 29
0 0.924846 0.524024 0.0175278 0.110499 30
0 0.936268 0.54834 0.0228025 0.114577 31
0 0.910657 0.544763 0.0250978 0.100593 32
