0 0.768353 0.505037 0.0385991 0.112996 1
0 0.503945 0.529469 0.0786 0.162547 2
0 0.541361 0.319496 0.0715985 0.138968 3
0 0.850577 0.706274 0.0693033 0.111233 4
0 0.466725 0.389282 0.0353249 0.201052 5
0 0.655456 0.476969 0.0578166 0.142958 6
0 0.640259 0.517248 0.045506 0.146643 7
0 0.88197 0.621639 0.0470352 0.0628397 8
0 0.5447 0.218444 0.0302862 0.104346 9
0 0.61779 0.351742 0.0550083 0.104009 10
0 0.722053 0.567059 0.0624509 0.113565 11
0 0.881504 0.582903 0.0493873 0.061531 12
0 0.599625 0.28736 0.0628657 0.0735615 13
0 0.554388 0.169569 0.061851 0.10484 14
0 0.912133 0.563348 0.03245 0.0794682 15
0 0.917532 0.376405 0.0275899 0.0783864 16
0 0.66495 0.426769 0.0591179 0.123098 17
0 0.750096 0.389444 0.0507339 0.095425 18
0 0.878566 0.4492 0.0390181 0.0886001 19
0 0.560133 0.129012 0.0442298 0.0598157 21
0 0.866859 0.531348 0.0362793 0.0739255 22
0 0.81166 0.487842 0.0521349 0.117408 23
0 0.832595 0.582232 0.0394683 0.16645 24
0 0.971563 0.629762 0.0291416 0.0913497 26
0 0.828898 0.408912 0.0363439 0.130678 28
0 0.909111 0.511094 0.035899 0.0756669 32
0 0.873496 0.673813 0.0527334 0.113536 35
0 0.751119 0.447812 0.0455222 0.107257 34
0 0.812309 0.417499 0.0462953 0.0722462 20
0 0.923147 0.635064 0.0432986 0.0836269 45
0 0.937581 0.518378 0.022124 0.0589814 29
0 0.944553 0.613651 0.0306254 0.158986 42
