0 0.771367 0.499677 0.0393856 0.0997137 1
0 0.502802 0.529772 0.0812148 0.162782 2
0 0.542845 0.320596 0.0746182 0.139048 3
0 0.850084 0.705737 0.0697162 0.109598 4
0 0.466752 0.391444 0.0355387 0.205616 5
0 0.655149 0.47484 0.0574713 0.139252 6
0 0.639818 0.516023 0.046834 0.148537 7
0 0.883067 0.622256 0.0428906 0.0592866 8
0 0.544348 0.219017 0.0292803 0.102404 9
0 0.61859 0.350616 0.0565003 0.102916 10
0 0.738371 0.574141 0.0646969 0.122649 11
0 0.88262 0.579425 0.0466868 0.0590122 12
0 0.599334 0.285859 0.0631389 0.070777 13
0 0.55596 0.174284 0.0619982 0.107243 14
0 0.911914 0.563825 0.0315349 0.0769132 15
0 0.917827 0.376723 0.0277386 0.0786241 16
0 0.665583 0.431544 0.0604411 0.130478 17
0 0.751351 0.391704 0.0509857 0.0973367 18
0 0.878663 0.449781 0.0390591 0.0897697 19
0 0.561999 0.132066 0.0440643 0.0631904 21
0 0.86384 0.538817 0.0319118 0.0770621 22
0 0.8114 0.485752 0.0533203 0.113161 23
0 0.972715 0.631496 0.0272692 0.0961908 26
0 0.829556 0.406433 0.0382182 0.128248 28
0 0.909582 0.511485 0.0355876 0.0780117 32
0 0.868288 0.675262 0.0608598 0.118782 35
0 0.750004 0.452414 0.0424911 0.103504 34
0 0.812822 0.418151 0.0469807 0.0750239 20
0 0.923377 0.634606 0.0431339 0.0823559 45
0 0.935872 0.522245 0.0253884 0.0684284 29
0 0.946413 0.615828 0.0333429 0.150934 42
0 0.846846 0.58012 0.0660642 0.164245 46
0 0.855006 0.555203 0.049626 0.111123 47
