0 0.768286 0.512201 0.0449969 0.127837 1
0 0.517748 0.54269 0.0658532 0.184134 2
0 0.538463 0.31342 0.0647016 0.129439 3
0 0.865633 0.702668 0.0680052 0.109085 4
0 0.467564 0.387256 0.0335114 0.20611 5
0 0.656036 0.477259 0.05875 0.145641 6
0 0.64116 0.520188 0.0446609 0.141744 7
0 0.875438 0.618881 0.0541719 0.0645245 8
0 0.544672 0.21928 0.0310359 0.105135 9
0 0.609895 0.353164 0.0583355 0.107722 10
0 0.576211 0.463907 0.0619082 0.188845 11
0 0.882941 0.581178 0.0442276 0.0576304 12
0 0.601136 0.290839 0.0660615 0.0831273 13
0 0.540199 0.171921 0.0596999 0.0966573 14
0 0.910247 0.561866 0.0310588 0.078847 15
0 0.917593 0.375254 0.025409 0.0791271 16
0 0.662881 0.42094 0.0585555 0.127963 17
0 0.654179 0.291485 0.0286818 0.130539 18
0 0.876345 0.450061 0.0419333 0.090648 19
0 0.568644 0.147842 0.0430666 0.0948617 21
0 0.865458 0.533997 0.0359066 0.0747468 22
0 0.813707 0.490767 0.0507004 0.12376 23
0 0.841413 0.588416 0.0296392 0.173347 24
0 0.966408 0.629243 0.0387576 0.0869358 26
0 0.827855 0.409277 0.0357904 0.131954 28
0 0.931757 0.423506 0.0369251 0.0881358 29
0 0.935423 0.527464 0.0259387 0.086566 31
0 0.904726 0.514493 0.0372077 0.0609838 32
0 0.935013 0.629086 0.0239554 0.132712 36
0 0.870658 0.64785 0.0575933 0.0631838 35
0 0.74849 0.452131 0.0460392 0.105177 34
0 0.812894 0.417283 0.0444429 0.0688216 20
