0 0.768412 0.509535 0.0378561 0.124836 1
0 0.506424 0.527001 0.0796599 0.153587 2
0 0.541424 0.318232 0.0716546 0.136946 3
0 0.849535 0.705966 0.0718374 0.110065 4
0 0.466656 0.390969 0.0351756 0.204711 5
0 0.655977 0.476723 0.0568363 0.142606 6
0 0.640292 0.515961 0.0459428 0.143645 7
0 0.882211 0.622556 0.0477186 0.066431 8
0 0.544683 0.218505 0.0306209 0.104828 9
0 0.617668 0.351236 0.0545184 0.103945 10
0 0.720063 0.563708 0.0598588 0.115797 11
0 0.880713 0.584529 0.0504559 0.0612419 12
0 0.599557 0.287702 0.0629086 0.07454 13
0 0.554109 0.164123 0.0613971 0.0953473 14
0 0.911652 0.564191 0.0329789 0.0824603 15
0 0.91782 0.376373 0.0274558 0.0779548 16
0 0.665003 0.42554 0.0606316 0.117756 17
0 0.741145 0.389257 0.0552678 0.0946541 18
0 0.878523 0.448906 0.039185 0.0882378 19
0 0.559907 0.128776 0.0443325 0.0595872 21
0 0.866774 0.529106 0.0372762 0.0769935 22
0 0.812076 0.491316 0.0516524 0.123085 23
0 0.835553 0.587196 0.0457659 0.162401 24
0 0.971728 0.629346 0.0287853 0.0895789 26
0 0.828546 0.410315 0.035498 0.132057 28
0 0.90865 0.51072 0.0365246 0.0750489 32
0 0.873258 0.673952 0.0540669 0.113884 35
0 0.752044 0.447906 0.0458829 0.112997 34
0 0.811535 0.417395 0.0460026 0.0717237 20
0 0.922777 0.637531 0.0424952 0.0868136 45
0 0.937767 0.51581 0.0214019 0.0567443 29
0 0.944711 0.610677 0.032017 0.157404 42
