0 0.747975 0.502251 0.0563214 0.112109 1
0 0.517383 0.541445 0.067075 0.183385 2
0 0.53798 0.326132 0.0664595 0.151071 3
0 0.867767 0.700341 0.0625945 0.113631 4
0 0.468611 0.384885 0.0350833 0.196936 5
0 0.656589 0.480236 0.061409 0.140087 6
0 0.643262 0.531528 0.0520356 0.1383 7
0 0.877135 0.618854 0.0501243 0.0623114 8
0 0.544676 0.218076 0.0297621 0.104242 9
0 0.607979 0.358244 0.0560461 0.116637 10
0 0.503907 0.221102 0.0327518 0.120415 11
0 0.878701 0.575912 0.0446421 0.056132 12
0 0.63862 0.30483 0.0504229 0.0789063 13
0 0.535647 0.16851 0.0499018 0.0881385 14
0 0.887554 0.512035 0.0285727 0.0885438 15
0 0.855943 0.444358 0.0251569 0.10174 16
0 0.640554 0.397987 0.0570614 0.0985271 17
0 0.62455 0.256915 0.0520764 0.087553 18
0 0.880499 0.444639 0.0336683 0.084241 19
0 0.808352 0.411947 0.0464595 0.0729519 20
0 0.572091 0.156247 0.0397484 0.0933589 21
0 0.864684 0.5269 0.0369441 0.0633478 22
0 0.806539 0.486547 0.0552736 0.113558 23
0 0.837601 0.588444 0.0318361 0.165891 24
0 0.962268 0.62837 0.0472614 0.0871452 26
0 0.82495 0.398575 0.0353192 0.107005 28
0 0.929109 0.38832 0.0213923 0.105561 29
0 0.934538 0.520471 0.0271002 0.0724435 31
0 0.910534 0.543301 0.0263669 0.0994534 32
0 0.932018 0.578206 0.0240921 0.110611 36
0 0.872481 0.646685 0.0537668 0.0585562 35
