0 0.769347 0.512032 0.0444968 0.130995 1
0 0.517899 0.54214 0.0654499 0.182611 2
0 0.539517 0.326643 0.0657357 0.155016 3
0 0.852062 0.701766 0.0692658 0.119796 4
0 0.467792 0.385899 0.0345895 0.204277 5
0 0.656505 0.477852 0.0576596 0.14361 6
0 0.640713 0.501994 0.0457488 0.110282 7
0 0.876962 0.622328 0.0552694 0.0700465 8
0 0.541966 0.218573 0.035708 0.106779 9
0 0.612988 0.358502 0.0629688 0.114676 10
0 0.660533 0.609953 0.0940536 0.122323 11
0 0.880638 0.579723 0.0504277 0.0567126 12
0 0.600586 0.287903 0.0644056 0.077148 13
0 0.552272 0.171875 0.0599326 0.111092 14
0 0.912422 0.566218 0.0308538 0.087299 15
0 0.918545 0.374233 0.0249776 0.0738523 16
0 0.663187 0.418703 0.0557094 0.117744 17
0 0.653374 0.29195 0.0276814 0.126848 18
0 0.876455 0.448238 0.0429952 0.0860449 19
0 0.569408 0.145462 0.0405098 0.0858438 21
0 0.863723 0.527784 0.0356546 0.0776298 22
0 0.812913 0.489002 0.0494187 0.120331 23
0 0.841 0.584272 0.0291215 0.164953 24
0 0.965109 0.630468 0.0404819 0.088732 26
0 0.827815 0.411551 0.0351093 0.130469 28
0 0.919932 0.441608 0.020656 0.101714 29
0 0.936305 0.540252 0.0239231 0.105823 31
0 0.904422 0.515365 0.034328 0.0599756 32
0 0.875435 0.671769 0.0504309 0.109853 35
0 0.747344 0.454072 0.0446361 0.104828 34
0 0.812952 0.418968 0.0456767 0.0701776 20
0 0.933152 0.636777 0.0211295 0.0913824 42
