0 0.773307 0.506446 0.0453106 0.091934 1
0 0.503198 0.529977 0.083159 0.164605 2
0 0.542623 0.318685 0.0714736 0.133801 3
0 0.831405 0.705871 0.0708396 0.115679 4
0 0.467327 0.387766 0.0343494 0.198138 5
0 0.654034 0.477447 0.0600901 0.145287 6
0 0.620123 0.515743 0.0750228 0.138286 7
0 0.872851 0.615571 0.050985 0.0625186 8
0 0.543941 0.220443 0.0290097 0.102851 9
0 0.617527 0.351398 0.056955 0.103248 10
0 0.754213 0.586126 0.0710236 0.114673 11
0 0.880577 0.580463 0.0478973 0.0540364 12
0 0.599874 0.285693 0.0625221 0.0701375 13
0 0.559742 0.175572 0.0602049 0.1058 14
0 0.912335 0.563736 0.0312001 0.0771687 15
0 0.91764 0.376808 0.0275211 0.0776518 16
0 0.665796 0.426639 0.0625275 0.121605 17
0 0.749672 0.390657 0.0497005 0.0985927 18
0 0.878063 0.448003 0.0400742 0.0872728 19
0 0.564836 0.126131 0.0466367 0.0695573 21
0 0.859699 0.530949 0.0293975 0.0801759 22
0 0.806584 0.476551 0.050395 0.109942 23
0 0.97254 0.635081 0.0274346 0.100633 26
0 0.828896 0.408228 0.0374389 0.130385 28
0 0.909533 0.511751 0.0370747 0.0817015 32
0 0.86679 0.680762 0.0582377 0.133624 35
0 0.750776 0.453339 0.0422786 0.101705 34
0 0.814938 0.440239 0.0441812 0.117924 20
0 0.916226 0.650211 0.0418812 0.0996199 45
0 0.935454 0.524685 0.0263021 0.0777156 29
0 0.947023 0.619707 0.0312387 0.138842 42
0 0.829928 0.575348 0.0492785 0.147256 24
