0 0.773613 0.505487 0.0458587 0.0922802 1
0 0.502203 0.530581 0.0835691 0.163567 2
0 0.5434 0.320745 0.0728847 0.13915 3
0 0.841859 0.709855 0.0698948 0.108517 4
0 0.466722 0.389266 0.0349833 0.202326 5
0 0.6551 0.473628 0.0591236 0.137775 6
0 0.631309 0.525715 0.06898 0.150452 7
0 0.878951 0.620149 0.044374 0.0597698 8
0 0.544072 0.218891 0.0291184 0.101037 9
0 0.618171 0.350886 0.0550574 0.104398 10
0 0.75469 0.585037 0.0713187 0.113016 11
0 0.880998 0.580293 0.0489629 0.058873 12
0 0.59998 0.286108 0.0632252 0.0716331 13
0 0.559042 0.175488 0.0604087 0.106344 14
0 0.911616 0.565686 0.0317304 0.0833375 15
0 0.917722 0.376882 0.0275836 0.0774489 16
0 0.666558 0.433196 0.0637404 0.134658 17
0 0.750993 0.392278 0.0502889 0.100869 18
0 0.877378 0.44998 0.0415724 0.0908061 19
0 0.564276 0.129927 0.0462776 0.0652652 21
0 0.862719 0.537224 0.032155 0.0790348 22
0 0.80971 0.482575 0.0493805 0.115939 23
0 0.972749 0.631718 0.027296 0.0946768 26
0 0.828074 0.406649 0.0355208 0.127853 28
0 0.909828 0.511329 0.036405 0.0800635 32
0 0.864727 0.678555 0.0625487 0.129204 35
0 0.751398 0.453149 0.0423498 0.101236 34
0 0.813382 0.417779 0.043178 0.0739011 20
0 0.920602 0.644818 0.0484403 0.0820148 45
0 0.935638 0.525296 0.0265225 0.077579 29
0 0.947188 0.624686 0.0326547 0.151771 42
0 0.845673 0.576174 0.0672454 0.158428 46
