0 0.747695 0.50216 0.0562099 0.109437 1
0 0.517997 0.542805 0.0652345 0.184767 2
0 0.545492 0.310911 0.0670019 0.122151 3
0 0.873354 0.697945 0.0618457 0.125637 4
0 0.466752 0.38691 0.0349063 0.197931 5
0 0.66302 0.491413 0.0581769 0.14913 6
0 0.640543 0.531364 0.0603913 0.140691 7
0 0.883707 0.640889 0.054802 0.0755496 8
0 0.545168 0.212767 0.0290375 0.0901509 9
0 0.607731 0.358152 0.0523201 0.115665 10
0 0.498084 0.201906 0.0296734 0.136681 11
0 0.878433 0.5837 0.0528595 0.0662797 12
0 0.657498 0.305487 0.0412688 0.102774 13
0 0.54115 0.168187 0.0546545 0.0940952 14
0 0.89089 0.47858 0.0333642 0.0568304 15
0 0.862098 0.50545 0.0257939 0.118258 16
0 0.638648 0.400476 0.0615435 0.101805 17
0 0.633599 0.262534 0.0438378 0.104527 18
0 0.882395 0.435443 0.0319435 0.0682188 19
0 0.809152 0.411133 0.0431163 0.076617 20
0 0.585129 0.198282 0.0339821 0.120115 21
0 0.894522 0.554135 0.0454491 0.107753 22
0 0.809271 0.482805 0.0578741 0.0965444 23
0 0.837053 0.586742 0.031964 0.176094 24
0 0.933059 0.611836 0.0245938 0.139134 25
0 0.968723 0.630008 0.032053 0.0887053 26
0 0.754758 0.453522 0.0491219 0.104583 27
0 0.817809 0.387446 0.03601 0.105602 28
0 0.930553 0.389192 0.0203302 0.100268 29
0 0.922418 0.488404 0.0214312 0.0700249 30
0 0.938931 0.551772 0.0241054 0.0878541 31
0 0.907945 0.534055 0.0323834 0.0985652 32
