0 0.77008 0.509552 0.0429149 0.126776 1
0 0.51678 0.544096 0.0672769 0.181609 2
0 0.54189 0.311909 0.0698373 0.128112 3
0 0.865794 0.700167 0.0678425 0.112948 4
0 0.466076 0.379295 0.0343472 0.197221 5
0 0.657047 0.473691 0.0556139 0.140719 6
0 0.640172 0.522738 0.0465193 0.144729 7
0 0.878863 0.620252 0.0511331 0.0687307 8
0 0.545342 0.217537 0.0292466 0.100663 9
0 0.607932 0.356814 0.0548336 0.115291 10
0 0.523088 0.352809 0.0712419 0.142591 11
0 0.879798 0.578843 0.0438295 0.0522033 12
0 0.606352 0.295687 0.0662146 0.087518 13
0 0.539368 0.172454 0.0577268 0.0976692 14
0 0.89935 0.565985 0.0330037 0.135858 15
0 0.915916 0.3786 0.0221265 0.0764466 16
0 0.65555 0.401507 0.0580511 0.0981947 17
0 0.654387 0.290642 0.0300802 0.128622 18
0 0.876904 0.450561 0.04189 0.0917239 19
0 0.568226 0.147049 0.0444982 0.092992 21
0 0.866104 0.53243 0.0364812 0.0710328 22
0 0.81367 0.490197 0.0491498 0.122197 23
0 0.840663 0.590818 0.0306109 0.175382 24
0 0.96581 0.628769 0.0397355 0.0863846 26
0 0.826526 0.409001 0.0352358 0.129726 28
0 0.932227 0.379967 0.0185625 0.113358 29
0 0.937237 0.520777 0.022416 0.0937954 31
0 0.908427 0.52928 0.0296603 0.0885908 32
0 0.93423 0.629669 0.0235495 0.135352 36
0 0.86989 0.645805 0.0579753 0.0636608 35
0 0.751046 0.452433 0.0503274 0.102941 34
0 0.812829 0.419648 0.0450521 0.071738 20
0 0.930775 0.497338 0.0215179 0.0706384 40
