0 0.749298 0.501523 0.0563479 0.108706 1
0 0.516526 0.543707 0.0677688 0.184796 2
0 0.538478 0.330467 0.0658815 0.155607 3
0 0.870231 0.702902 0.0586938 0.117182 4
0 0.467722 0.379807 0.0334493 0.193624 5
0 0.657303 0.483013 0.0611211 0.14626 6
0 0.64047 0.532679 0.0495164 0.151029 7
0 0.879444 0.621439 0.0498115 0.0700548 8
0 0.544698 0.220229 0.0298352 0.106223 9
0 0.607379 0.357962 0.0551367 0.114961 10
0 0.50467 0.224986 0.0343693 0.119469 11
0 0.87949 0.575809 0.0442678 0.0559505 12
0 0.638873 0.305438 0.0493031 0.0806777 13
0 0.537627 0.166866 0.0517186 0.0873534 14
0 0.890496 0.523445 0.0325732 0.0952487 15
0 0.859101 0.431488 0.02931 0.11375 16
0 0.641528 0.396784 0.0556069 0.0960543 17
0 0.629293 0.251536 0.0419824 0.0853765 18
0 0.875796 0.448134 0.0440657 0.0902983 19
0 0.808712 0.413323 0.0455356 0.0737043 20
0 0.571575 0.154971 0.0390893 0.0941872 21
0 0.865665 0.527428 0.0378809 0.0635502 22
0 0.806913 0.487571 0.0537844 0.114159 23
0 0.839194 0.589547 0.0294459 0.167286 24
0 0.963181 0.628789 0.044344 0.0874038 26
0 0.825554 0.408778 0.0354694 0.127083 28
0 0.929792 0.388845 0.0200074 0.104631 29
0 0.933526 0.523175 0.0296189 0.081569 31
0 0.909151 0.541151 0.0261498 0.120608 32
0 0.931443 0.583803 0.0239829 0.129362 36
0 0.869996 0.644224 0.0558269 0.0613672 35
0 0.752342 0.431236 0.0465426 0.0622051 34
