0 0.745794 0.500751 0.0525664 0.110934 1
0 0.518881 0.542343 0.0627189 0.184272 2
0 0.538953 0.316126 0.0682817 0.132747 3
0 0.872109 0.701112 0.0655163 0.132585 4
0 0.468136 0.389795 0.0340707 0.20366 5
0 0.655905 0.478233 0.0608976 0.141495 6
0 0.642546 0.531635 0.0559488 0.139011 7
0 0.880585 0.634309 0.0560479 0.0774287 8
0 0.544473 0.218327 0.0294694 0.102305 9
0 0.608795 0.35785 0.0553197 0.116086 10
0 0.499786 0.210642 0.0278002 0.134512 11
0 0.880239 0.57866 0.0496439 0.0641649 12
0 0.65514 0.302012 0.0437109 0.0939533 13
0 0.536643 0.16858 0.0495255 0.0924019 14
0 0.887856 0.480108 0.0247371 0.0586618 15
0 0.86227 0.47646 0.0281777 0.0694588 16
0 0.639773 0.400651 0.0566021 0.102951 17
0 0.630532 0.262117 0.0447793 0.0986372 18
0 0.882263 0.432635 0.0311736 0.0610671 19
0 0.808636 0.412748 0.0437191 0.0740278 20
0 0.573577 0.171005 0.0395184 0.113191 21
0 0.87011 0.538018 0.0400474 0.0750018 22
0 0.808908 0.483307 0.0580089 0.103361 23
0 0.836975 0.592152 0.0321345 0.180321 24
0 0.923716 0.662619 0.0312871 0.0955546 25
0 0.964307 0.628985 0.0438919 0.0783837 26
0 0.819674 0.39649 0.0375138 0.120105 28
0 0.929787 0.388321 0.019805 0.103466 29
0 0.922621 0.492954 0.0215772 0.0724003 30
0 0.936919 0.554271 0.0221032 0.114953 31
0 0.906651 0.54157 0.0317375 0.114357 32
0 0.754775 0.45955 0.0497281 0.119304 34
