0 0.769316 0.511466 0.0446818 0.126347 1
0 0.518739 0.543267 0.064299 0.184108 2
0 0.538111 0.309594 0.0635752 0.120837 3
0 0.865846 0.701835 0.0672699 0.111382 4
0 0.467387 0.385005 0.034684 0.200588 5
0 0.655868 0.475843 0.057965 0.14201 6
0 0.641396 0.521074 0.0455161 0.14485 7
0 0.87604 0.619787 0.0532457 0.0640066 8
0 0.544855 0.217594 0.030333 0.101708 9
0 0.609858 0.351711 0.0571212 0.10695 10
0 0.566787 0.431211 0.0593036 0.177563 11
0 0.881951 0.577507 0.044532 0.0581614 12
0 0.60218 0.290063 0.0662843 0.0804219 13
0 0.540646 0.171292 0.0599792 0.0952795 14
0 0.904129 0.559743 0.0357484 0.106188 15
0 0.918065 0.374818 0.0252593 0.076203 16
0 0.661942 0.418803 0.0578794 0.128427 17
0 0.654518 0.291557 0.0291484 0.129168 18
0 0.876581 0.449376 0.0416373 0.0886003 19
0 0.568269 0.147819 0.0427016 0.0934447 21
0 0.865997 0.532706 0.0363073 0.0725598 22
0 0.813426 0.48834 0.0502248 0.120666 23
0 0.841178 0.587267 0.0296425 0.171253 24
0 0.966243 0.626816 0.0391273 0.0830794 26
0 0.827639 0.408991 0.0351294 0.129645 28
0 0.935469 0.413064 0.0298551 0.109532 29
0 0.936983 0.525966 0.0230901 0.088476 31
0 0.906503 0.515111 0.0346801 0.0661119 32
0 0.935009 0.626846 0.0233241 0.129894 36
0 0.870815 0.647708 0.0566704 0.0623141 35
0 0.748854 0.451687 0.0448393 0.103529 34
0 0.813078 0.419545 0.0454235 0.072963 20
0 0.932149 0.498737 0.0236851 0.0572676 40
