0 0.768386 0.511648 0.042226 0.129991 1
0 0.517581 0.542797 0.0662336 0.1848 2
0 0.539433 0.326334 0.0661777 0.15558 3
0 0.865875 0.702629 0.0692104 0.108115 4
0 0.46759 0.386883 0.0333217 0.205726 5
0 0.656078 0.476968 0.0594 0.144269 6
0 0.641254 0.517927 0.0451128 0.139139 7
0 0.875596 0.618964 0.0537454 0.0639374 8
0 0.544525 0.218876 0.0315207 0.104621 9
0 0.610324 0.354236 0.0584996 0.108828 10
0 0.587293 0.484098 0.0636996 0.190279 11
0 0.882963 0.581645 0.0456792 0.0583743 12
0 0.600926 0.28923 0.065745 0.0789121 13
0 0.540772 0.171588 0.0611001 0.0948917 14
0 0.910971 0.56146 0.0313587 0.0797055 15
0 0.917988 0.374755 0.0248905 0.0767402 16
0 0.663301 0.420818 0.058008 0.125435 17
0 0.653627 0.291581 0.0277444 0.130521 18
0 0.875605 0.450084 0.0431176 0.0902357 19
0 0.569109 0.148382 0.0434712 0.0943758 21
0 0.86539 0.534414 0.035687 0.0766686 22
0 0.813258 0.490559 0.0507608 0.122376 23
0 0.841275 0.590954 0.0293492 0.177297 24
0 0.966364 0.628964 0.0387244 0.0866734 26
0 0.827336 0.408738 0.0350543 0.130319 28
0 0.928703 0.422721 0.0366089 0.0856829 29
0 0.935572 0.5275 0.025495 0.0858476 31
0 0.904634 0.514575 0.0369253 0.0594164 32
0 0.934914 0.629593 0.0229256 0.132229 36
0 0.871015 0.64749 0.0571264 0.0626715 35
0 0.748816 0.452117 0.046933 0.103318 34
0 0.812095 0.417458 0.0449136 0.0692646 20
