0 0.770516 0.509602 0.0419527 0.126023 1
0 0.516392 0.543915 0.0676433 0.181949 2
0 0.539955 0.308709 0.066773 0.123425 3
0 0.866 0.700948 0.0675814 0.112246 4
0 0.466206 0.379221 0.0344357 0.1973 5
0 0.656882 0.474406 0.0565972 0.142302 6
0 0.639689 0.521933 0.0464169 0.143643 7
0 0.879133 0.622356 0.0505644 0.0720679 8
0 0.545313 0.217541 0.0292407 0.100461 9
0 0.6087 0.356647 0.0562987 0.114762 10
0 0.515902 0.349732 0.0648169 0.147528 11
0 0.879042 0.578216 0.0458697 0.0569774 12
0 0.606927 0.297682 0.0672832 0.0892178 13
0 0.539526 0.171854 0.0578757 0.096641 14
0 0.899478 0.565793 0.0324374 0.137231 15
0 0.912829 0.384628 0.0227769 0.0759391 16
0 0.655267 0.401893 0.0588441 0.0980677 17
0 0.654178 0.290193 0.0304489 0.128823 18
0 0.876766 0.450244 0.0419847 0.0914956 19
0 0.568119 0.146606 0.0439693 0.0925473 21
0 0.866654 0.531656 0.0364711 0.0693725 22
0 0.813934 0.49081 0.0485445 0.121767 23
0 0.840309 0.589639 0.0302393 0.165588 24
0 0.965755 0.628391 0.0398067 0.0865159 26
0 0.826548 0.408335 0.0350843 0.128278 28
0 0.931894 0.378484 0.0194665 0.114969 29
0 0.937193 0.521811 0.0227596 0.0903331 31
0 0.907928 0.525617 0.0295906 0.0827395 32
0 0.934061 0.63189 0.0243106 0.141474 36
0 0.870042 0.645551 0.0570782 0.0626787 35
0 0.749186 0.453048 0.0470972 0.103183 34
0 0.812015 0.418279 0.0445194 0.0697057 20
0 0.930194 0.495571 0.022361 0.0685003 40
