0 0.769377 0.508035 0.0415187 0.121988 1
0 0.516001 0.543268 0.0684212 0.184752 2
0 0.540104 0.322227 0.0684351 0.146184 3
0 0.849239 0.705441 0.0711611 0.109485 4
0 0.467478 0.391257 0.0349019 0.203593 5
0 0.656188 0.473388 0.0569277 0.139226 6
0 0.639449 0.5183 0.0468979 0.14482 7
0 0.881844 0.62162 0.0492313 0.0663544 8
0 0.543098 0.2182 0.0330066 0.106581 9
0 0.617468 0.352875 0.0529417 0.106449 10
0 0.710206 0.568087 0.0666037 0.130636 11
0 0.881055 0.583411 0.0494331 0.0584866 12
0 0.599724 0.28583 0.0637414 0.0717299 13
0 0.554853 0.172427 0.0610705 0.113061 14
0 0.909709 0.561006 0.0323956 0.0831975 15
0 0.917985 0.376657 0.0272416 0.0804016 16
0 0.6622 0.426639 0.0561915 0.133246 17
0 0.702521 0.36301 0.0709483 0.127638 18
0 0.877324 0.449622 0.042487 0.0884202 19
0 0.567223 0.142623 0.0439668 0.0807441 21
0 0.86614 0.529844 0.0360632 0.0751185 22
0 0.813119 0.494824 0.0490537 0.129136 23
0 0.837095 0.585319 0.0432482 0.153877 24
0 0.965832 0.628907 0.0387606 0.0836984 26
0 0.827925 0.412153 0.0345663 0.133661 28
0 0.937533 0.554264 0.0226753 0.0953753 31
0 0.91073 0.513888 0.0363361 0.0760337 32
0 0.873543 0.674275 0.0538166 0.114861 35
0 0.748959 0.453057 0.0479117 0.109225 34
0 0.810898 0.418592 0.0467253 0.0721692 20
0 0.922285 0.654419 0.0428754 0.10991 45
0 0.937869 0.521328 0.0283474 0.066376 29
