0 0.77024 0.509807 0.0421402 0.126197 1
0 0.516789 0.544003 0.0672058 0.181621 2
0 0.541604 0.311772 0.0698606 0.128003 3
0 0.866021 0.70015 0.0676344 0.112191 4
0 0.466286 0.379174 0.0345384 0.197036 5
0 0.657267 0.474235 0.0553398 0.142193 6
0 0.639903 0.522391 0.0463084 0.143689 7
0 0.88043 0.621255 0.0480157 0.0711946 8
0 0.545349 0.217498 0.0293726 0.10049 9
0 0.60822 0.356678 0.0553036 0.114948 10
0 0.519988 0.351157 0.0699929 0.146965 11
0 0.879772 0.579782 0.0445698 0.0541374 12
0 0.606595 0.298251 0.0664301 0.0920201 13
0 0.539354 0.172203 0.0576101 0.0970443 14
0 0.899264 0.566943 0.0328529 0.137786 15
0 0.915579 0.382976 0.0217314 0.0749935 16
0 0.655199 0.400724 0.0589092 0.0958602 17
0 0.654319 0.290756 0.0300777 0.128688 18
0 0.876821 0.450521 0.0418907 0.0921036 19
0 0.568234 0.14706 0.0445611 0.0931472 21
0 0.86634 0.530571 0.0364223 0.0676235 22
0 0.81379 0.490066 0.0492232 0.121226 23
0 0.840531 0.590876 0.0308239 0.173544 24
0 0.96579 0.628642 0.0397942 0.0866156 26
0 0.826549 0.40869 0.0353229 0.128912 28
0 0.931933 0.379679 0.0191313 0.116238 29
0 0.937261 0.522606 0.0224006 0.0908695 31
0 0.908179 0.527496 0.029525 0.0866489 32
0 0.934143 0.629796 0.0238865 0.136537 36
0 0.870329 0.645573 0.0567642 0.0635365 35
0 0.749964 0.452794 0.0484513 0.10262 34
0 0.812502 0.41881 0.0446667 0.0699253 20
0 0.929948 0.495786 0.0220345 0.0682583 40
