0 0.743499 0.500435 0.0582718 0.11481 1
0 0.518133 0.543123 0.0652834 0.183458 2
0 0.546369 0.310561 0.0680273 0.120907 3
0 0.873528 0.696126 0.0615263 0.122898 4
0 0.463409 0.382227 0.0343988 0.194163 5
0 0.662274 0.491196 0.0604666 0.147879 6
0 0.640724 0.531271 0.0593865 0.139976 7
0 0.880885 0.639067 0.0596581 0.0784457 8
0 0.545246 0.212347 0.0289041 0.0902234 9
0 0.607996 0.359462 0.0521822 0.11814 10
0 0.497353 0.203074 0.0284687 0.13819 11
0 0.879162 0.582868 0.053518 0.0668251 12
0 0.65811 0.308414 0.0413085 0.107284 13
0 0.541155 0.168913 0.0536564 0.0923716 14
0 0.89159 0.47738 0.0349282 0.0584795 15
0 0.86207 0.505232 0.0259676 0.118639 16
0 0.633051 0.400394 0.0566725 0.100534 17
0 0.633427 0.262843 0.0436222 0.105757 18
0 0.882205 0.434995 0.0322895 0.0660303 19
0 0.809925 0.4117 0.0442009 0.0776944 20
0 0.585369 0.199903 0.0327658 0.122062 21
0 0.89402 0.546301 0.046369 0.0921531 22
0 0.809183 0.482356 0.057984 0.0963598 23
0 0.836875 0.587339 0.0320313 0.180516 24
0 0.932429 0.609079 0.0245752 0.141098 25
0 0.969287 0.629348 0.0331294 0.0857282 26
0 0.755475 0.449323 0.0495367 0.0976228 27
0 0.817413 0.382717 0.035538 0.0964864 28
0 0.931532 0.393504 0.0214127 0.100298 29
0 0.922155 0.487059 0.0216681 0.0669888 30
0 0.93888 0.552199 0.0244431 0.089451 31
0 0.907633 0.538349 0.0331271 0.107587 32
