0 0.75272 0.505502 0.0590107 0.110393 1
0 0.518384 0.544511 0.0646678 0.184206 2
0 0.538903 0.326384 0.0673621 0.148307 3
0 0.871019 0.701385 0.0597883 0.114897 4
0 0.46559 0.382133 0.032929 0.202681 5
0 0.658246 0.482745 0.0583294 0.147894 6
0 0.639908 0.522502 0.0480755 0.141734 7
0 0.879483 0.619098 0.0499506 0.0649998 8
0 0.544548 0.219418 0.0302164 0.105333 9
0 0.607322 0.357663 0.0542145 0.115596 10
0 0.504848 0.224102 0.0345565 0.11738 11
0 0.879169 0.574935 0.0437938 0.0544314 12
0 0.636252 0.304723 0.0512243 0.0833467 13
0 0.536467 0.166675 0.0500312 0.086712 14
0 0.892683 0.530548 0.0317498 0.100914 15
0 0.862966 0.401794 0.0317364 0.0741625 16
0 0.643672 0.397438 0.0607259 0.0978856 17
0 0.630922 0.25018 0.0427313 0.0817147 18
0 0.876971 0.448515 0.0416988 0.0914382 19
0 0.809107 0.414119 0.0452425 0.0734622 20
0 0.569837 0.154696 0.0394405 0.0989624 21
0 0.866203 0.527264 0.0369071 0.0623436 22
0 0.806451 0.487892 0.0529606 0.116911 23
0 0.838882 0.587675 0.0292352 0.174028 24
0 0.964486 0.62809 0.0415208 0.087065 26
0 0.826136 0.413242 0.0355837 0.132702 28
0 0.929379 0.389233 0.0201964 0.105093 29
0 0.933707 0.520467 0.0293316 0.0769349 31
0 0.908504 0.536686 0.0283024 0.112716 32
0 0.933676 0.602529 0.0254704 0.138307 36
0 0.870315 0.645784 0.0572847 0.063796 35
0 0.752073 0.43339 0.0463017 0.063659 34
