0 0.519501 0.540892 0.061294 0.184346 1
0 0.467903 0.387523 0.0338478 0.202862 2
0 0.500264 0.233343 0.0276292 0.181871 3
0 0.649907 0.299112 0.0369579 0.082231 4
0 0.643863 0.53822 0.0520092 0.159926 5
0 0.544761 0.21992 0.0302031 0.107679 6
0 0.836803 0.579627 0.0302849 0.172017 7
0 0.572829 0.160604 0.0396434 0.125001 8
0 0.859309 0.473433 0.0287267 0.0816505 9
0 0.82541 0.406216 0.0350792 0.133637 10
0 0.656919 0.481186 0.0560651 0.153762 11
0 0.882369 0.443946 0.0291542 0.0849659 12
0 0.539325 0.328305 0.0640407 0.155036 13
0 0.917763 0.704599 0.0313846 0.145067 14
0 0.607439 0.35971 0.0484245 0.125337 15
0 0.628408 0.262889 0.0391178 0.104427 16
0 0.63888 0.392513 0.0495618 0.10036 17
0 0.807421 0.478256 0.0508587 0.0993862 18
0 0.745376 0.507791 0.0524817 0.135356 19
0 0.74791 0.430217 0.037299 0.0828581 20
0 0.533128 0.178983 0.0430709 0.117025 21
0 0.885048 0.633469 0.0457531 0.0758626 22
0 0.868077 0.543516 0.0374038 0.0980613 23
0 0.935572 0.559297 0.0225763 0.131973 24
0 0.885008 0.49995 0.0251127 0.0972254 25
0 0.806068 0.411637 0.0414093 0.0820825 26
0 0.907867 0.554211 0.0314615 0.140693 27
0 0.975176 0.918345 0.0321023 0.163309 36
0 0.88077 0.587985 0.0367789 0.0715987 35
