0 0.519889 0.540883 0.0627668 0.187157 1
0 0.467887 0.386956 0.0348561 0.205741 2
0 0.503659 0.231837 0.0281415 0.171406 3
0 0.641568 0.299545 0.043486 0.0777881 4
0 0.643639 0.537899 0.0513239 0.158769 5
0 0.544764 0.220703 0.0298777 0.110024 6
0 0.837384 0.582792 0.0309461 0.165533 7
0 0.572329 0.157266 0.0385795 0.122781 8
0 0.858135 0.466219 0.0288824 0.086984 9
0 0.826053 0.404691 0.0337215 0.122125 10
0 0.658853 0.481779 0.0543487 0.154094 11
0 0.882942 0.447109 0.0279952 0.0894121 12
0 0.538404 0.332139 0.0638238 0.166428 13
0 0.607129 0.362839 0.0497812 0.130686 15
0 0.625131 0.263724 0.0396171 0.0890248 16
0 0.638672 0.390518 0.0496317 0.103552 17
0 0.807206 0.475976 0.0507576 0.095272 18
0 0.746991 0.509342 0.051739 0.13843 19
0 0.748695 0.431435 0.0417102 0.0846186 20
0 0.533291 0.179229 0.0436568 0.119778 21
0 0.87919 0.626034 0.0422321 0.0592585 22
0 0.865323 0.544946 0.0372642 0.0999206 23
0 0.938497 0.54861 0.020031 0.125971 24
0 0.888011 0.51785 0.0252579 0.106591 25
0 0.80584 0.412348 0.0384885 0.0786467 26
0 0.91074 0.546028 0.0235554 0.114686 27
0 0.879187 0.585428 0.043338 0.0747882 35
0 0.92603 0.535154 0.0169678 0.143 37
