0 0.520214 0.540893 0.0610653 0.184876 1
0 0.467892 0.385111 0.0344333 0.196297 2
0 0.496512 0.20424 0.0261188 0.148152 3
0 0.657271 0.304141 0.0412092 0.108224 4
0 0.643601 0.542133 0.0528937 0.16603 5
0 0.545235 0.21556 0.030019 0.101021 6
0 0.8366 0.583568 0.0314252 0.18449 7
0 0.57746 0.181357 0.0353427 0.1322 8
0 0.860868 0.49948 0.025705 0.11312 9
0 0.817998 0.388194 0.0321485 0.111926 10
0 0.659748 0.480409 0.0497529 0.153115 11
0 0.882071 0.43882 0.0289254 0.0765268 12
0 0.5383 0.319433 0.0646051 0.150564 13
0 0.933314 0.634161 0.0236245 0.159984 14
0 0.606335 0.362656 0.0468031 0.12992 15
0 0.628872 0.265473 0.0403458 0.108032 16
0 0.639103 0.395141 0.0545108 0.103345 17
0 0.808427 0.482755 0.0539012 0.108388 18
0 0.748407 0.509278 0.0539022 0.139479 19
0 0.75234 0.433913 0.0488498 0.0930885 20
0 0.531681 0.170782 0.0419458 0.103779 21
0 0.885 0.640889 0.0461444 0.0870491 22
0 0.879022 0.586302 0.0532408 0.0884835 23
0 0.936992 0.541692 0.0231852 0.08084 24
0 0.888526 0.486745 0.0289838 0.0718355 25
0 0.807479 0.41035 0.0414332 0.0801237 26
0 0.912266 0.556847 0.0324347 0.144863 27
0 0.889183 0.546411 0.0344237 0.0874709 33
