0 0.519832 0.540847 0.0598109 0.184702 1
0 0.467704 0.393581 0.035235 0.214246 2
0 0.496797 0.222489 0.0253787 0.163519 3
0 0.656854 0.302784 0.0391772 0.103942 4
0 0.643099 0.539128 0.0516774 0.1625 5
0 0.54506 0.217947 0.0294598 0.104319 6
0 0.836964 0.584607 0.0306676 0.18618 7
0 0.573451 0.168348 0.0376298 0.122296 8
0 0.861064 0.481399 0.0236285 0.0791631 9
0 0.820534 0.395951 0.0352124 0.122971 10
0 0.656835 0.479052 0.0535268 0.152652 11
0 0.882565 0.440876 0.0289767 0.0811045 12
0 0.539606 0.32569 0.0668851 0.153065 13
0 0.926468 0.651469 0.025054 0.108364 14
0 0.607441 0.360713 0.047403 0.125678 15
0 0.629074 0.263586 0.0382072 0.103717 16
0 0.639215 0.394049 0.050699 0.100152 17
0 0.807585 0.480003 0.0535896 0.102846 18
0 0.746759 0.507823 0.0523243 0.135083 19
0 0.748253 0.433714 0.0425626 0.0893847 20
0 0.531767 0.177976 0.0442321 0.115198 21
0 0.883624 0.637727 0.0470368 0.0841398 22
0 0.871372 0.556342 0.0509738 0.118358 23
0 0.937609 0.552746 0.0233015 0.110905 24
0 0.887707 0.492032 0.0267922 0.081349 25
0 0.80714 0.414243 0.0423769 0.0813353 26
0 0.907665 0.56034 0.0328308 0.154962 27
0 0.890418 0.586483 0.0298568 0.0767842 35
