0 0.520203 0.541865 0.0611235 0.185036 1
0 0.466144 0.383425 0.0350368 0.20839 2
0 0.504496 0.245638 0.0330676 0.164917 3
0 0.640339 0.298786 0.0467069 0.0813657 4
0 0.640479 0.532871 0.0473008 0.166853 5
0 0.544929 0.221353 0.0293027 0.108371 6
0 0.839313 0.586123 0.0297066 0.173758 7
0 0.570679 0.158026 0.0368842 0.120753 8
0 0.858752 0.426043 0.0299122 0.11874 9
0 0.826379 0.413007 0.033809 0.140488 10
0 0.659521 0.487922 0.0550751 0.165555 11
0 0.87794 0.451859 0.0376368 0.0981991 12
0 0.539215 0.333097 0.0623011 0.167507 13
0 0.606919 0.360243 0.0487132 0.123609 15
0 0.635018 0.392747 0.0435423 0.101383 17
0 0.807083 0.483396 0.0527329 0.115237 18
0 0.74972 0.503583 0.0492484 0.125489 19
0 0.750732 0.432306 0.0423423 0.0863033 20
0 0.534593 0.17946 0.044992 0.116485 21
0 0.865694 0.544709 0.0354527 0.102533 23
0 0.892689 0.535748 0.0285965 0.120212 25
0 0.80819 0.414402 0.0390846 0.0794354 26
0 0.90916 0.539747 0.0244353 0.123371 27
0 0.935391 0.524687 0.0186285 0.0886926 24
0 0.869966 0.703843 0.0584933 0.153664 38
0 0.66114 0.380996 0.0258823 0.0983557 40
0 0.934454 0.61272 0.0192773 0.147184 41
