0 0.518797 0.54205 0.0617532 0.185797 1
0 0.46305 0.388455 0.0338963 0.211854 2
0 0.496169 0.210763 0.0249074 0.159415 3
0 0.656688 0.309479 0.0406681 0.12101 4
0 0.641629 0.535279 0.0557022 0.156431 5
0 0.545261 0.214834 0.0294754 0.0997842 6
0 0.836249 0.580777 0.0302459 0.176778 7
0 0.585825 0.200207 0.0335105 0.132956 8
0 0.861221 0.502921 0.0259737 0.116608 9
0 0.818606 0.38419 0.0297332 0.107869 10
0 0.662859 0.488595 0.0550473 0.148875 11
0 0.881946 0.439626 0.0293009 0.0794823 12
0 0.54628 0.320864 0.0646802 0.146695 13
0 0.932715 0.616686 0.0211304 0.153531 14
0 0.606938 0.358588 0.0450894 0.120934 15
0 0.631244 0.263442 0.03663 0.108096 16
0 0.632878 0.400047 0.0494421 0.109828 17
0 0.808858 0.483627 0.0524183 0.108939 18
0 0.74509 0.508201 0.0537331 0.135421 19
0 0.754367 0.443538 0.0425753 0.109071 20
0 0.533363 0.171314 0.0377833 0.0989782 21
0 0.882547 0.641856 0.0498905 0.0839363 22
0 0.877588 0.592942 0.055374 0.0904965 23
0 0.939772 0.557393 0.0227129 0.104206 24
0 0.892215 0.486566 0.0350473 0.0776369 25
0 0.808022 0.407985 0.040276 0.0794449 26
0 0.891103 0.546411 0.0412368 0.0990779 27
0 0.556629 0.175068 0.0294918 0.10338 28
