0 0.520157 0.541009 0.0610278 0.184545 1
0 0.467807 0.387225 0.0348725 0.200162 2
0 0.496528 0.204197 0.0259751 0.147418 3
0 0.657126 0.304131 0.0414487 0.108548 4
0 0.643439 0.542269 0.0538075 0.166807 5
0 0.54521 0.214241 0.0294856 0.098284 6
0 0.836472 0.584117 0.0317512 0.184935 7
0 0.578863 0.183327 0.0348736 0.131605 8
0 0.86086 0.500887 0.0261244 0.115234 9
0 0.817817 0.38821 0.0318021 0.11232 10
0 0.660094 0.480398 0.0493658 0.15212 11
0 0.88208 0.43888 0.0288216 0.0758913 12
0 0.538462 0.319011 0.0650931 0.151557 13
0 0.933556 0.634103 0.0234647 0.158596 14
0 0.606787 0.362829 0.0469106 0.129982 15
0 0.628819 0.264886 0.0411595 0.107904 16
0 0.639594 0.395546 0.0547892 0.10279 17
0 0.808554 0.481931 0.0526852 0.106848 18
0 0.748487 0.508199 0.0537399 0.136933 19
0 0.752296 0.433855 0.0471761 0.0905361 20
0 0.531587 0.171199 0.0421747 0.104863 21
0 0.886394 0.639296 0.0453532 0.0860997 22
0 0.879179 0.584671 0.0545335 0.0909445 23
0 0.937481 0.54247 0.0230702 0.0803541 24
0 0.889331 0.489615 0.0311323 0.07712 25
0 0.807618 0.410185 0.0410982 0.0803368 26
0 0.911854 0.556962 0.0333383 0.131336 27
