0 0.520059 0.541307 0.0607495 0.18421 1
0 0.468191 0.39125 0.0355243 0.210598 2
0 0.497142 0.220315 0.0285007 0.176481 3
0 0.657031 0.302204 0.0396886 0.104506 4
0 0.643122 0.541643 0.052048 0.165206 5
0 0.544783 0.218004 0.0307897 0.108073 6
0 0.836968 0.581085 0.0300343 0.179929 7
0 0.574557 0.173203 0.0340474 0.121813 8
0 0.862201 0.49675 0.0261639 0.108102 9
0 0.819939 0.390864 0.0336206 0.118116 10
0 0.660216 0.481609 0.0502893 0.155357 11
0 0.882505 0.439497 0.0286424 0.0782876 12
0 0.539669 0.326236 0.0646048 0.151049 13
0 0.93314 0.633295 0.0234128 0.149211 14
0 0.605796 0.362511 0.0468306 0.128827 15
0 0.628919 0.265216 0.0384901 0.105591 16
0 0.639017 0.394848 0.0523718 0.102729 17
0 0.809146 0.480509 0.0545554 0.102482 18
0 0.748036 0.505904 0.0515594 0.134388 19
0 0.752428 0.436308 0.0500356 0.0950932 20
0 0.530535 0.16935 0.0414205 0.100593 21
0 0.882546 0.639677 0.0490862 0.0818394 22
0 0.879004 0.58735 0.0567545 0.0942022 23
0 0.935969 0.542413 0.0245102 0.0876543 24
0 0.887933 0.487766 0.0276401 0.0738615 25
0 0.806653 0.413277 0.0432176 0.0835008 26
0 0.910307 0.551155 0.0254889 0.13867 27
0 0.888207 0.541576 0.0331736 0.0787521 33
