0 0.519946 0.541146 0.062603 0.18727 1
0 0.467878 0.386278 0.0345917 0.203558 2
0 0.50405 0.231791 0.0286731 0.170694 3
0 0.641702 0.29976 0.0438588 0.0776843 4
0 0.643621 0.538093 0.0513282 0.159304 5
0 0.544821 0.221667 0.0297316 0.109895 6
0 0.836233 0.583058 0.0307927 0.166878 7
0 0.572306 0.157624 0.0385832 0.123077 8
0 0.858109 0.463489 0.0284471 0.0863026 9
0 0.826031 0.404129 0.033236 0.12046 10
0 0.658854 0.481782 0.0542334 0.15415 11
0 0.882931 0.446557 0.0277267 0.088282 12
0 0.538696 0.331821 0.0636314 0.167051 13
0 0.608522 0.363435 0.050239 0.131918 15
0 0.625207 0.263625 0.040193 0.0889449 16
0 0.638119 0.390961 0.0489993 0.102257 17
0 0.80712 0.475916 0.0515764 0.0960136 18
0 0.746965 0.508972 0.0512821 0.13788 19
0 0.7485 0.431723 0.0422593 0.0850166 20
0 0.533364 0.178273 0.0428704 0.117345 21
0 0.86552 0.546244 0.0372914 0.102576 23
0 0.938835 0.547773 0.0189575 0.123618 24
0 0.887776 0.51756 0.0251521 0.105585 25
0 0.805963 0.412145 0.0392955 0.0795554 26
0 0.9107 0.546193 0.0235583 0.113978 27
0 0.87798 0.58616 0.0443237 0.0751601 35
0 0.934888 0.544468 0.0244674 0.129121 39
