0 0.519309 0.540835 0.061098 0.184762 1
0 0.467706 0.392821 0.0347103 0.21155 2
0 0.50017 0.230777 0.0274361 0.177902 3
0 0.65348 0.301269 0.038068 0.0919032 4
0 0.6429 0.539597 0.0529705 0.161476 5
0 0.544732 0.218721 0.0299728 0.105869 6
0 0.837114 0.58433 0.0308844 0.184584 7
0 0.572939 0.16377 0.0393847 0.124374 8
0 0.860993 0.47526 0.0266167 0.0771361 9
0 0.822958 0.402825 0.0359957 0.131925 10
0 0.656818 0.481368 0.0563423 0.15489 11
0 0.882255 0.441747 0.0287465 0.082853 12
0 0.538892 0.325654 0.0649416 0.15206 13
0 0.919858 0.699907 0.0350749 0.155564 14
0 0.607919 0.35986 0.0484489 0.126845 15
0 0.628956 0.262304 0.0366155 0.0982048 16
0 0.63905 0.394473 0.0496028 0.100089 17
0 0.807185 0.480297 0.0520337 0.10376 18
0 0.745581 0.505434 0.0509874 0.131463 19
0 0.748924 0.433574 0.0406695 0.0900458 20
0 0.532624 0.179759 0.0433623 0.119445 21
0 0.884772 0.636109 0.0465406 0.0796645 22
0 0.868504 0.552153 0.0423426 0.116539 23
0 0.936348 0.561051 0.0235257 0.131248 24
0 0.885927 0.490289 0.0252814 0.0850195 25
0 0.807313 0.41232 0.0411478 0.0798194 26
0 0.906686 0.552845 0.0315057 0.141463 27
