0 0.520131 0.541278 0.0606604 0.184248 1
0 0.468206 0.390885 0.0355979 0.209814 2
0 0.497045 0.218833 0.0287858 0.173717 3
0 0.656986 0.302146 0.0396084 0.104361 4
0 0.643096 0.541836 0.0521108 0.165361 5
0 0.54484 0.217539 0.0307285 0.107173 6
0 0.837007 0.581606 0.0302363 0.181072 7
0 0.574747 0.173122 0.0338413 0.122248 8
0 0.862175 0.496534 0.0261119 0.107898 9
0 0.819835 0.390802 0.0335211 0.118137 10
0 0.660174 0.481402 0.0502824 0.154913 11
0 0.882504 0.43948 0.028691 0.078157 12
0 0.539661 0.325139 0.0656228 0.153235 13
0 0.932944 0.63296 0.0232839 0.149602 14
0 0.605767 0.362484 0.0467044 0.128978 15
0 0.628911 0.265243 0.0384668 0.105663 16
0 0.639051 0.394776 0.052373 0.102879 17
0 0.809118 0.480725 0.0544831 0.103052 18
0 0.748375 0.50582 0.0512062 0.134163 19
0 0.752663 0.436525 0.0504768 0.0957329 20
0 0.530662 0.169506 0.0416174 0.100692 21
0 0.88209 0.639753 0.048118 0.0820393 22
0 0.878924 0.58736 0.0565339 0.0921632 23
0 0.935789 0.542279 0.0248459 0.0875748 24
0 0.887873 0.487616 0.0278592 0.0738358 25
0 0.806797 0.413209 0.0429905 0.0833693 26
0 0.910798 0.552248 0.0254497 0.14006 27
0 0.888304 0.54088 0.0333569 0.0788939 33
