0 0.520257 0.541358 0.06126 0.185481 1
0 0.467505 0.383803 0.0351768 0.205081 2
0 0.504516 0.245301 0.0328061 0.16446 3
0 0.639828 0.299379 0.0458424 0.0788697 4
0 0.64092 0.537177 0.0487832 0.168952 5
0 0.545029 0.220947 0.0290428 0.108155 6
0 0.838664 0.587133 0.0298446 0.17052 7
0 0.571106 0.158388 0.0370891 0.119123 8
0 0.858551 0.431644 0.0277518 0.115784 9
0 0.826013 0.411534 0.0338684 0.139043 10
0 0.658838 0.487982 0.0563075 0.165606 11
0 0.87817 0.450709 0.0361018 0.0970959 12
0 0.539311 0.333706 0.0629824 0.169123 13
0 0.606689 0.360005 0.0479105 0.122646 15
0 0.636052 0.393099 0.0444883 0.102203 17
0 0.806864 0.481357 0.0510253 0.109561 18
0 0.749724 0.503326 0.049858 0.127198 19
0 0.747338 0.431376 0.0411239 0.0845195 20
0 0.534225 0.178957 0.0442639 0.116053 21
0 0.865174 0.545144 0.0360398 0.104201 23
0 0.891461 0.532497 0.028521 0.120386 25
0 0.807359 0.412914 0.0389736 0.0786163 26
0 0.909447 0.541681 0.0243279 0.124052 27
0 0.935437 0.536911 0.0215795 0.113614 24
0 0.879556 0.62856 0.047036 0.076655 22
0 0.870393 0.703468 0.058293 0.153775 38
