0 0.520356 0.541226 0.0604526 0.183777 1
0 0.468156 0.39009 0.0357074 0.208489 2
0 0.496348 0.206305 0.0261887 0.152282 3
0 0.657363 0.302167 0.0395769 0.104978 4
0 0.64313 0.541971 0.0521316 0.16566 5
0 0.544885 0.21693 0.0303541 0.104927 6
0 0.836794 0.582492 0.0306973 0.183149 7
0 0.574941 0.172779 0.0332318 0.121008 8
0 0.861662 0.495335 0.0256142 0.105842 9
0 0.819659 0.391237 0.0335919 0.118647 10
0 0.660231 0.48027 0.0496512 0.152716 11
0 0.882447 0.439157 0.0284883 0.0772026 12
0 0.539249 0.324706 0.0658616 0.152276 13
0 0.932833 0.633116 0.0235507 0.154172 14
0 0.605504 0.362395 0.0465312 0.129307 15
0 0.628912 0.264934 0.0387363 0.106693 16
0 0.639189 0.394136 0.0533093 0.104685 17
0 0.808751 0.480846 0.0539194 0.10286 18
0 0.748452 0.507723 0.0519979 0.136956 19
0 0.752689 0.435329 0.0503031 0.094476 20
0 0.531128 0.169107 0.0411459 0.099835 21
0 0.883902 0.639078 0.0470919 0.0830906 22
0 0.878847 0.585149 0.0528497 0.0844555 23
0 0.936054 0.538889 0.0233258 0.0808828 24
0 0.887539 0.486309 0.0276597 0.0717097 25
0 0.806777 0.413469 0.0431028 0.0837204 26
0 0.9109 0.553977 0.0265223 0.144632 27
0 0.888236 0.539055 0.0332765 0.0785514 33
0 0.499567 0.246099 0.0291593 0.106301 32
