0 0.519989 0.541895 0.0611624 0.184794 1
0 0.465648 0.385543 0.035462 0.214107 2
0 0.50462 0.245408 0.0330003 0.164076 3
0 0.641041 0.298147 0.0458276 0.0815601 4
0 0.640518 0.532234 0.0470189 0.166394 5
0 0.544899 0.221508 0.0292633 0.108088 6
0 0.839342 0.585132 0.0294505 0.175176 7
0 0.570226 0.159028 0.0369274 0.122179 8
0 0.859553 0.423205 0.0307465 0.119479 9
0 0.826768 0.414288 0.0337586 0.140581 10
0 0.659923 0.48863 0.0546697 0.166975 11
0 0.879016 0.452303 0.037608 0.0990751 12
0 0.539028 0.333052 0.0620769 0.166219 13
0 0.606962 0.360457 0.0489005 0.123933 15
0 0.637419 0.392423 0.044477 0.101973 17
0 0.806965 0.484848 0.0532275 0.117831 18
0 0.749729 0.504832 0.0498264 0.127311 19
0 0.7494 0.432117 0.0413696 0.0837478 20
0 0.534598 0.179051 0.0449122 0.115556 21
0 0.865852 0.544802 0.0354742 0.102943 23
0 0.893098 0.536258 0.0283692 0.119364 25
0 0.808534 0.415233 0.0388508 0.079542 26
0 0.90917 0.543441 0.0257329 0.131257 27
0 0.935171 0.522902 0.0195232 0.0849551 24
0 0.870839 0.703247 0.0591357 0.155513 38
0 0.629069 0.258143 0.0339633 0.0831634 16
