0 0.519321 0.541374 0.0628755 0.187059 1
0 0.467898 0.386261 0.0346189 0.204478 2
0 0.503277 0.232823 0.0278683 0.17317 3
0 0.641155 0.299049 0.0435867 0.0788359 4
0 0.643337 0.538621 0.0517383 0.15984 5
0 0.544738 0.220562 0.0298784 0.109504 6
0 0.835464 0.583329 0.0318712 0.169454 7
0 0.572273 0.157044 0.0385926 0.122655 8
0 0.857315 0.468633 0.030367 0.0910432 9
0 0.826104 0.401357 0.0323752 0.11715 10
0 0.658835 0.481971 0.0545768 0.154155 11
0 0.882869 0.448066 0.0286194 0.0913479 12
0 0.538435 0.33115 0.0638181 0.165809 13
0 0.909337 0.71492 0.0271786 0.141955 14
0 0.606914 0.362509 0.0499992 0.13042 15
0 0.624753 0.263573 0.0387211 0.0886183 16
0 0.638163 0.391339 0.049351 0.103382 17
0 0.807296 0.476838 0.0515838 0.0976296 18
0 0.746865 0.509117 0.0519542 0.138357 19
0 0.748252 0.429811 0.0399952 0.0823342 20
0 0.533373 0.179067 0.0437068 0.11947 21
0 0.880638 0.624602 0.0399279 0.0579974 22
0 0.8653 0.543066 0.0368188 0.0971759 23
0 0.937267 0.550155 0.020365 0.124727 24
0 0.887821 0.516808 0.0247612 0.104904 25
0 0.805708 0.412279 0.0392831 0.0807499 26
0 0.910855 0.546544 0.0235848 0.11496 27
0 0.925355 0.531854 0.0166168 0.142294 37
0 0.88086 0.582062 0.0394828 0.0688672 35
