0 0.519177 0.54133 0.0627935 0.187115 1
0 0.467896 0.386441 0.0345573 0.204652 2
0 0.503103 0.233721 0.0276187 0.174482 3
0 0.639959 0.298773 0.0434636 0.0794978 4
0 0.643027 0.539802 0.0524308 0.161861 5
0 0.544714 0.220352 0.0298922 0.109142 6
0 0.835788 0.580319 0.0317485 0.170208 7
0 0.572242 0.156887 0.0385598 0.122394 8
0 0.858228 0.469937 0.0301753 0.0893305 9
0 0.826141 0.402711 0.0327265 0.120416 10
0 0.658627 0.481722 0.0552893 0.154245 11
0 0.882766 0.448842 0.0293051 0.0924626 12
0 0.538642 0.33119 0.0647181 0.167067 13
0 0.910468 0.714343 0.0277365 0.135292 14
0 0.606768 0.361855 0.0498777 0.129088 15
0 0.62443 0.264591 0.0372804 0.0888535 16
0 0.637321 0.392047 0.0494219 0.103173 17
0 0.807193 0.477379 0.0519786 0.0982557 18
0 0.746802 0.507532 0.0511989 0.135141 19
0 0.748225 0.430063 0.0391972 0.0831482 20
0 0.533424 0.179281 0.0438592 0.11989 21
0 0.882834 0.62456 0.0392371 0.0605322 22
0 0.865821 0.542213 0.0361812 0.0942285 23
0 0.938705 0.551136 0.0202201 0.121645 24
0 0.887923 0.515967 0.0244833 0.105092 25
0 0.805383 0.411778 0.0397313 0.0813537 26
0 0.910869 0.546694 0.023734 0.1155 27
0 0.924185 0.529959 0.0169063 0.147526 37
0 0.88139 0.70574 0.0410874 0.135591 38
0 0.882232 0.581357 0.0376921 0.0668998 35
