0 0.519697 0.540441 0.0615701 0.185479 1
0 0.467804 0.388724 0.0345103 0.205687 2
0 0.500794 0.233253 0.0271974 0.180432 3
0 0.642883 0.29623 0.0378682 0.0788328 4
0 0.643921 0.53906 0.0518218 0.160215 5
0 0.54476 0.220452 0.0300876 0.108372 6
0 0.836578 0.580682 0.0310181 0.172131 7
0 0.572495 0.159189 0.0393111 0.124369 8
0 0.859162 0.472501 0.0292508 0.0818435 9
0 0.826313 0.403661 0.0336312 0.128067 10
0 0.656674 0.481404 0.0564711 0.154116 11
0 0.882564 0.446829 0.0300559 0.0903927 12
0 0.538174 0.328517 0.0642878 0.159508 13
0 0.916073 0.704021 0.0291404 0.136477 14
0 0.607256 0.359349 0.048328 0.124183 15
0 0.627916 0.262958 0.0379271 0.101885 16
0 0.638894 0.392451 0.0505945 0.103218 17
0 0.807644 0.477245 0.0508086 0.0979451 18
0 0.74525 0.508457 0.0527952 0.136758 19
0 0.74769 0.430204 0.0372842 0.0827648 20
0 0.533428 0.180885 0.0446931 0.119953 21
0 0.884827 0.63306 0.0453889 0.0756797 22
0 0.867235 0.542255 0.036756 0.095284 23
0 0.936498 0.553764 0.0207843 0.121687 24
0 0.886238 0.50779 0.023755 0.0982229 25
0 0.806452 0.412004 0.0406652 0.081535 26
0 0.909704 0.550495 0.0282731 0.13206 27
0 0.880379 0.584193 0.0367424 0.0662935 35
0 0.975205 0.918336 0.0320757 0.163323 36
