0 0.520413 0.541078 0.0597536 0.185062 1
0 0.467874 0.391821 0.0348455 0.21076 2
0 0.495933 0.225876 0.0273769 0.178638 3
0 0.657334 0.301745 0.0382538 0.101925 4
0 0.643486 0.538738 0.0507212 0.161701 5
0 0.545139 0.21828 0.0295543 0.105124 6
0 0.836579 0.5834 0.0304207 0.184828 7
0 0.573544 0.168889 0.036541 0.120552 8
0 0.862006 0.490721 0.0251457 0.095035 9
0 0.820097 0.39332 0.0342854 0.119491 10
0 0.658129 0.478742 0.051092 0.150558 11
0 0.882498 0.440378 0.0287587 0.0794012 12
0 0.540084 0.326888 0.0658807 0.150113 13
0 0.928787 0.645578 0.0247855 0.115402 14
0 0.60669 0.360537 0.046857 0.125431 15
0 0.629095 0.263829 0.0384414 0.104685 16
0 0.639314 0.393793 0.0506495 0.100094 17
0 0.807957 0.480484 0.0550194 0.104077 18
0 0.747774 0.50723 0.0513539 0.131752 19
0 0.749452 0.43459 0.0451841 0.0913086 20
0 0.53096 0.177463 0.0438653 0.113653 21
0 0.885752 0.639822 0.0488335 0.0887932 22
0 0.874019 0.563051 0.0557127 0.115995 23
0 0.937546 0.549179 0.0233362 0.104069 24
0 0.887692 0.49143 0.0271569 0.0806723 25
0 0.806924 0.413584 0.042926 0.0821466 26
0 0.908598 0.558825 0.0322163 0.151217 27
0 0.881607 0.534602 0.029736 0.0628091 33
