0 0.520194 0.541608 0.0609056 0.184742 1
0 0.467941 0.387372 0.0353944 0.201584 2
0 0.496469 0.205306 0.0264091 0.150717 3
0 0.657038 0.303515 0.0409803 0.107896 4
0 0.643592 0.542204 0.0524264 0.165771 5
0 0.545075 0.216296 0.0303304 0.103307 6
0 0.836966 0.583331 0.0312306 0.184498 7
0 0.576052 0.1768 0.0337159 0.126927 8
0 0.860883 0.495969 0.0244952 0.106182 9
0 0.818874 0.389944 0.0331879 0.1161 10
0 0.659945 0.480462 0.0499905 0.153888 11
0 0.882161 0.439002 0.0290755 0.0771967 12
0 0.538524 0.320583 0.0652269 0.152004 13
0 0.933301 0.632308 0.0233245 0.157015 14
0 0.605666 0.362983 0.0470965 0.130791 15
0 0.628885 0.265216 0.0394925 0.107373 16
0 0.638869 0.39532 0.0539011 0.103363 17
0 0.808456 0.481162 0.0522349 0.103941 18
0 0.748458 0.50818 0.0527476 0.137633 19
0 0.75238 0.434533 0.0497275 0.0947027 20
0 0.531102 0.170724 0.0414574 0.102356 21
0 0.884174 0.640398 0.0467561 0.0867198 22
0 0.879241 0.586132 0.0512528 0.0841428 23
0 0.936217 0.540753 0.0234665 0.0817809 24
0 0.887941 0.487028 0.0292587 0.0729364 25
0 0.807379 0.411433 0.0425728 0.0822919 26
0 0.912496 0.555997 0.0291405 0.143999 27
0 0.887437 0.539961 0.0324713 0.0811032 33
0 0.499333 0.24712 0.0316258 0.110335 32
