0 0.518946 0.541967 0.0612428 0.185904 1
0 0.462815 0.38921 0.0338146 0.213244 2
0 0.496077 0.211403 0.0247327 0.160175 3
0 0.656603 0.309899 0.0402854 0.121913 4
0 0.641491 0.534129 0.0544763 0.154418 5
0 0.545264 0.215128 0.0295753 0.099853 6
0 0.836266 0.580166 0.029972 0.175339 7
0 0.585847 0.200327 0.0335942 0.133187 8
0 0.861299 0.50269 0.0259891 0.116437 9
0 0.818696 0.386414 0.0306884 0.112205 10
0 0.662915 0.490953 0.056327 0.15285 11
0 0.881904 0.439943 0.0294272 0.0797792 12
0 0.54614 0.320335 0.0642365 0.145911 13
0 0.932825 0.617099 0.0211329 0.154234 14
0 0.606906 0.358035 0.0447712 0.12002 15
0 0.631171 0.263196 0.036121 0.106934 16
0 0.632709 0.400054 0.049708 0.110171 17
0 0.808876 0.484407 0.0527397 0.110819 18
0 0.744181 0.506119 0.0541946 0.135896 19
0 0.754232 0.441995 0.0406471 0.108278 20
0 0.533031 0.171696 0.0377502 0.100004 21
0 0.883149 0.641501 0.0494167 0.085029 22
0 0.878112 0.592249 0.0555673 0.0910236 23
0 0.939601 0.556781 0.022755 0.102907 24
0 0.892182 0.486484 0.0349801 0.0774507 25
0 0.808163 0.40898 0.0408519 0.081906 26
0 0.891525 0.54634 0.0411999 0.0991316 27
0 0.557405 0.174789 0.0289612 0.102372 28
