0 0.519663 0.540925 0.0599568 0.184136 1
0 0.467702 0.393041 0.0349853 0.213671 2
0 0.498191 0.227624 0.0269229 0.172545 3
0 0.656526 0.302672 0.0391695 0.103253 4
0 0.643024 0.538779 0.051741 0.161085 5
0 0.544862 0.218301 0.0298647 0.105604 6
0 0.836986 0.583682 0.0304204 0.184121 7
0 0.573361 0.167051 0.0381367 0.122685 8
0 0.861115 0.481172 0.0251759 0.0790169 9
0 0.820297 0.395915 0.0352031 0.123156 10
0 0.656343 0.479415 0.0548736 0.153146 11
0 0.882571 0.441151 0.0288516 0.0815815 12
0 0.540031 0.325097 0.0664221 0.15245 13
0 0.924424 0.656367 0.0253002 0.103654 14
0 0.607247 0.360371 0.0475866 0.125662 15
0 0.629331 0.26363 0.0385038 0.104722 16
0 0.639162 0.39425 0.0505479 0.0998307 17
0 0.807483 0.480344 0.0534126 0.103609 18
0 0.746056 0.508335 0.0525767 0.136669 19
0 0.748548 0.433863 0.0419086 0.0897714 20
0 0.531805 0.180127 0.0455478 0.121018 21
0 0.883525 0.636228 0.0460247 0.0801189 22
0 0.870276 0.555377 0.0472765 0.117171 23
0 0.937429 0.554323 0.0230401 0.114779 24
0 0.887319 0.492884 0.0266097 0.0822416 25
0 0.807325 0.414051 0.0422518 0.081166 26
0 0.907091 0.560589 0.0331726 0.155201 27
0 0.888561 0.586337 0.030264 0.0770075 35
