0 0.520397 0.540987 0.0596584 0.184925 1
0 0.467833 0.39195 0.0348627 0.211037 2
0 0.495978 0.222361 0.0259204 0.168983 3
0 0.656938 0.302254 0.0385873 0.102418 4
0 0.643336 0.539008 0.0513205 0.162768 5
0 0.545001 0.218145 0.02952 0.104817 6
0 0.836543 0.583782 0.0304287 0.184518 7
0 0.573547 0.168926 0.0369123 0.120848 8
0 0.861283 0.487517 0.0245786 0.0892255 9
0 0.820398 0.394744 0.0346789 0.120907 10
0 0.657415 0.478598 0.0521454 0.151668 11
0 0.882515 0.440946 0.0289816 0.080464 12
0 0.539811 0.326212 0.0659548 0.150507 13
0 0.927917 0.646511 0.0244087 0.110689 14
0 0.607224 0.360737 0.0473051 0.126077 15
0 0.629109 0.263858 0.0384223 0.104453 16
0 0.639002 0.393289 0.049844 0.0982814 17
0 0.807629 0.479701 0.0541478 0.103076 18
0 0.747283 0.506613 0.0515761 0.132739 19
0 0.748945 0.434554 0.0445038 0.0912037 20
0 0.531198 0.177564 0.0437479 0.113414 21
0 0.884405 0.639577 0.0484808 0.0881085 22
0 0.873769 0.558527 0.0548663 0.120172 23
0 0.937481 0.550712 0.0234569 0.10717 24
0 0.887812 0.492016 0.0272139 0.0816409 25
0 0.806937 0.413697 0.0426328 0.0816976 26
0 0.908174 0.561118 0.0329948 0.155909 27
0 0.882245 0.534362 0.0288015 0.065194 33
