0 0.520272 0.540703 0.0612587 0.184766 1
0 0.467899 0.387963 0.0342082 0.204101 2
0 0.500358 0.233129 0.0272556 0.18059 3
0 0.646267 0.297198 0.0370824 0.0802105 4
0 0.643741 0.539127 0.0520177 0.160481 5
0 0.544817 0.22079 0.0303274 0.108952 6
0 0.836665 0.580553 0.0308091 0.172376 7
0 0.572565 0.159843 0.0394363 0.124585 8
0 0.858799 0.473329 0.0293773 0.0822542 9
0 0.826224 0.406321 0.0350476 0.134144 10
0 0.656614 0.481121 0.0562992 0.153854 11
0 0.882551 0.4456 0.0297604 0.0882316 12
0 0.538462 0.3278 0.0642744 0.157897 13
0 0.916888 0.704948 0.0305333 0.142604 14
0 0.60778 0.359551 0.048586 0.12499 15
0 0.62848 0.261175 0.0376785 0.101116 16
0 0.638781 0.392776 0.0499895 0.101971 17
0 0.807575 0.477653 0.0511692 0.0992791 18
0 0.745398 0.50799 0.0526082 0.135845 19
0 0.747714 0.429923 0.0371003 0.0823337 20
0 0.533523 0.180061 0.0439792 0.118359 21
0 0.884828 0.633634 0.0461015 0.0768195 22
0 0.867645 0.542834 0.0370578 0.0963712 23
0 0.936229 0.557102 0.0218341 0.12864 24
0 0.885739 0.504355 0.0236662 0.095668 25
0 0.806271 0.411856 0.0412761 0.0827667 26
0 0.909272 0.552602 0.0301088 0.138334 27
0 0.975184 0.918204 0.0321404 0.163592 36
0 0.880222 0.585177 0.0371004 0.0690345 35
