0 0.519914 0.542054 0.0621869 0.184222 1
0 0.465739 0.390068 0.0342121 0.210011 2
0 0.496871 0.210717 0.0256691 0.158914 3
0 0.656149 0.306163 0.0400147 0.110616 4
0 0.64139 0.53703 0.0575864 0.158176 5
0 0.545332 0.214499 0.0289842 0.0986821 6
0 0.836105 0.579518 0.0299249 0.173405 7
0 0.58485 0.200727 0.0340629 0.133569 8
0 0.861227 0.502966 0.0259394 0.117277 9
0 0.818676 0.385896 0.0310905 0.110693 10
0 0.663272 0.489533 0.0557134 0.152176 11
0 0.881932 0.440397 0.0294182 0.0799137 12
0 0.54579 0.321627 0.065574 0.146607 13
0 0.933189 0.617418 0.0214991 0.155339 14
0 0.606793 0.359155 0.0451091 0.122088 15
0 0.63133 0.2632 0.0370129 0.10805 16
0 0.635149 0.399344 0.0498031 0.108596 17
0 0.808958 0.485216 0.0538039 0.11069 18
0 0.747788 0.506672 0.0515121 0.127519 19
0 0.752247 0.436957 0.0428602 0.0969483 20
0 0.532454 0.169752 0.0388976 0.100214 21
0 0.884774 0.643551 0.0509203 0.0811527 22
0 0.877059 0.593583 0.0574779 0.091202 23
0 0.939657 0.558606 0.0223232 0.10707 24
0 0.891456 0.487506 0.0342091 0.0760594 25
0 0.808233 0.40853 0.0422215 0.0808298 26
0 0.889947 0.548006 0.0410818 0.0997389 27
0 0.557257 0.171215 0.0267586 0.0952372 28
