0 0.518947 0.541963 0.0613928 0.18583 1
0 0.462844 0.388985 0.033798 0.212595 2
0 0.496124 0.210739 0.0246956 0.159251 3
0 0.656613 0.309608 0.0402574 0.121049 4
0 0.641541 0.534948 0.055267 0.156176 5
0 0.545279 0.214925 0.0295126 0.0997416 6
0 0.836279 0.580082 0.0299964 0.175296 7
0 0.585826 0.200241 0.0334962 0.132825 8
0 0.86124 0.502784 0.0259911 0.116518 9
0 0.818646 0.385671 0.0303428 0.110765 10
0 0.66293 0.489854 0.0556745 0.150988 11
0 0.881926 0.439872 0.0294121 0.0797744 12
0 0.546269 0.320609 0.0643937 0.1462 13
0 0.932822 0.617014 0.0211543 0.154287 14
0 0.606951 0.35808 0.0447801 0.120021 15
0 0.631191 0.263231 0.0362543 0.107147 16
0 0.632678 0.399987 0.0495962 0.109982 17
0 0.808871 0.483935 0.0524414 0.109783 18
0 0.744552 0.507534 0.0542382 0.136293 19
0 0.754453 0.443301 0.041793 0.109957 20
0 0.533219 0.171431 0.0376207 0.0992847 21
0 0.883207 0.641558 0.049708 0.0850874 22
0 0.877981 0.592485 0.0553567 0.0906391 23
0 0.939744 0.556915 0.0226928 0.103094 24
0 0.892201 0.486576 0.0350661 0.0776615 25
0 0.808116 0.408643 0.0405884 0.0809791 26
0 0.891417 0.54635 0.0411925 0.0991289 27
0 0.55684 0.1748 0.0291555 0.102671 28
