0 0.519509 0.540912 0.0611392 0.184374 1
0 0.467825 0.390201 0.0342509 0.207706 2
0 0.50018 0.231525 0.0274136 0.178333 3
0 0.652388 0.300916 0.0375453 0.0862934 4
0 0.643608 0.538598 0.0522122 0.160052 5
0 0.544793 0.219255 0.0301349 0.106716 6
0 0.836827 0.581338 0.0301614 0.176358 7
0 0.572987 0.161726 0.0395962 0.124646 8
0 0.860609 0.47467 0.02783 0.0797354 9
0 0.824679 0.40553 0.036042 0.134915 10
0 0.656839 0.481816 0.0563682 0.15508 11
0 0.882241 0.441287 0.0286451 0.0823838 12
0 0.538811 0.326755 0.0643961 0.15294 13
0 0.918401 0.701647 0.0323551 0.146155 14
0 0.608073 0.359778 0.0486702 0.126493 15
0 0.628468 0.262078 0.0374792 0.0991345 16
0 0.638716 0.39306 0.0491963 0.0996213 17
0 0.807553 0.478778 0.0506309 0.100106 18
0 0.745228 0.507165 0.052002 0.134017 19
0 0.748521 0.431819 0.0387882 0.0863528 20
0 0.532797 0.178714 0.0424815 0.116776 21
0 0.884745 0.633376 0.0443976 0.0737862 22
0 0.868357 0.54286 0.0361567 0.0971554 23
0 0.935786 0.561018 0.0231137 0.13332 24
0 0.885492 0.493242 0.0255516 0.090628 25
0 0.806686 0.412242 0.0410598 0.0801445 26
0 0.906727 0.554011 0.0315649 0.139378 27
0 0.975248 0.918227 0.0321438 0.163546 36
0 0.880557 0.589681 0.0351376 0.0782552 35
