0 0.519538 0.541298 0.0596296 0.186267 1
0 0.464059 0.389955 0.0338542 0.215271 2
0 0.496218 0.21442 0.0254642 0.167236 3
0 0.658724 0.310655 0.0398461 0.125184 4
0 0.642962 0.538048 0.0541159 0.159262 5
0 0.545099 0.214507 0.0293036 0.0983815 6
0 0.836361 0.581418 0.0301974 0.179206 7
0 0.585769 0.199027 0.0329473 0.129627 8
0 0.861326 0.502224 0.025832 0.115811 9
0 0.818923 0.388947 0.0323034 0.117117 10
0 0.662773 0.487852 0.0547037 0.148381 11
0 0.881943 0.440699 0.0295779 0.0797835 12
0 0.544947 0.318482 0.0621746 0.143375 13
0 0.932848 0.617851 0.0211113 0.155135 14
0 0.606733 0.358338 0.044924 0.120351 15
0 0.631149 0.264033 0.0356609 0.107409 16
0 0.63215 0.400064 0.0502784 0.110026 17
0 0.808672 0.486889 0.0540777 0.115338 18
0 0.741257 0.50561 0.0570693 0.140585 19
0 0.7546 0.454862 0.0474742 0.134008 20
0 0.532524 0.173233 0.0386331 0.102838 21
0 0.884584 0.641041 0.0469727 0.0853793 22
0 0.879469 0.591098 0.0560551 0.0920527 23
0 0.939209 0.555796 0.0230362 0.102154 24
0 0.892169 0.486636 0.0350144 0.0775259 25
0 0.809022 0.40971 0.0420394 0.0852798 26
0 0.891749 0.545987 0.0411768 0.0978498 27
0 0.557707 0.176687 0.0303026 0.105923 28
