0 0.520243 0.541251 0.0606038 0.184191 1
0 0.468207 0.390531 0.0355579 0.209112 2
0 0.496916 0.215948 0.0282568 0.168764 3
0 0.656948 0.302161 0.0395825 0.104345 4
0 0.643079 0.541834 0.0521023 0.165318 5
0 0.544904 0.217201 0.0305934 0.106449 6
0 0.836958 0.582089 0.0304586 0.182373 7
0 0.574783 0.173108 0.0337373 0.122199 8
0 0.862176 0.496566 0.0261936 0.10825 9
0 0.819729 0.390793 0.0335113 0.118247 10
0 0.66007 0.481501 0.0503833 0.155084 11
0 0.882498 0.439333 0.028627 0.0778745 12
0 0.539497 0.324776 0.0659678 0.153807 13
0 0.932901 0.633053 0.0233604 0.150732 14
0 0.605748 0.362456 0.046651 0.129027 15
0 0.628897 0.26521 0.0384433 0.105653 16
0 0.638959 0.394752 0.0525684 0.103351 17
0 0.809024 0.480997 0.0546968 0.103743 18
0 0.748321 0.506083 0.0512024 0.134407 19
0 0.752872 0.436869 0.0510492 0.0967562 20
0 0.530884 0.169817 0.0417301 0.100847 21
0 0.882845 0.639646 0.0476533 0.082161 22
0 0.878881 0.587034 0.0557561 0.0903 23
0 0.935656 0.541995 0.0249286 0.0874216 24
0 0.887827 0.487427 0.0279021 0.0736994 25
0 0.806989 0.413191 0.0428942 0.0833038 26
0 0.91128 0.552532 0.0253353 0.139874 27
0 0.888279 0.539967 0.0330269 0.0779574 33
