0 0.519591 0.540808 0.0612092 0.184352 1
0 0.467894 0.387938 0.0338797 0.203601 2
0 0.500249 0.232918 0.0276052 0.181055 3
0 0.65011 0.299477 0.0370456 0.0828837 4
0 0.64375 0.53818 0.0519861 0.159615 5
0 0.544771 0.219841 0.0302182 0.10755 6
0 0.836807 0.579675 0.0301954 0.172426 7
0 0.572835 0.160895 0.0397745 0.125472 8
0 0.859612 0.473491 0.0285142 0.0814128 9
0 0.825387 0.40643 0.0352756 0.134112 10
0 0.65687 0.481218 0.0560754 0.15382 11
0 0.882358 0.443715 0.0291821 0.0847634 12
0 0.539241 0.328299 0.0644025 0.155283 13
0 0.917796 0.704608 0.0316541 0.145575 14
0 0.607539 0.359708 0.0484432 0.125344 15
0 0.628434 0.262592 0.0391337 0.104047 16
0 0.638807 0.392657 0.0495674 0.100368 17
0 0.807409 0.478274 0.05077 0.0994218 18
0 0.745341 0.507783 0.0524697 0.135268 19
0 0.748082 0.430439 0.0375222 0.0833945 20
0 0.533079 0.178808 0.042854 0.116764 21
0 0.88521 0.633523 0.0458353 0.0760705 22
0 0.868156 0.543172 0.0371545 0.0977288 23
0 0.935585 0.559644 0.0226826 0.132489 24
0 0.885012 0.499013 0.0254191 0.0966135 25
0 0.806111 0.411764 0.0415252 0.0819477 26
0 0.907774 0.554284 0.0316101 0.140663 27
0 0.975157 0.918355 0.0320982 0.163291 36
0 0.880661 0.588061 0.0363692 0.0719436 35
