0 0.520342 0.541166 0.0598569 0.185105 1
0 0.467895 0.39211 0.0349166 0.21111 2
0 0.496085 0.223992 0.0273247 0.176466 3
0 0.657544 0.301775 0.0383629 0.102537 4
0 0.643425 0.538901 0.050128 0.160942 5
0 0.54514 0.218097 0.0295832 0.105182 6
0 0.83665 0.582656 0.0300204 0.182375 7
0 0.573546 0.168907 0.0361568 0.12044 8
0 0.862241 0.49254 0.025711 0.0991701 9
0 0.819901 0.391813 0.0339819 0.118503 10
0 0.658617 0.479073 0.0504766 0.150514 11
0 0.882505 0.439903 0.0284563 0.0783181 12
0 0.539695 0.327337 0.0661987 0.15033 13
0 0.928789 0.645589 0.0250595 0.119403 14
0 0.606656 0.360621 0.0468554 0.125702 15
0 0.629029 0.263824 0.0384097 0.104758 16
0 0.63891 0.393083 0.0502259 0.0993322 17
0 0.808427 0.480818 0.0554847 0.1044 18
0 0.747921 0.507151 0.0520778 0.133696 19
0 0.749534 0.434313 0.045316 0.0906853 20
0 0.530544 0.177514 0.04399 0.113929 21
0 0.885967 0.639409 0.0487203 0.0872433 22
0 0.875661 0.571 0.0550415 0.108936 23
0 0.937509 0.547583 0.0231771 0.100813 24
0 0.88763 0.49148 0.0274013 0.0808002 25
0 0.806875 0.413494 0.0429715 0.0821638 26
0 0.908901 0.553527 0.0303682 0.141174 27
0 0.881167 0.534628 0.0296914 0.0602394 33
