0 0.519101 0.541225 0.0624428 0.185146 1
0 0.467361 0.393843 0.0348069 0.212814 2
0 0.496993 0.209472 0.0258084 0.155792 3
0 0.657069 0.30499 0.0402586 0.108759 4
0 0.640803 0.539463 0.0594747 0.163471 5
0 0.545018 0.214036 0.0290666 0.0982848 6
0 0.835948 0.581505 0.0305014 0.177358 7
0 0.584477 0.201194 0.0348494 0.136607 8
0 0.861294 0.502057 0.0255023 0.115351 9
0 0.818832 0.390012 0.0320633 0.116746 10
0 0.66343 0.492707 0.0573202 0.160609 11
0 0.88198 0.439853 0.0288759 0.0783292 12
0 0.54503 0.31804 0.060445 0.132717 13
0 0.933822 0.620753 0.0217412 0.157107 14
0 0.606308 0.361931 0.0464699 0.127413 15
0 0.630374 0.263873 0.0367801 0.106084 16
0 0.640508 0.397843 0.0514516 0.10875 17
0 0.8095 0.484949 0.0537602 0.109092 18
0 0.749336 0.506897 0.0515623 0.128341 19
0 0.753888 0.442313 0.0476439 0.103263 20
0 0.532097 0.168626 0.0384585 0.100618 21
0 0.887113 0.644605 0.049506 0.0817318 22
0 0.876253 0.59368 0.0610333 0.0996961 23
0 0.938673 0.554926 0.0211973 0.0989343 24
0 0.890727 0.488403 0.0340686 0.0765622 25
0 0.807739 0.411477 0.0434576 0.0842499 26
0 0.890412 0.549365 0.0401652 0.100901 27
0 0.556322 0.171295 0.0279445 0.0999185 28
0 0.967854 0.645361 0.0309973 0.12016 29
