0 0.519908 0.540868 0.0609573 0.184187 1
0 0.467629 0.38891 0.0354328 0.203881 2
0 0.497003 0.207041 0.0265922 0.151386 3
0 0.657517 0.30388 0.0413125 0.108154 4
0 0.643147 0.541597 0.0542224 0.166886 5
0 0.545126 0.213825 0.0289483 0.0962124 6
0 0.83643 0.582686 0.0314029 0.181642 7
0 0.581502 0.187504 0.0358952 0.136741 8
0 0.860908 0.501122 0.026095 0.114825 9
0 0.818065 0.389001 0.0321945 0.114523 10
0 0.660729 0.48056 0.0490123 0.151289 11
0 0.882021 0.438558 0.0286244 0.0752071 12
0 0.538687 0.318031 0.0666285 0.154245 13
0 0.933742 0.632725 0.0229825 0.155264 14
0 0.607184 0.363373 0.0472452 0.130852 15
0 0.628707 0.264027 0.041249 0.107368 16
0 0.640257 0.396307 0.0551009 0.103027 17
0 0.808601 0.482936 0.0534187 0.10895 18
0 0.748806 0.507528 0.0525052 0.132766 19
0 0.752742 0.434038 0.0475271 0.0917943 20
0 0.531919 0.171891 0.0428721 0.106654 21
0 0.886611 0.6385 0.044978 0.0849763 22
0 0.878996 0.585963 0.0541586 0.0902024 23
0 0.937263 0.544464 0.0234167 0.0816095 24
0 0.889528 0.490058 0.0316307 0.0782183 25
0 0.808185 0.410562 0.0415732 0.0816093 26
0 0.910674 0.557943 0.0363774 0.134643 27
