0 0.519027 0.540931 0.0618358 0.184128 1
0 0.467762 0.391689 0.0347796 0.208699 2
0 0.497187 0.210195 0.0266816 0.15772 3
0 0.657344 0.304104 0.0402705 0.10739 4
0 0.641224 0.540483 0.0586586 0.164913 5
0 0.545043 0.215498 0.0297007 0.0996935 6
0 0.836323 0.581073 0.0302877 0.176944 7
0 0.584003 0.200469 0.0348509 0.136606 8
0 0.861266 0.499771 0.0249138 0.11089 9
0 0.818673 0.387888 0.0307638 0.11305 10
0 0.662264 0.494819 0.0560373 0.170429 11
0 0.88202 0.438628 0.0280912 0.075729 12
0 0.544362 0.3197 0.0632977 0.137086 13
0 0.933929 0.629645 0.0230855 0.163662 14
0 0.607179 0.363711 0.047012 0.131738 15
0 0.630443 0.264126 0.0379333 0.107485 16
0 0.64345 0.398246 0.0543311 0.103353 17
0 0.809381 0.485815 0.0553502 0.110955 18
0 0.749021 0.50623 0.051866 0.12826 19
0 0.753625 0.439538 0.0481138 0.10003 20
0 0.531706 0.169521 0.0401995 0.103631 21
0 0.884975 0.640523 0.048711 0.0842452 22
0 0.877908 0.586204 0.0545482 0.0938817 23
0 0.93832 0.549853 0.0212123 0.0874363 24
0 0.889572 0.487583 0.032261 0.0747669 25
0 0.807308 0.411932 0.0430694 0.0845188 26
0 0.889184 0.550417 0.0355326 0.100341 27
0 0.967134 0.649926 0.0317763 0.123188 29
