0 0.520166 0.541735 0.0606883 0.18401 1
0 0.467975 0.388159 0.0357026 0.20422 2
0 0.49633 0.204644 0.026014 0.149461 3
0 0.657107 0.303287 0.0408222 0.107382 4
0 0.643586 0.542255 0.0522212 0.165836 5
0 0.545014 0.216417 0.030191 0.103445 6
0 0.836949 0.583246 0.0310709 0.184518 7
0 0.575686 0.174501 0.0329551 0.123549 8
0 0.860972 0.49489 0.0244124 0.104464 9
0 0.819146 0.390531 0.0333571 0.117508 10
0 0.659971 0.480465 0.0499358 0.153832 11
0 0.882259 0.43935 0.0292645 0.078242 12
0 0.538596 0.32087 0.0650985 0.151371 13
0 0.933263 0.632557 0.0236414 0.158592 14
0 0.605535 0.363039 0.0470787 0.130811 15
0 0.628882 0.265221 0.0391658 0.107233 16
0 0.638986 0.395336 0.0535748 0.103388 17
0 0.80861 0.480424 0.0518653 0.101669 18
0 0.748446 0.508111 0.0524631 0.137403 19
0 0.752375 0.434522 0.0497579 0.094712 20
0 0.531073 0.169919 0.0411703 0.101066 21
0 0.88433 0.640309 0.0470077 0.0863257 22
0 0.878926 0.585234 0.0509544 0.0825007 23
0 0.935948 0.540037 0.0236828 0.0820908 24
0 0.887904 0.487232 0.0290806 0.0733376 25
0 0.807215 0.411842 0.0428229 0.0829903 26
0 0.912051 0.555297 0.0276693 0.144164 27
0 0.887139 0.53806 0.032617 0.0795261 33
0 0.499592 0.251489 0.0299144 0.106863 32
