0 0.520246 0.541387 0.0610315 0.185183 1
0 0.468688 0.385726 0.0357587 0.204285 2
0 0.5045 0.245387 0.032452 0.16465 3
0 0.639867 0.297665 0.0459355 0.0801186 4
0 0.642378 0.537538 0.0502357 0.169673 5
0 0.545092 0.221228 0.029313 0.109209 6
0 0.838849 0.587614 0.0298792 0.1699 7
0 0.571417 0.158761 0.0376924 0.119585 8
0 0.859023 0.434993 0.0259874 0.113635 9
0 0.825889 0.413833 0.0353413 0.143372 10
0 0.658713 0.487169 0.0562256 0.162421 11
0 0.878284 0.450663 0.0345995 0.0966494 12
0 0.539305 0.334076 0.0633015 0.168666 13
0 0.606747 0.360045 0.0475942 0.123842 15
0 0.636198 0.393394 0.0450966 0.102686 17
0 0.806798 0.483037 0.0530552 0.113062 18
0 0.750612 0.504927 0.0495877 0.126317 19
0 0.747603 0.431603 0.0435051 0.0861311 20
0 0.53433 0.179501 0.0435944 0.11662 21
0 0.86466 0.544394 0.0357129 0.103619 23
0 0.890465 0.526553 0.027013 0.116315 25
0 0.806278 0.4124 0.0391371 0.0785931 26
0 0.909743 0.548453 0.0260196 0.135084 27
0 0.935228 0.541683 0.0214493 0.122933 24
0 0.879424 0.630447 0.0506127 0.0818801 22
0 0.871036 0.702326 0.060871 0.158949 38
0 0.635283 0.23982 0.0279423 0.0595891 16
