0 0.520337 0.540821 0.0604171 0.182902 1
0 0.467474 0.387682 0.0347043 0.201991 2
0 0.496008 0.205629 0.0255929 0.148785 3
0 0.657567 0.303811 0.0414556 0.107939 4
0 0.642729 0.54221 0.0559056 0.167845 5
0 0.545028 0.213983 0.028674 0.09642 6
0 0.83678 0.582285 0.0315305 0.179893 7
0 0.583973 0.191047 0.0349015 0.127631 8
0 0.861152 0.499965 0.0258524 0.112165 9
0 0.818046 0.389433 0.032212 0.115507 10
0 0.660697 0.480206 0.0481479 0.14909 11
0 0.88194 0.438041 0.0284711 0.0744982 12
0 0.541797 0.318912 0.0648811 0.144777 13
0 0.933841 0.631998 0.0226494 0.154571 14
0 0.607332 0.362647 0.0464589 0.12807 15
0 0.628888 0.26388 0.0404249 0.105911 16
0 0.640662 0.397096 0.0555877 0.103451 17
0 0.809032 0.486423 0.0558851 0.114909 18
0 0.748581 0.50674 0.0522735 0.131268 19
0 0.752606 0.434967 0.0479377 0.0934406 20
0 0.531359 0.170354 0.0414697 0.104692 21
0 0.886338 0.638243 0.0450097 0.0833361 22
0 0.879051 0.588745 0.0527749 0.0883276 23
0 0.936881 0.547319 0.0235819 0.0846512 24
0 0.889624 0.49107 0.0330737 0.0800836 25
0 0.808085 0.411192 0.0418813 0.0823708 26
0 0.902555 0.555798 0.0415447 0.126236 27
0 0.499643 0.24923 0.0289105 0.0951794 32
