0 0.520332 0.54137 0.0606709 0.184204 1
0 0.468123 0.39065 0.0352515 0.209779 2
0 0.497201 0.221075 0.0284296 0.180341 3
0 0.656941 0.302469 0.0398646 0.104924 4
0 0.643325 0.541307 0.0518372 0.164793 5
0 0.544601 0.218563 0.0307057 0.10809 6
0 0.836625 0.580297 0.0298502 0.179146 7
0 0.574301 0.172194 0.034575 0.121625 8
0 0.862416 0.498488 0.0267557 0.11084 9
0 0.819855 0.391227 0.0336995 0.11787 10
0 0.659932 0.482729 0.0507797 0.1575 11
0 0.882546 0.439744 0.0286083 0.0783558 12
0 0.539865 0.328005 0.0635633 0.147903 13
0 0.933149 0.633543 0.0233341 0.146369 14
0 0.605832 0.362225 0.0466962 0.127989 15
0 0.628894 0.265062 0.0383979 0.105091 16
0 0.639198 0.395055 0.0521998 0.102902 17
0 0.809003 0.480272 0.0547745 0.102467 18
0 0.747806 0.505974 0.0518814 0.13448 19
0 0.751793 0.435804 0.0492614 0.0941367 20
0 0.530069 0.169165 0.0412761 0.100966 21
0 0.882537 0.639378 0.0495912 0.081665 22
0 0.877841 0.586624 0.0575919 0.0968471 23
0 0.936417 0.543861 0.0246871 0.0902978 24
0 0.887755 0.487049 0.0270621 0.0727417 25
0 0.806507 0.413169 0.0434011 0.0834777 26
0 0.909359 0.549744 0.0258272 0.136025 27
0 0.888156 0.542284 0.0321435 0.0759538 33
