0 0.520537 0.54148 0.0605296 0.183995 1
0 0.468089 0.38886 0.0358079 0.206397 2
0 0.496127 0.203135 0.025471 0.146856 3
0 0.657694 0.302548 0.0401577 0.106114 4
0 0.643328 0.54223 0.0522571 0.166164 5
0 0.544998 0.216359 0.0300701 0.103415 6
0 0.836827 0.582991 0.0309087 0.184357 7
0 0.575119 0.174147 0.0331182 0.122547 8
0 0.861291 0.493998 0.0242314 0.101895 9
0 0.819535 0.391829 0.0336268 0.118701 10
0 0.660098 0.480193 0.0497471 0.153228 11
0 0.882338 0.439442 0.0290518 0.0781979 12
0 0.538929 0.323673 0.0645296 0.149307 13
0 0.9331 0.632331 0.0236565 0.1575 14
0 0.605604 0.363161 0.0468845 0.130446 15
0 0.628875 0.264892 0.0387529 0.106463 16
0 0.639167 0.394249 0.0540159 0.10508 17
0 0.808686 0.481258 0.0531701 0.103201 18
0 0.748454 0.507979 0.0522479 0.137042 19
0 0.752447 0.434269 0.0484914 0.0915987 20
0 0.531374 0.168906 0.0419537 0.102426 21
0 0.884624 0.639585 0.0466113 0.0848224 22
0 0.878867 0.584833 0.0510662 0.0817175 23
0 0.935701 0.539488 0.0236771 0.082027 24
0 0.88759 0.485921 0.0280027 0.07153 25
0 0.806719 0.413335 0.0429741 0.0834542 26
0 0.910761 0.554727 0.027563 0.147 27
0 0.887141 0.537417 0.0334043 0.0797241 33
0 0.500007 0.252834 0.028598 0.103603 32
