0 0.52054 0.541243 0.0599658 0.184127 1
0 0.467933 0.391988 0.0352766 0.211335 2
0 0.497295 0.219272 0.027189 0.174815 3
0 0.656746 0.303197 0.0401367 0.106271 4
0 0.643967 0.541316 0.0513786 0.166507 5
0 0.544854 0.218791 0.0300881 0.106504 6
0 0.836599 0.579496 0.0296905 0.178749 7
0 0.573865 0.172095 0.0360343 0.123093 8
0 0.862284 0.49728 0.0260839 0.108673 9
0 0.819394 0.390549 0.0337419 0.117189 10
0 0.65956 0.482043 0.0502491 0.155483 11
0 0.88259 0.439762 0.0284414 0.07822 12
0 0.540397 0.327581 0.0635965 0.145869 13
0 0.932558 0.638046 0.0235177 0.133679 14
0 0.606094 0.361244 0.0466432 0.126566 15
0 0.628782 0.264395 0.0384027 0.104965 16
0 0.638825 0.394516 0.0515031 0.103499 17
0 0.808852 0.480356 0.055308 0.102763 18
0 0.747709 0.505755 0.0522766 0.134448 19
0 0.751465 0.435298 0.0479606 0.0932218 20
0 0.530338 0.175036 0.0447063 0.112074 21
0 0.883347 0.640235 0.0514217 0.0847163 22
0 0.877516 0.584632 0.0560854 0.096391 23
0 0.937045 0.543916 0.0235474 0.0925517 24
0 0.887389 0.488259 0.0269368 0.0741421 25
0 0.806599 0.413235 0.0435309 0.0831558 26
0 0.908426 0.550543 0.0276942 0.136369 27
0 0.885637 0.540675 0.0313277 0.0684445 33
