0 0.520896 0.540924 0.05971 0.183988 1
0 0.467892 0.391864 0.0350353 0.211436 2
0 0.496882 0.220747 0.0269725 0.173532 3
0 0.656903 0.303122 0.039897 0.106595 4
0 0.64381 0.541821 0.0509868 0.166153 5
0 0.544835 0.21871 0.0300692 0.106746 6
0 0.836599 0.583162 0.0303144 0.184077 7
0 0.573621 0.171838 0.0373291 0.126613 8
0 0.862075 0.49258 0.0251742 0.0996544 9
0 0.819251 0.391017 0.0338284 0.117976 10
0 0.659033 0.480662 0.0501421 0.152534 11
0 0.882563 0.439259 0.028033 0.0772788 12
0 0.540429 0.32766 0.061843 0.140198 13
0 0.930453 0.641679 0.024204 0.121313 14
0 0.606135 0.361052 0.0466416 0.125528 15
0 0.628715 0.2645 0.0385551 0.105404 16
0 0.639434 0.394087 0.0508065 0.101141 17
0 0.808824 0.480905 0.056032 0.104714 18
0 0.747839 0.505741 0.0523867 0.133932 19
0 0.750937 0.43497 0.0470686 0.0926155 20
0 0.53047 0.174966 0.043455 0.112052 21
0 0.885565 0.639191 0.0491423 0.085139 22
0 0.877073 0.576689 0.0579131 0.105664 23
0 0.937301 0.54587 0.0230749 0.0960582 24
0 0.88767 0.491403 0.0279154 0.0805539 25
0 0.806794 0.413495 0.0433199 0.0830325 26
0 0.908914 0.550146 0.0283287 0.131742 27
0 0.550388 0.329708 0.0438815 0.136098 34
