0 0.520415 0.541459 0.0621264 0.187769 1
0 0.468851 0.385127 0.0354374 0.201593 2
0 0.503549 0.243633 0.03155 0.164232 3
0 0.640117 0.300428 0.0450179 0.0788959 4
0 0.643708 0.535254 0.0487432 0.158863 5
0 0.544953 0.221063 0.0292793 0.108428 6
0 0.838958 0.587467 0.0305664 0.167939 7
0 0.571885 0.156716 0.0376785 0.118225 8
0 0.856224 0.441313 0.0273476 0.111162 9
0 0.825684 0.412907 0.0370188 0.140018 10
0 0.658882 0.482839 0.054154 0.153671 11
0 0.879802 0.450534 0.0324245 0.0975767 12
0 0.538865 0.334638 0.0631214 0.166434 13
0 0.606882 0.362603 0.050009 0.132676 15
0 0.620858 0.263389 0.0403353 0.0804095 16
0 0.635807 0.392568 0.0459409 0.103066 17
0 0.806386 0.483263 0.055903 0.113265 18
0 0.748899 0.507946 0.0513602 0.133764 19
0 0.751913 0.434808 0.0480887 0.0916316 20
0 0.532955 0.181106 0.0444507 0.120513 21
0 0.864203 0.54642 0.0357878 0.106396 23
0 0.88836 0.517841 0.0243908 0.106756 25
0 0.806426 0.411994 0.0388372 0.0790678 26
0 0.910274 0.54503 0.0247892 0.118265 27
0 0.93614 0.5458 0.0211619 0.128744 24
0 0.877414 0.627268 0.048581 0.0756572 22
0 0.870768 0.701305 0.0580867 0.147469 38
