0 0.519355 0.543127 0.0625466 0.184442 1
0 0.465149 0.385012 0.0345265 0.215056 2
0 0.504649 0.2442 0.0329593 0.160841 3
0 0.635916 0.300735 0.0423868 0.0840221 4
0 0.640428 0.527799 0.0449669 0.162502 5
0 0.544659 0.220418 0.0294871 0.109306 6
0 0.839939 0.579779 0.0271981 0.177263 7
0 0.568578 0.15514 0.0349461 0.120044 8
0 0.868811 0.416062 0.0297361 0.104588 9
0 0.827695 0.41568 0.0340324 0.141651 10
0 0.660878 0.490057 0.0519876 0.171445 11
0 0.878668 0.450537 0.037562 0.101656 12
0 0.539409 0.329294 0.0623178 0.158811 13
0 0.606809 0.360499 0.0482391 0.121243 15
0 0.641694 0.394822 0.0503718 0.0965273 17
0 0.806021 0.489258 0.0519129 0.128731 18
0 0.754802 0.516296 0.055506 0.139398 19
0 0.748287 0.436001 0.0423222 0.0905809 20
0 0.531694 0.177356 0.0419044 0.112779 21
0 0.865722 0.54511 0.0347199 0.104721 23
0 0.894175 0.542762 0.0295576 0.124446 25
0 0.809892 0.420166 0.039645 0.0828924 26
0 0.909869 0.540211 0.0238701 0.120344 27
0 0.935015 0.522831 0.0252939 0.0868358 24
0 0.869416 0.705762 0.0578277 0.149519 38
0 0.626763 0.248628 0.0304737 0.0777473 16
0 0.936077 0.634655 0.0220409 0.177776 41
0 0.965169 0.640755 0.0334863 0.122143 42
