0 0.519857 0.541494 0.0625363 0.187075 1
0 0.468422 0.38416 0.0348242 0.199305 2
0 0.50412 0.239114 0.0304255 0.167428 3
0 0.64053 0.299873 0.0446023 0.0778082 4
0 0.643771 0.537155 0.0504769 0.159876 5
0 0.544944 0.221257 0.0294087 0.109151 6
0 0.837496 0.583087 0.0292182 0.158795 7
0 0.572065 0.157353 0.03793 0.120719 8
0 0.857296 0.452871 0.0284697 0.0972675 9
0 0.825705 0.40682 0.0343711 0.12541 10
0 0.658668 0.483102 0.0542513 0.154316 11
0 0.881804 0.449878 0.0295364 0.0945487 12
0 0.538562 0.332848 0.0628241 0.165903 13
0 0.606619 0.362214 0.0492299 0.12931 15
0 0.624263 0.264603 0.0407106 0.0866757 16
0 0.636024 0.392673 0.0471555 0.102606 17
0 0.806571 0.477255 0.0527949 0.100025 18
0 0.747872 0.505529 0.0501083 0.131795 19
0 0.751256 0.435624 0.0478094 0.0938598 20
0 0.532715 0.179145 0.0431966 0.116995 21
0 0.86357 0.543689 0.034532 0.102803 23
0 0.888528 0.518509 0.0250104 0.108751 25
0 0.80625 0.411556 0.0387824 0.0794884 26
0 0.910526 0.544585 0.0235954 0.110568 27
0 0.870042 0.698014 0.0545511 0.137808 38
0 0.936913 0.549635 0.018384 0.127643 24
0 0.874883 0.629014 0.0553353 0.0839453 22
