0 0.520096 0.540818 0.0611216 0.185003 1
0 0.467889 0.385912 0.0346103 0.197801 2
0 0.49633 0.203095 0.0257436 0.145965 3
0 0.657095 0.304192 0.0413654 0.108437 4
0 0.643624 0.542226 0.053065 0.166159 5
0 0.545212 0.215081 0.0298468 0.10009 6
0 0.836582 0.58327 0.0313707 0.183838 7
0 0.577828 0.181617 0.0352688 0.131982 8
0 0.860898 0.499688 0.025818 0.113694 9
0 0.818062 0.387895 0.031902 0.111434 10
0 0.659763 0.480521 0.0496937 0.152975 11
0 0.882085 0.438908 0.0289755 0.0765998 12
0 0.538239 0.318643 0.0641259 0.149392 13
0 0.933306 0.63446 0.0236935 0.16047 14
0 0.606509 0.362461 0.0467122 0.129588 15
0 0.628895 0.265436 0.0404751 0.107866 16
0 0.639119 0.395039 0.0543815 0.102798 17
0 0.808459 0.481868 0.0530765 0.106709 18
0 0.748358 0.509061 0.0539247 0.13904 19
0 0.752282 0.433722 0.0485549 0.0926381 20
0 0.531735 0.170548 0.0417801 0.103426 21
0 0.885032 0.64058 0.0459123 0.0867903 22
0 0.879023 0.585724 0.0537281 0.0894847 23
0 0.937236 0.541663 0.0231111 0.0805981 24
0 0.888773 0.487389 0.0294588 0.0730711 25
0 0.80743 0.410223 0.041278 0.0799473 26
0 0.912529 0.557111 0.0328061 0.14257 27
0 0.889453 0.547118 0.0342585 0.087057 33
