0 0.519323 0.540908 0.0607091 0.184901 1
0 0.467696 0.392706 0.0347369 0.212184 2
0 0.499577 0.230932 0.0277112 0.178484 3
0 0.656391 0.301191 0.0382293 0.0992411 4
0 0.642508 0.538803 0.0524372 0.161019 5
0 0.544649 0.218516 0.030018 0.106181 6
0 0.837149 0.583855 0.0302618 0.182032 7
0 0.57291 0.167342 0.0398401 0.127495 8
0 0.861098 0.477198 0.0258177 0.0781487 9
0 0.820959 0.398125 0.0357042 0.127221 10
0 0.656653 0.481034 0.0562852 0.155759 11
0 0.882526 0.442451 0.0294431 0.0843696 12
0 0.539636 0.324581 0.0658141 0.152464 13
0 0.921806 0.689318 0.0367453 0.152208 14
0 0.607499 0.360237 0.0479023 0.126109 15
0 0.629296 0.263343 0.0379647 0.10365 16
0 0.638347 0.395231 0.0517353 0.103924 17
0 0.807252 0.480523 0.053489 0.105072 18
0 0.744978 0.507027 0.0517732 0.134795 19
0 0.749124 0.433756 0.0415095 0.0900311 20
0 0.532342 0.179591 0.0441648 0.119826 21
0 0.883761 0.637361 0.0481266 0.0828402 22
0 0.870036 0.552376 0.0437089 0.113177 23
0 0.937003 0.557962 0.0236854 0.123626 24
0 0.886732 0.492895 0.0262842 0.0839778 25
0 0.807531 0.413738 0.0426657 0.0824332 26
0 0.90686 0.558896 0.0330326 0.152279 27
0 0.886941 0.586114 0.0311389 0.0758281 35
