0 0.519312 0.541038 0.0602412 0.184018 1
0 0.467699 0.39319 0.034939 0.213617 2
0 0.498893 0.229983 0.0275947 0.176919 3
0 0.656281 0.302509 0.0390854 0.102327 4
0 0.642816 0.538418 0.0518352 0.160299 5
0 0.544674 0.218693 0.030054 0.106324 6
0 0.837061 0.583331 0.0303334 0.183071 7
0 0.573275 0.166482 0.0384447 0.123025 8
0 0.861346 0.478524 0.0250588 0.0772812 9
0 0.820533 0.396649 0.0354447 0.12473 10
0 0.656509 0.480341 0.0556577 0.154317 11
0 0.882644 0.44166 0.029088 0.0827358 12
0 0.539419 0.323869 0.0658098 0.151706 13
0 0.92302 0.671087 0.0304133 0.12251 14
0 0.6072 0.36017 0.0477689 0.12614 15
0 0.629386 0.26357 0.0382414 0.104267 16
0 0.638401 0.394794 0.0515001 0.102478 17
0 0.807304 0.480074 0.0531729 0.103715 18
0 0.745295 0.507795 0.0523569 0.136264 19
0 0.749171 0.433862 0.0417131 0.0899172 20
0 0.53184 0.180174 0.045089 0.121325 21
0 0.883493 0.637497 0.0481166 0.0832788 22
0 0.869962 0.55381 0.0454458 0.115563 23
0 0.937138 0.556222 0.0235011 0.119711 24
0 0.886964 0.493748 0.0267887 0.0842484 25
0 0.80751 0.41404 0.0426353 0.08203 26
0 0.906537 0.560326 0.0336915 0.156535 27
0 0.887518 0.586334 0.0306205 0.0763789 35
