0 0.51887 0.541864 0.0610653 0.186533 1
0 0.46277 0.390159 0.0339923 0.21532 2
0 0.496041 0.21256 0.0249535 0.162655 3
0 0.656789 0.310087 0.0399098 0.122329 4
0 0.641463 0.535782 0.0546141 0.156463 5
0 0.545184 0.214662 0.0293766 0.0989219 6
0 0.836322 0.580572 0.0299976 0.175959 7
0 0.585739 0.200984 0.0339532 0.134406 8
0 0.861406 0.502486 0.0260387 0.116422 9
0 0.818721 0.386678 0.0308088 0.112695 10
0 0.66286 0.49154 0.0567628 0.153674 11
0 0.881878 0.440414 0.0295352 0.0799763 12
0 0.545877 0.318097 0.0621802 0.141275 13
0 0.932807 0.617304 0.0210898 0.154125 14
0 0.606656 0.358082 0.0446586 0.119763 15
0 0.631076 0.263242 0.0357606 0.106255 16
0 0.632468 0.400376 0.0500776 0.110907 17
0 0.808771 0.485959 0.053914 0.113947 18
0 0.743653 0.506133 0.0543793 0.13565 19
0 0.754766 0.449139 0.0444378 0.121808 20
0 0.533012 0.172712 0.0383552 0.10201 21
0 0.883175 0.6415 0.0489045 0.0851928 22
0 0.878416 0.591191 0.0559964 0.0918358 23
0 0.939542 0.55641 0.0228074 0.102587 24
0 0.892096 0.486422 0.0349616 0.077396 25
0 0.808706 0.409059 0.0407465 0.0824301 26
0 0.891666 0.546159 0.0409723 0.0984734 27
0 0.55723 0.174928 0.0292342 0.103146 28
