0 0.518644 0.54176 0.0623277 0.184501 1
0 0.464583 0.389314 0.0342624 0.210479 2
0 0.496266 0.211648 0.0255782 0.161393 3
0 0.656262 0.307274 0.0404934 0.1148 4
0 0.641609 0.535636 0.0564848 0.155786 5
0 0.545276 0.214868 0.0294222 0.100211 6
0 0.836159 0.579967 0.0299722 0.17437 7
0 0.585137 0.200349 0.0337274 0.133065 8
0 0.861374 0.502803 0.0258306 0.11646 9
0 0.818558 0.383554 0.029882 0.106371 10
0 0.663143 0.49004 0.0560651 0.152417 11
0 0.881975 0.439411 0.0289993 0.0785613 12
0 0.545867 0.320286 0.0645831 0.144583 13
0 0.93272 0.616672 0.0213693 0.153839 14
0 0.60678 0.359306 0.0453581 0.122187 15
0 0.63124 0.263127 0.0369364 0.108315 16
0 0.635451 0.399668 0.0495742 0.109018 17
0 0.8088 0.486023 0.0545859 0.112835 18
0 0.746462 0.506563 0.0519204 0.128876 19
0 0.75246 0.438532 0.0423186 0.0992823 20
0 0.533345 0.171689 0.038786 0.100296 21
0 0.882435 0.642809 0.0514354 0.0817017 22
0 0.877523 0.590629 0.0548531 0.0864864 23
0 0.939666 0.558092 0.0224135 0.105799 24
0 0.891855 0.487246 0.0343716 0.0761634 25
0 0.808324 0.407746 0.0410106 0.0786541 26
0 0.89077 0.547425 0.0416372 0.0996577 27
0 0.555229 0.172947 0.0290449 0.100364 28
