0 0.519743 0.540628 0.0610857 0.184257 1
0 0.467869 0.388937 0.0340871 0.205451 2
0 0.500215 0.232049 0.0274477 0.179336 3
0 0.650851 0.300349 0.0375269 0.0845103 4
0 0.64361 0.538254 0.0520214 0.159551 5
0 0.544772 0.219589 0.0301969 0.107276 6
0 0.836788 0.579906 0.0302433 0.173729 7
0 0.572873 0.161477 0.039985 0.12619 8
0 0.860501 0.473699 0.0281378 0.0807641 9
0 0.825275 0.407312 0.0357995 0.13582 10
0 0.656786 0.48121 0.056006 0.153655 11
0 0.882317 0.443194 0.0291233 0.0842897 12
0 0.539031 0.327999 0.0643457 0.154396 13
0 0.917929 0.704444 0.0320564 0.146595 14
0 0.60779 0.3597 0.04851 0.125477 15
0 0.628577 0.262232 0.0392312 0.103899 16
0 0.638612 0.392912 0.0494102 0.100029 17
0 0.807372 0.478404 0.0507803 0.0996836 18
0 0.745303 0.507637 0.0523621 0.134935 19
0 0.748507 0.430956 0.0380312 0.0845656 20
0 0.532935 0.178986 0.0429003 0.117338 21
0 0.885205 0.633618 0.0459096 0.076163 22
0 0.868402 0.542458 0.0367575 0.0970345 23
0 0.93557 0.559859 0.02269 0.132286 24
0 0.885033 0.496587 0.0254854 0.0949479 25
0 0.806126 0.411996 0.0414805 0.0814632 26
0 0.907524 0.554174 0.0317043 0.140306 27
0 0.975197 0.918369 0.0320991 0.163262 36
0 0.880359 0.588269 0.0361734 0.0729035 35
