0 0.519436 0.540759 0.0614379 0.183818 1
0 0.467089 0.391526 0.0352209 0.209324 2
0 0.496427 0.206327 0.0260838 0.151049 3
0 0.656957 0.303909 0.0411917 0.107454 4
0 0.642293 0.53948 0.0570171 0.163516 5
0 0.545033 0.215673 0.0296062 0.100039 6
0 0.836225 0.580464 0.0306484 0.17493 7
0 0.584451 0.199393 0.0355772 0.136069 8
0 0.861125 0.501267 0.0258909 0.113762 9
0 0.818559 0.386538 0.0305857 0.110156 10
0 0.661498 0.489324 0.0514104 0.162795 11
0 0.882082 0.438072 0.0279079 0.0740401 12
0 0.543188 0.320775 0.0641539 0.140931 13
0 0.933818 0.629041 0.0219629 0.154214 14
0 0.607424 0.362608 0.0464352 0.12886 15
0 0.62961 0.264365 0.0385149 0.104561 16
0 0.641128 0.39823 0.0557294 0.102426 17
0 0.809273 0.485635 0.0557529 0.11116 18
0 0.749103 0.503363 0.0513704 0.128852 19
0 0.75168 0.434503 0.0449087 0.0901553 20
0 0.530881 0.169806 0.0399081 0.102341 21
0 0.885473 0.639907 0.0474478 0.0844888 22
0 0.878751 0.586697 0.053276 0.0908048 23
0 0.938348 0.549478 0.0223891 0.0877254 24
0 0.889709 0.488749 0.032205 0.0756215 25
0 0.806956 0.411836 0.0434812 0.0843924 26
0 0.889511 0.552148 0.0344771 0.100838 27
