0 0.519858 0.541502 0.0625442 0.187136 1
0 0.468519 0.384613 0.035039 0.200316 2
0 0.504026 0.239913 0.0305202 0.166524 3
0 0.640325 0.299861 0.0446883 0.0779732 4
0 0.643622 0.537329 0.0504163 0.160125 5
0 0.544933 0.221145 0.029347 0.108853 6
0 0.837756 0.583564 0.0293986 0.159192 7
0 0.572076 0.157267 0.0378723 0.120385 8
0 0.857034 0.451502 0.0282136 0.0981074 9
0 0.825675 0.406392 0.0340896 0.124657 10
0 0.658665 0.483761 0.0546937 0.155673 11
0 0.881203 0.450605 0.0300566 0.0956735 12
0 0.538643 0.333062 0.0626574 0.165323 13
0 0.607492 0.36273 0.0499963 0.131232 15
0 0.623734 0.265261 0.04072 0.0861612 16
0 0.636014 0.392891 0.0469218 0.102491 17
0 0.806619 0.477975 0.0533484 0.101487 18
0 0.74821 0.506089 0.050512 0.132719 19
0 0.751465 0.43552 0.0479177 0.0937299 20
0 0.532704 0.17896 0.0430547 0.116554 21
0 0.863614 0.543589 0.0345437 0.102709 23
0 0.888466 0.518615 0.0249376 0.109059 25
0 0.806307 0.411457 0.0387655 0.0793898 26
0 0.910383 0.544692 0.0236687 0.11081 27
0 0.936192 0.548724 0.0185929 0.126101 24
0 0.87523 0.629858 0.055371 0.0850714 22
