0 0.519316 0.541289 0.0598457 0.186292 1
0 0.463593 0.390258 0.0337907 0.21478 2
0 0.496222 0.213964 0.0253538 0.166393 3
0 0.658705 0.310799 0.0399537 0.125408 4
0 0.642511 0.537796 0.0544662 0.159582 5
0 0.545127 0.214847 0.0294816 0.0990788 6
0 0.836288 0.580297 0.0299782 0.177565 7
0 0.585955 0.198967 0.0330357 0.129928 8
0 0.86132 0.502118 0.0258718 0.115864 9
0 0.818942 0.389018 0.0321934 0.117159 10
0 0.662743 0.486564 0.0543602 0.146722 11
0 0.881943 0.440863 0.0296474 0.0799966 12
0 0.545093 0.318107 0.0616863 0.142042 13
0 0.932829 0.617808 0.0211055 0.154994 14
0 0.606716 0.358436 0.0448864 0.120268 15
0 0.631185 0.263939 0.0357815 0.107528 16
0 0.632155 0.400061 0.0501706 0.110175 17
0 0.808677 0.487368 0.0544941 0.116146 18
0 0.741903 0.505856 0.0566913 0.139852 19
0 0.754696 0.453105 0.0465158 0.131043 20
0 0.532506 0.173119 0.0385015 0.102662 21
0 0.883891 0.641169 0.0475287 0.0857493 22
0 0.879319 0.59071 0.0564576 0.0928171 23
0 0.939347 0.555504 0.0228457 0.101476 24
0 0.892139 0.48633 0.0349225 0.0773232 25
0 0.808946 0.409721 0.0418223 0.0850099 26
0 0.892011 0.545758 0.0412688 0.0983561 27
0 0.557908 0.176403 0.030021 0.105689 28
0 0.968888 0.64456 0.0308737 0.113268 29
