0 0.519312 0.541332 0.0599814 0.186278 1
0 0.463406 0.390391 0.0338638 0.21509 2
0 0.496182 0.213616 0.025273 0.165718 3
0 0.658713 0.310396 0.0397186 0.124549 4
0 0.642169 0.537818 0.0546267 0.159542 5
0 0.545211 0.214829 0.0294793 0.0991512 6
0 0.836264 0.579795 0.0298511 0.176536 7
0 0.585928 0.198705 0.0329442 0.129473 8
0 0.861341 0.502033 0.0258888 0.115878 9
0 0.81887 0.388465 0.0318358 0.116035 10
0 0.662772 0.487683 0.0552672 0.148979 11
0 0.881934 0.440852 0.0296458 0.0800053 12
0 0.545196 0.318106 0.0617257 0.141982 13
0 0.932807 0.617801 0.0211191 0.155015 14
0 0.606748 0.358525 0.0449158 0.120352 15
0 0.631111 0.264038 0.0356333 0.106887 16
0 0.63246 0.400133 0.0502722 0.11058 17
0 0.808626 0.487693 0.0548486 0.116927 18
0 0.742061 0.505677 0.0562836 0.138968 19
0 0.754737 0.45218 0.0460384 0.12939 20
0 0.532559 0.172626 0.0381736 0.101793 21
0 0.883836 0.64131 0.0476839 0.0856571 22
0 0.879166 0.590279 0.0561539 0.0923156 23
0 0.939375 0.555691 0.0228851 0.101799 24
0 0.892129 0.486297 0.0349167 0.077317 25
0 0.808842 0.40957 0.0414418 0.084263 26
0 0.892122 0.545775 0.041222 0.0984385 27
0 0.557993 0.175779 0.0295468 0.104354 28
0 0.968818 0.644987 0.0310458 0.113931 29
