0 0.519804 0.542111 0.0620961 0.183634 1
0 0.465371 0.389721 0.0341979 0.210022 2
0 0.496807 0.211175 0.0256635 0.159722 3
0 0.656178 0.30666 0.0401136 0.111639 4
0 0.641557 0.536227 0.0571611 0.157134 5
0 0.545354 0.215101 0.0291298 0.0992352 6
0 0.836119 0.579858 0.0300276 0.174215 7
0 0.584904 0.200606 0.0339464 0.133302 8
0 0.861244 0.503072 0.0259465 0.117263 9
0 0.818664 0.383969 0.0301667 0.107035 10
0 0.663253 0.488792 0.055158 0.150202 11
0 0.881935 0.440344 0.0294496 0.0799512 12
0 0.545774 0.321341 0.0654783 0.146407 13
0 0.933073 0.617238 0.0214853 0.154983 14
0 0.606805 0.359369 0.0452832 0.122472 15
0 0.631341 0.263411 0.0370114 0.108192 16
0 0.635116 0.399342 0.0496769 0.108601 17
0 0.808942 0.485298 0.0539763 0.111265 18
0 0.747392 0.507079 0.0520134 0.128696 19
0 0.751881 0.437466 0.0427316 0.0977612 20
0 0.53281 0.169942 0.0386277 0.099344 21
0 0.88394 0.643312 0.051047 0.0809774 22
0 0.877192 0.593324 0.057326 0.0907108 23
0 0.93983 0.558474 0.0222665 0.10657 24
0 0.891556 0.487346 0.0342109 0.0759866 25
0 0.808347 0.40784 0.0413782 0.0790866 26
0 0.890165 0.547923 0.0413817 0.0999634 27
0 0.557429 0.171458 0.0272266 0.0962153 28
