0 0.519857 0.540652 0.060839 0.18394 1
0 0.467673 0.388932 0.0353577 0.204116 2
0 0.49675 0.206367 0.0260195 0.14959 3
0 0.657551 0.303783 0.0413215 0.10798 4
0 0.643108 0.541876 0.0550029 0.167634 5
0 0.54504 0.213864 0.0288378 0.0961914 6
0 0.836416 0.581735 0.0314423 0.180533 7
0 0.582078 0.189644 0.035878 0.133399 8
0 0.860892 0.501463 0.0262937 0.115111 9
0 0.818072 0.38928 0.0322296 0.115168 10
0 0.660767 0.479933 0.0484493 0.1493 11
0 0.881966 0.438309 0.0286656 0.0750925 12
0 0.539806 0.317957 0.0671024 0.152482 13
0 0.933811 0.632013 0.0227395 0.154126 14
0 0.60727 0.363092 0.0471699 0.130342 15
0 0.628778 0.26396 0.0410374 0.106984 16
0 0.640395 0.396321 0.0554202 0.103448 17
0 0.808709 0.483542 0.0535759 0.109863 18
0 0.74878 0.507342 0.0523859 0.132265 19
0 0.752864 0.435055 0.048315 0.0939148 20
0 0.532222 0.171055 0.0425621 0.106098 21
0 0.886639 0.638473 0.0450899 0.0845518 22
0 0.878583 0.586021 0.053768 0.0899339 23
0 0.937181 0.545903 0.0234109 0.0823289 24
0 0.889586 0.491173 0.0326042 0.0803815 25
0 0.808206 0.41082 0.0417543 0.081968 26
0 0.908795 0.556353 0.0388808 0.131238 27
