0 0.519524 0.542311 0.0619495 0.18547 1
0 0.465233 0.385618 0.0350544 0.215417 2
0 0.50468 0.245115 0.0330743 0.163296 3
0 0.640049 0.297462 0.0448941 0.0824913 4
0 0.640309 0.529257 0.0460891 0.164752 5
0 0.544919 0.220806 0.0292785 0.107582 6
0 0.839353 0.583053 0.029178 0.17778 7
0 0.569587 0.156194 0.0359452 0.120435 8
0 0.862278 0.422846 0.0331238 0.125176 9
0 0.827019 0.416554 0.0343117 0.144028 10
0 0.660135 0.490317 0.0542957 0.170548 11
0 0.879794 0.451629 0.0367506 0.0989715 12
0 0.539196 0.331905 0.0615291 0.161901 13
0 0.606987 0.360324 0.0485253 0.122769 15
0 0.640209 0.393087 0.0468034 0.0996027 17
0 0.8062 0.488617 0.0547775 0.125823 18
0 0.751791 0.512205 0.0535265 0.13423 19
0 0.747839 0.432841 0.0424852 0.0853558 20
0 0.532831 0.178399 0.0438866 0.114309 21
0 0.865987 0.545476 0.0355452 0.104155 23
0 0.893668 0.540749 0.0294873 0.125739 25
0 0.809092 0.416738 0.0393317 0.0810844 26
0 0.909252 0.540799 0.0246462 0.125893 27
0 0.934976 0.51825 0.0202067 0.0753918 24
0 0.871261 0.70125 0.0583256 0.153179 38
0 0.625148 0.275354 0.0414564 0.106095 16
0 0.936866 0.61747 0.0205826 0.157328 41
