0 0.520447 0.540819 0.059552 0.186438 1
0 0.464189 0.389883 0.0339113 0.215577 2
0 0.496307 0.213938 0.0253106 0.166252 3
0 0.659081 0.310144 0.0394474 0.124044 4
0 0.643727 0.538867 0.0542923 0.160241 5
0 0.545078 0.214367 0.0292574 0.0982065 6
0 0.836437 0.581312 0.0302576 0.17971 7
0 0.585776 0.199223 0.0330532 0.130135 8
0 0.861252 0.502631 0.0259705 0.116518 9
0 0.818645 0.388466 0.0321983 0.116431 10
0 0.662941 0.490644 0.0562393 0.153007 11
0 0.881937 0.440532 0.0295305 0.0796514 12
0 0.544971 0.318178 0.0617999 0.142525 13
0 0.932825 0.618675 0.0212762 0.156384 14
0 0.606708 0.358309 0.0449573 0.12043 15
0 0.631159 0.264392 0.035918 0.108388 16
0 0.632356 0.400283 0.0502873 0.109788 17
0 0.80851 0.486947 0.054052 0.115428 18
0 0.740506 0.50502 0.0570006 0.140311 19
0 0.754527 0.455618 0.047867 0.135045 20
0 0.532669 0.173131 0.0385497 0.102476 21
0 0.885562 0.64076 0.0463828 0.084604 22
0 0.879365 0.59201 0.0561889 0.0922348 23
0 0.938879 0.555671 0.0230365 0.102114 24
0 0.892228 0.486569 0.0349968 0.0774796 25
0 0.808974 0.409612 0.0421518 0.0853603 26
0 0.891207 0.545994 0.0411698 0.0977006 27
0 0.557342 0.176988 0.0307272 0.106842 28
