0 0.74791 0.50234 0.0561355 0.108399 1
0 0.517465 0.54279 0.0659152 0.184409 2
0 0.544677 0.311451 0.0655729 0.122442 3
0 0.872985 0.697847 0.0628581 0.12479 4
0 0.467364 0.388049 0.0344098 0.199895 5
0 0.662762 0.490765 0.0585422 0.148057 6
0 0.640391 0.531649 0.0607712 0.140942 7
0 0.883229 0.640558 0.0554825 0.0751616 8
0 0.545004 0.213171 0.0291537 0.0912178 9
0 0.607765 0.358262 0.052605 0.115578 10
0 0.498366 0.203175 0.0299489 0.138938 11
0 0.878102 0.582717 0.0527294 0.0666943 12
0 0.657931 0.304989 0.0400602 0.102586 13
0 0.541587 0.168147 0.0555065 0.0950388 14
0 0.890477 0.478868 0.0326032 0.0566877 15
0 0.862148 0.505116 0.0256757 0.117705 16
0 0.639295 0.400813 0.062421 0.101385 17
0 0.63324 0.262724 0.0440383 0.105401 18
0 0.882335 0.435711 0.0313691 0.0685014 19
0 0.809117 0.411449 0.043247 0.0768455 20
0 0.585034 0.19834 0.034187 0.122106 21
0 0.894727 0.555425 0.0452705 0.110307 22
0 0.809516 0.482146 0.0585181 0.0945662 23
0 0.836731 0.588522 0.0321415 0.178151 24
0 0.933241 0.613566 0.0247416 0.14043 25
0 0.968592 0.631631 0.032397 0.0914401 26
0 0.754405 0.454616 0.0491848 0.106884 27
0 0.817703 0.389105 0.0356783 0.109097 28
0 0.930421 0.389062 0.0194895 0.101402 29
0 0.922823 0.488569 0.0203171 0.0698129 30
0 0.93871 0.551577 0.0243748 0.0867664 31
0 0.907953 0.525925 0.0321911 0.082206 32
