0 0.746582 0.50045 0.0539227 0.111416 1
0 0.519146 0.542491 0.0623201 0.184013 2
0 0.538607 0.31523 0.0677932 0.13258 3
0 0.873115 0.696108 0.0631278 0.121781 4
0 0.468207 0.388779 0.0349443 0.201349 5
0 0.658356 0.478421 0.0563981 0.141158 6
0 0.643099 0.533062 0.0534772 0.141135 7
0 0.880866 0.636392 0.0574836 0.0769888 8
0 0.544811 0.219095 0.0294819 0.102754 9
0 0.608973 0.356991 0.0567902 0.113681 10
0 0.49855 0.202444 0.029747 0.139721 11
0 0.879106 0.578856 0.0520432 0.0634129 12
0 0.657166 0.303033 0.0404006 0.0989561 13
0 0.537451 0.164611 0.0504846 0.0864827 14
0 0.887776 0.47965 0.0268096 0.0555181 15
0 0.862521 0.495293 0.0269112 0.101238 16
0 0.64032 0.401522 0.059002 0.101675 17
0 0.630521 0.263346 0.045568 0.100224 18
0 0.882333 0.43274 0.0310964 0.0611878 19
0 0.809384 0.412715 0.0441415 0.0745227 20
0 0.574711 0.174829 0.0370445 0.111287 21
0 0.8837 0.533981 0.039264 0.0571536 22
0 0.809051 0.482401 0.0588657 0.0982296 23
0 0.837068 0.587021 0.0314882 0.179097 24
0 0.933379 0.63428 0.0263634 0.131245 25
0 0.966707 0.634594 0.040586 0.0664855 26
0 0.81832 0.392189 0.03922 0.114465 28
0 0.930191 0.388337 0.0190493 0.105462 29
0 0.922534 0.49066 0.0202024 0.0702234 30
0 0.937552 0.540932 0.0208217 0.0839237 31
0 0.907475 0.539821 0.0311547 0.111049 32
0 0.753734 0.460745 0.0505722 0.119002 34
