0 0.769866 0.508502 0.0391489 0.123248 1
0 0.513409 0.544122 0.0704989 0.183126 2
0 0.541088 0.318512 0.0706056 0.138793 3
0 0.84821 0.705604 0.0732599 0.110622 4
0 0.466776 0.39044 0.0352886 0.202712 5
0 0.657629 0.473636 0.0540752 0.140294 6
0 0.638712 0.519908 0.0479703 0.146372 7
0 0.882508 0.622448 0.0485225 0.0675631 8
0 0.544337 0.21755 0.0315794 0.105982 9
0 0.617696 0.352059 0.0529629 0.105276 10
0 0.717933 0.566831 0.0570346 0.122582 11
0 0.880731 0.58441 0.0496911 0.0603878 12
0 0.599794 0.285323 0.0638203 0.0699714 13
0 0.554099 0.160881 0.060367 0.090965 14
0 0.910682 0.562659 0.0327756 0.0847987 15
0 0.918035 0.376396 0.0269602 0.0790094 16
0 0.664961 0.420971 0.060169 0.119264 17
0 0.710402 0.379403 0.0599973 0.13141 18
0 0.87824 0.449425 0.040637 0.0880126 19
0 0.561116 0.130292 0.0420583 0.0592609 21
0 0.866237 0.53024 0.0361385 0.0757307 22
0 0.812633 0.494558 0.0498042 0.128406 23
0 0.836236 0.585896 0.0447217 0.159252 24
0 0.969641 0.625557 0.0319014 0.0823594 26
0 0.827921 0.412533 0.0347281 0.134403 28
0 0.908604 0.509459 0.038168 0.0716551 32
0 0.873777 0.674288 0.0535974 0.113807 35
0 0.750044 0.453043 0.0453879 0.108257 34
0 0.811006 0.417073 0.0463115 0.0722716 20
0 0.92245 0.643845 0.0423599 0.0955054 45
0 0.938829 0.514091 0.021929 0.0535996 29
0 0.94096 0.59868 0.0272321 0.161798 42
