0 0.768803 0.51078 0.0459077 0.126873 1
0 0.518576 0.542907 0.0638285 0.184576 2
0 0.537933 0.306072 0.0635309 0.115212 3
0 0.866059 0.701816 0.0671415 0.112452 4
0 0.466904 0.384786 0.0347157 0.199956 5
0 0.656304 0.477385 0.056702 0.14542 6
0 0.640966 0.520991 0.0454504 0.141733 7
0 0.877854 0.619826 0.0501632 0.0644481 8
0 0.545166 0.217343 0.0299392 0.101292 9
0 0.609227 0.353788 0.0552021 0.110397 10
0 0.560225 0.409302 0.0607053 0.17146 11
0 0.88088 0.576727 0.044123 0.05841 12
0 0.603588 0.290721 0.0654507 0.0807158 13
0 0.541092 0.171585 0.0607415 0.0955553 14
0 0.901064 0.563907 0.0356057 0.13345 15
0 0.917633 0.375949 0.0237234 0.0796646 16
0 0.659678 0.409156 0.0587746 0.112136 17
0 0.654482 0.290145 0.0291164 0.128267 18
0 0.876182 0.450455 0.0419671 0.0897665 19
0 0.568351 0.147826 0.0432138 0.0935989 21
0 0.866004 0.532215 0.0369551 0.0715691 22
0 0.813144 0.489096 0.0497084 0.121776 23
0 0.840443 0.592154 0.029761 0.180092 24
0 0.965798 0.628235 0.0398201 0.0865097 26
0 0.827406 0.408691 0.0355115 0.130154 28
0 0.93567 0.404804 0.0228454 0.11587 29
0 0.93719 0.524939 0.0227625 0.086192 31
0 0.909204 0.525838 0.0296264 0.0792825 32
0 0.934312 0.625777 0.0236687 0.129399 36
0 0.871218 0.647148 0.0558457 0.063149 35
0 0.747939 0.451711 0.0438556 0.1042 34
0 0.812416 0.418783 0.0461944 0.0718715 20
0 0.93164 0.498907 0.0197042 0.07033 40
