0 0.768646 0.504306 0.0385043 0.11182 1
0 0.503837 0.529334 0.07874 0.162498 2
0 0.541413 0.319566 0.0717695 0.139124 3
0 0.85078 0.706199 0.0689132 0.110994 4
0 0.46672 0.389431 0.0353244 0.201323 5
0 0.655533 0.476934 0.0576401 0.143 6
0 0.640214 0.517386 0.0455297 0.146858 7
0 0.882098 0.621597 0.0467275 0.0625457 8
0 0.544809 0.218367 0.0302021 0.104249 9
0 0.617812 0.351755 0.0548921 0.104018 10
0 0.722582 0.567035 0.0626083 0.113254 11
0 0.881555 0.582863 0.0492661 0.0615631 12
0 0.599654 0.287431 0.0628053 0.0736622 13
0 0.554397 0.16905 0.0617996 0.103771 14
0 0.912088 0.563528 0.0322807 0.0792679 15
0 0.917491 0.376405 0.0276434 0.0784488 16
0 0.664946 0.42665 0.0591752 0.122833 17
0 0.75018 0.389466 0.0510551 0.0948308 18
0 0.878612 0.44937 0.0389027 0.0890403 19
0 0.560174 0.129041 0.0441855 0.0597344 21
0 0.866566 0.531878 0.0363375 0.0735333 22
0 0.811725 0.488059 0.0520917 0.117833 23
0 0.832961 0.582651 0.0394238 0.165608 24
0 0.97157 0.630615 0.0291213 0.0930927 26
0 0.828963 0.409011 0.0364839 0.130923 28
0 0.909092 0.511081 0.0359855 0.0757171 32
0 0.873412 0.673863 0.0528749 0.113702 35
0 0.751135 0.447935 0.0456279 0.107528 34
0 0.812341 0.417491 0.0463053 0.072095 20
0 0.923169 0.634957 0.0432661 0.0834911 45
0 0.937493 0.519136 0.0221782 0.0589341 29
0 0.944688 0.614397 0.0306183 0.158684 42
