0 0.766688 0.508556 0.0438443 0.12776 1
0 0.517378 0.541951 0.0676129 0.181519 2
0 0.540575 0.317055 0.0667929 0.133407 3
0 0.869465 0.700841 0.0598413 0.114191 4
0 0.465907 0.375764 0.0348506 0.194019 5
0 0.659308 0.482142 0.0562757 0.150012 6
0 0.638489 0.52504 0.0503555 0.146142 7
0 0.879317 0.618995 0.0494314 0.0656857 8
0 0.544704 0.218075 0.0284896 0.105288 9
0 0.609241 0.358811 0.0582165 0.11528 10
0 0.500677 0.271284 0.0277244 0.164332 11
0 0.879051 0.57676 0.0446727 0.055233 12
0 0.622554 0.305225 0.0557568 0.0821471 13
0 0.540276 0.17042 0.0571582 0.0917302 14
0 0.89607 0.552427 0.03258 0.133191 15
0 0.891254 0.391558 0.0378345 0.0505547 16
0 0.649006 0.400019 0.0601737 0.0898798 17
0 0.648176 0.276005 0.0335859 0.143924 18
0 0.87587 0.449917 0.043894 0.0953501 19
0 0.568021 0.150494 0.0425962 0.0967609 21
0 0.866551 0.528927 0.0366733 0.061777 22
0 0.808451 0.492444 0.0477928 0.124265 23
0 0.840085 0.58902 0.0279242 0.166471 24
0 0.965841 0.626152 0.0396851 0.0831513 26
0 0.826614 0.410867 0.0355579 0.130294 28
0 0.928805 0.387338 0.0224546 0.106664 29
0 0.934868 0.522295 0.0269574 0.084382 31
0 0.908944 0.531552 0.028495 0.0973111 32
0 0.933863 0.626184 0.0247108 0.144742 36
0 0.87069 0.644841 0.0570674 0.0621348 35
0 0.752216 0.451973 0.04547 0.101293 34
0 0.810865 0.423879 0.047391 0.0771412 20
