0 0.759293 0.506295 0.0477488 0.113317 1
0 0.516937 0.544469 0.0675758 0.183676 2
0 0.537471 0.320141 0.0703921 0.138029 3
0 0.869766 0.700657 0.0596616 0.111334 4
0 0.465565 0.376485 0.0332709 0.19215 5
0 0.659807 0.485469 0.0549837 0.151537 6
0 0.639674 0.526013 0.0480819 0.148441 7
0 0.880172 0.619619 0.0492805 0.0662218 8
0 0.544675 0.218907 0.0294263 0.104523 9
0 0.608489 0.357902 0.0566558 0.116998 10
0 0.505166 0.222935 0.0327635 0.107056 11
0 0.878982 0.576433 0.0447636 0.0562755 12
0 0.630768 0.307224 0.0511538 0.0839178 13
0 0.540127 0.170268 0.057092 0.0941643 14
0 0.895071 0.550762 0.0334488 0.131391 15
0 0.876584 0.404027 0.0426744 0.0710266 16
0 0.646834 0.400586 0.0615885 0.0946487 17
0 0.638023 0.231846 0.0326802 0.0695026 18
0 0.875906 0.449268 0.0443476 0.0936011 19
0 0.568225 0.154604 0.0385314 0.103838 21
0 0.866624 0.528227 0.0374271 0.0619666 22
0 0.805391 0.487289 0.0507222 0.119149 23
0 0.840398 0.588117 0.0275453 0.168025 24
0 0.966216 0.626197 0.0387248 0.085491 26
0 0.826657 0.413814 0.035882 0.13378 28
0 0.930253 0.388218 0.0192762 0.105003 29
0 0.935687 0.522171 0.0258773 0.0805772 31
0 0.908488 0.530671 0.0282808 0.0950463 32
0 0.934655 0.619088 0.0264828 0.138896 36
0 0.870038 0.648183 0.0596125 0.0671165 35
0 0.748021 0.447537 0.0434699 0.0919597 34
0 0.810544 0.430869 0.0476377 0.0990731 38
