0 0.769424 0.508686 0.0411724 0.123594 1
0 0.515989 0.543366 0.0687036 0.183709 2
0 0.540145 0.321832 0.06848 0.145491 3
0 0.848608 0.705036 0.0718088 0.110643 4
0 0.467032 0.390991 0.0351933 0.203389 5
0 0.656165 0.473246 0.0569114 0.138865 6
0 0.639526 0.519232 0.0466833 0.146272 7
0 0.881861 0.621928 0.0491039 0.0670149 8
0 0.543196 0.217638 0.0333335 0.105933 9
0 0.618072 0.352734 0.0542693 0.105978 10
0 0.710774 0.567363 0.0648474 0.131607 11
0 0.8808 0.583714 0.0499328 0.0596352 12
0 0.599914 0.286078 0.0634431 0.0722001 13
0 0.554547 0.166285 0.061083 0.101104 14
0 0.909255 0.56044 0.0323563 0.0827002 15
0 0.918081 0.376501 0.0270616 0.0799729 16
0 0.662562 0.426854 0.0571949 0.134216 17
0 0.70341 0.363989 0.0699387 0.124613 18
0 0.877648 0.449634 0.0419015 0.0884455 19
0 0.567218 0.141718 0.0434704 0.0794426 21
0 0.865962 0.529972 0.0364303 0.0746935 22
0 0.813027 0.495407 0.0495456 0.130518 23
0 0.836801 0.584933 0.0433587 0.154274 24
0 0.965751 0.629026 0.0388526 0.083948 26
0 0.828001 0.41183 0.0345769 0.132597 28
0 0.937244 0.552614 0.0227755 0.0966907 31
0 0.910906 0.513606 0.0356476 0.0759519 32
0 0.873698 0.674928 0.0536599 0.115893 35
0 0.749046 0.452502 0.0481279 0.108566 34
0 0.810905 0.418144 0.047055 0.0722549 20
0 0.922688 0.65339 0.0423512 0.109218 45
0 0.938774 0.520867 0.0260115 0.0664247 29
