0 0.769593 0.511235 0.0422249 0.129623 1
0 0.517379 0.542049 0.0661108 0.185365 2
0 0.538649 0.324922 0.0643972 0.152038 3
0 0.857982 0.70315 0.0680387 0.104212 4
0 0.467722 0.386039 0.0339413 0.203825 5
0 0.657378 0.477123 0.0564671 0.142809 6
0 0.641472 0.508911 0.045219 0.12295 7
0 0.875552 0.620725 0.0549389 0.0681837 8
0 0.543429 0.219153 0.033229 0.105823 9
0 0.611486 0.359112 0.0594051 0.115714 10
0 0.625493 0.565149 0.0855194 0.177924 11
0 0.882151 0.580773 0.0471914 0.0597684 12
0 0.600662 0.287335 0.0653402 0.0754737 13
0 0.543577 0.171555 0.0645179 0.095086 14
0 0.91172 0.561989 0.0317282 0.0810473 15
0 0.918055 0.372378 0.0251435 0.0713585 16
0 0.663915 0.421742 0.0582393 0.124185 17
0 0.653566 0.291602 0.0279945 0.128093 18
0 0.875461 0.448415 0.0438424 0.0875873 19
0 0.569005 0.148046 0.0443007 0.0927831 21
0 0.864971 0.52763 0.0362758 0.0794561 22
0 0.813527 0.491583 0.0500737 0.123673 23
0 0.841364 0.590419 0.0301689 0.1775 24
0 0.965473 0.627531 0.039922 0.0827441 26
0 0.827526 0.409712 0.0350007 0.129027 28
0 0.922161 0.4286 0.0269025 0.0916184 29
0 0.935387 0.536204 0.0259197 0.100441 31
0 0.904333 0.516038 0.0362989 0.0604991 32
0 0.92929 0.652915 0.0293951 0.131576 36
0 0.871756 0.656493 0.0575661 0.0810112 35
0 0.747835 0.453507 0.0455248 0.103896 34
0 0.811817 0.418351 0.0454355 0.0694434 20
