0 0.768511 0.5117 0.0450114 0.128109 1
0 0.517996 0.543146 0.0647802 0.184244 2
0 0.538383 0.310894 0.0637629 0.124163 3
0 0.865717 0.702956 0.0675271 0.110777 4
0 0.467524 0.386792 0.0338339 0.204842 5
0 0.656191 0.476606 0.058172 0.14375 6
0 0.641012 0.520994 0.0450239 0.142022 7
0 0.876183 0.619384 0.0529497 0.0648571 8
0 0.544777 0.218617 0.0307043 0.103818 9
0 0.610217 0.3521 0.0578891 0.107053 10
0 0.569798 0.445059 0.0605846 0.184875 11
0 0.882948 0.580021 0.0437905 0.0581956 12
0 0.601413 0.292332 0.0663012 0.0858168 13
0 0.540282 0.171737 0.0596577 0.0959808 14
0 0.906874 0.565505 0.0344912 0.0937308 15
0 0.91754 0.375217 0.0254029 0.0786848 16
0 0.66244 0.421141 0.0585605 0.129034 17
0 0.6544 0.291803 0.0289121 0.129483 18
0 0.876258 0.44997 0.0417112 0.0897358 19
0 0.568462 0.147673 0.0429866 0.0939448 21
0 0.865964 0.534016 0.0357921 0.0745785 22
0 0.813432 0.488258 0.0503477 0.120127 23
0 0.84105 0.587265 0.0306628 0.175487 24
0 0.966204 0.628489 0.0389052 0.0858534 26
0 0.827595 0.408808 0.035044 0.130174 28
0 0.933855 0.419734 0.0345692 0.0992138 29
0 0.936728 0.527328 0.023329 0.0903929 31
0 0.905162 0.513356 0.0367401 0.0622995 32
0 0.934689 0.628255 0.0238094 0.130148 36
0 0.870511 0.647853 0.0576902 0.0632622 35
0 0.74888 0.45174 0.0458633 0.104069 34
0 0.813061 0.417782 0.0449493 0.069576 20
