0 0.770885 0.500031 0.0389933 0.101577 1
0 0.503049 0.530233 0.080751 0.162908 2
0 0.543012 0.320938 0.0749125 0.139703 3
0 0.850502 0.705598 0.0689154 0.109698 4
0 0.466749 0.391805 0.0355382 0.206291 5
0 0.65534 0.474868 0.0571556 0.139418 6
0 0.64003 0.516684 0.0460126 0.148009 7
0 0.882775 0.622003 0.0439493 0.0596816 8
0 0.544384 0.218881 0.0292581 0.102509 9
0 0.618713 0.350608 0.056367 0.102936 10
0 0.734787 0.571123 0.0645834 0.120831 11
0 0.882414 0.579656 0.0468652 0.059105 12
0 0.599358 0.285963 0.0631333 0.0707748 13
0 0.555696 0.174148 0.0622264 0.108584 14
0 0.911991 0.563599 0.0312321 0.0765553 15
0 0.91775 0.376578 0.0277882 0.078232 16
0 0.665431 0.430605 0.0601056 0.128804 17
0 0.751446 0.390791 0.0509762 0.0956102 18
0 0.87863 0.449827 0.039139 0.0899261 19
0 0.5621 0.132887 0.0439247 0.0648672 21
0 0.864126 0.538158 0.0325144 0.0761501 22
0 0.811696 0.48609 0.0528775 0.113985 23
0 0.835401 0.5805 0.0435301 0.163247 24
0 0.972671 0.631125 0.0273675 0.0955169 26
0 0.829405 0.406701 0.0378735 0.128876 28
0 0.909501 0.511376 0.0356732 0.0776275 32
0 0.869692 0.674523 0.0593814 0.115566 35
0 0.75005 0.451253 0.0429117 0.102183 34
0 0.812875 0.418144 0.0468101 0.0749063 20
0 0.923673 0.634711 0.042608 0.0828819 45
0 0.935902 0.522212 0.0252661 0.0682874 29
0 0.946293 0.614888 0.0329734 0.149428 42
0 0.846781 0.58004 0.0666797 0.164888 46
0 0.854843 0.560128 0.0507369 0.121552 47
