0 0.773292 0.507091 0.0456546 0.0967906 1
0 0.501838 0.530047 0.0840606 0.163766 2
0 0.542891 0.320043 0.0732693 0.1375 3
0 0.847338 0.708828 0.0713841 0.106927 4
0 0.466761 0.390784 0.0352697 0.204226 5
0 0.655368 0.473379 0.05775 0.138318 6
0 0.635179 0.519472 0.0595519 0.153153 7
0 0.881232 0.619941 0.0416821 0.0578814 8
0 0.544318 0.219005 0.0288403 0.102324 9
0 0.61806 0.351188 0.0561761 0.104508 10
0 0.752446 0.581752 0.0679549 0.111087 11
0 0.880587 0.580878 0.0508999 0.062372 12
0 0.599817 0.285826 0.0636199 0.0710886 13
0 0.558252 0.175881 0.0601671 0.104751 14
0 0.911538 0.563546 0.0323083 0.0784594 15
0 0.917745 0.376828 0.0275958 0.0779889 16
0 0.665884 0.429625 0.0622568 0.127261 17
0 0.751512 0.393157 0.0504169 0.102226 18
0 0.878545 0.449062 0.0393954 0.0885372 19
0 0.564826 0.134858 0.0459022 0.0671628 21
0 0.862979 0.534236 0.0308766 0.0763154 22
0 0.811862 0.479862 0.0532587 0.106183 23
0 0.972712 0.632597 0.0270761 0.0957566 26
0 0.830173 0.402885 0.0394735 0.121934 28
0 0.909965 0.511711 0.035998 0.0788229 32
0 0.866204 0.67021 0.0600299 0.117942 35
0 0.750916 0.453666 0.0414768 0.102125 34
0 0.813389 0.417018 0.0447064 0.074557 20
0 0.922096 0.636764 0.0477389 0.0823667 45
0 0.935583 0.524161 0.0267204 0.0754098 29
0 0.946662 0.621256 0.0336217 0.150363 42
0 0.846404 0.576982 0.0641796 0.16308 46
0 0.849637 0.544326 0.0578567 0.09765 47
0 0.833888 0.576201 0.0386589 0.156525 24
