0 0.761129 0.507255 0.0465296 0.116537 1
0 0.516895 0.544323 0.0677408 0.183787 2
0 0.536119 0.319245 0.0733247 0.137102 3
0 0.869623 0.700695 0.0599152 0.112692 4
0 0.465596 0.376708 0.0333555 0.193332 5
0 0.659806 0.48585 0.054745 0.153652 6
0 0.639502 0.52816 0.0485807 0.152801 7
0 0.880292 0.619485 0.0490409 0.0662568 8
0 0.544654 0.218206 0.0294259 0.103184 9
0 0.609056 0.357932 0.0561476 0.116464 10
0 0.505492 0.221494 0.0320157 0.0984207 11
0 0.878861 0.576737 0.0451088 0.0558057 12
0 0.630568 0.307609 0.051919 0.0854699 13
0 0.539432 0.170819 0.0557174 0.0953922 14
0 0.89515 0.550922 0.0339022 0.131403 15
0 0.87873 0.402245 0.0447098 0.0699811 16
0 0.64716 0.400277 0.0616983 0.0939852 17
0 0.641194 0.244889 0.0378512 0.0980848 18
0 0.875867 0.449628 0.0447816 0.0948008 19
0 0.568594 0.15022 0.0391833 0.0958876 21
0 0.866527 0.529064 0.0371738 0.062253 22
0 0.805827 0.485748 0.0500918 0.116015 23
0 0.840503 0.589353 0.0274033 0.169396 24
0 0.966137 0.626063 0.0390223 0.0850339 26
0 0.82662 0.412965 0.035887 0.132975 28
0 0.930158 0.388179 0.0192121 0.10529 29
0 0.935744 0.522901 0.0257903 0.0819066 31
0 0.908557 0.530911 0.028369 0.0946176 32
0 0.934366 0.620755 0.0264264 0.139336 36
0 0.870162 0.648122 0.0595379 0.0672803 35
0 0.748049 0.449465 0.0453715 0.0971184 34
0 0.811339 0.441184 0.0481772 0.117976 38
