0 0.74777 0.500425 0.055942 0.111931 1
0 0.517632 0.54231 0.0654021 0.184781 2
0 0.53826 0.314577 0.0677725 0.138906 3
0 0.873399 0.695154 0.0617737 0.121723 4
0 0.467986 0.386782 0.0347043 0.197739 5
0 0.659755 0.478982 0.0530745 0.141548 6
0 0.642873 0.532307 0.0545973 0.139071 7
0 0.881167 0.635353 0.0568154 0.0773269 8
0 0.544911 0.21673 0.0294491 0.0992562 9
0 0.608195 0.357843 0.0547976 0.115357 10
0 0.499744 0.198866 0.0323252 0.131948 11
0 0.879195 0.579332 0.0517241 0.0657065 12
0 0.65694 0.302512 0.0419225 0.0975018 13
0 0.537158 0.165999 0.0486648 0.0899422 14
0 0.887729 0.477752 0.0289422 0.0521671 15
0 0.862169 0.493806 0.0257204 0.100252 16
0 0.639533 0.400555 0.0575662 0.102395 17
0 0.631268 0.263039 0.0457984 0.100922 18
0 0.882337 0.431834 0.0307738 0.0606715 19
0 0.809404 0.412557 0.0432291 0.074703 20
0 0.576136 0.177682 0.0337702 0.111921 21
0 0.885125 0.532087 0.0412344 0.0628592 22
0 0.808941 0.483886 0.0590893 0.100132 23
0 0.837585 0.59079 0.0320556 0.18013 24
0 0.933955 0.626416 0.0235131 0.141509 25
0 0.964065 0.63345 0.0428633 0.0690111 26
0 0.818 0.392805 0.0381638 0.115625 28
0 0.929933 0.388697 0.0196432 0.10571 29
0 0.922718 0.488875 0.0201879 0.0670745 30
0 0.937901 0.535319 0.0208447 0.0719493 31
0 0.907078 0.544387 0.0332073 0.120602 32
