0 0.745633 0.500912 0.0528971 0.110823 1
0 0.518713 0.542459 0.0630001 0.183994 2
0 0.537332 0.315494 0.0654421 0.130463 3
0 0.872955 0.701967 0.0626146 0.133683 4
0 0.468063 0.386863 0.033981 0.199542 5
0 0.655919 0.47824 0.0610475 0.140726 6
0 0.642599 0.531902 0.0558182 0.139902 7
0 0.88346 0.632883 0.0518585 0.0749939 8
0 0.544269 0.218692 0.0294921 0.103078 9
0 0.608343 0.358155 0.0542557 0.117329 10
0 0.500299 0.215147 0.0272044 0.140092 11
0 0.879036 0.582353 0.0472819 0.0600404 12
0 0.650024 0.303253 0.0426565 0.0865932 13
0 0.536473 0.165725 0.0494876 0.0861391 14
0 0.885629 0.49335 0.0205139 0.0803457 15
0 0.861633 0.471503 0.0294856 0.0693275 16
0 0.640298 0.399424 0.0548477 0.102032 17
0 0.630193 0.258486 0.0451104 0.0922842 18
0 0.882331 0.435325 0.030577 0.0661891 19
0 0.807919 0.411821 0.0441532 0.0746517 20
0 0.572563 0.164722 0.040222 0.111616 21
0 0.867925 0.532645 0.0393475 0.0705142 22
0 0.80689 0.482336 0.0550357 0.100412 23
0 0.836888 0.587343 0.0336682 0.172543 24
0 0.918253 0.687592 0.033301 0.104899 25
0 0.962651 0.628761 0.0465053 0.086478 26
0 0.824148 0.401759 0.0355985 0.121791 28
0 0.929573 0.387981 0.0203581 0.103055 29
0 0.922682 0.490263 0.0217329 0.0691205 30
0 0.935268 0.552005 0.0232783 0.114882 31
0 0.907361 0.541899 0.0305467 0.11081 32
0 0.754036 0.443297 0.0481651 0.087003 34
