0 0.76909 0.510435 0.0440461 0.12891 1
0 0.519088 0.542723 0.0618823 0.184779 2
0 0.539388 0.328568 0.0656956 0.158721 3
0 0.849989 0.703934 0.0718428 0.113124 4
0 0.467869 0.382856 0.0338556 0.197889 5
0 0.656644 0.475979 0.0572581 0.140271 6
0 0.639951 0.515086 0.0468286 0.13627 7
0 0.880684 0.622802 0.0501255 0.0724315 8
0 0.541144 0.219703 0.0384477 0.108336 9
0 0.618451 0.355104 0.0601703 0.110822 10
0 0.672882 0.611555 0.0758594 0.138792 11
0 0.881479 0.579632 0.0497679 0.0558333 12
0 0.599748 0.292268 0.064501 0.0846988 13
0 0.554096 0.168262 0.0624219 0.106755 14
0 0.912379 0.563865 0.0298624 0.0803144 15
0 0.917751 0.376155 0.0264129 0.0782404 16
0 0.661897 0.418726 0.055829 0.114511 17
0 0.650888 0.293467 0.0261775 0.12944 18
0 0.876276 0.448931 0.0432493 0.0859185 19
0 0.569883 0.14584 0.041006 0.0882582 21
0 0.865064 0.528526 0.03619 0.0763544 22
0 0.813203 0.488485 0.0500335 0.119551 23
0 0.840569 0.583748 0.0314284 0.16446 24
0 0.964898 0.628065 0.0404392 0.0851612 26
0 0.828351 0.411555 0.0348804 0.132091 28
0 0.919017 0.461417 0.023466 0.100079 29
0 0.937395 0.541145 0.021834 0.107566 31
0 0.906291 0.518072 0.0369196 0.0591329 32
0 0.874893 0.675649 0.0508119 0.118138 35
0 0.748528 0.454108 0.0472748 0.105367 34
0 0.813164 0.421282 0.0456078 0.0756693 20
0 0.928471 0.634559 0.0309454 0.0804407 42
