0 0.770021 0.513383 0.0420243 0.13257 1
0 0.516738 0.541298 0.0670425 0.18286 2
0 0.539507 0.323269 0.0659266 0.148144 3
0 0.853047 0.700927 0.0696751 0.111728 4
0 0.46772 0.386333 0.0345714 0.204412 5
0 0.656486 0.477279 0.0586846 0.141835 6
0 0.640667 0.501159 0.0462021 0.109625 7
0 0.875841 0.621181 0.0555208 0.0675272 8
0 0.542974 0.219228 0.0338963 0.105311 9
0 0.611521 0.359613 0.0610811 0.114412 10
0 0.644154 0.590644 0.0928455 0.14274 11
0 0.880835 0.580119 0.0498876 0.0574794 12
0 0.60048 0.287899 0.0644262 0.0769356 13
0 0.549175 0.174693 0.06198 0.103161 14
0 0.912191 0.56421 0.0310143 0.0854851 15
0 0.918419 0.374656 0.0252009 0.0748521 16
0 0.663503 0.422545 0.0561873 0.12523 17
0 0.653117 0.291359 0.0287244 0.125087 18
0 0.876428 0.448017 0.0425481 0.0861041 19
0 0.568974 0.147496 0.0420072 0.0897672 21
0 0.863887 0.527303 0.0365178 0.078402 22
0 0.813099 0.489356 0.0495641 0.120093 23
0 0.840471 0.588827 0.0299304 0.170838 24
0 0.965149 0.628903 0.0403442 0.0862509 26
0 0.827842 0.410394 0.0351904 0.129308 28
0 0.921095 0.438565 0.0230545 0.100109 29
0 0.935644 0.538532 0.0252042 0.103862 31
0 0.904509 0.515209 0.0354752 0.060346 32
0 0.929129 0.657664 0.0287629 0.135518 36
0 0.873303 0.665438 0.0542444 0.0990738 35
0 0.746444 0.453118 0.0418148 0.105348 34
0 0.812193 0.418624 0.0468931 0.0702802 20
