0 0.751759 0.504105 0.0590011 0.108811 1
0 0.518222 0.544588 0.0647597 0.184119 2
0 0.53843 0.327154 0.0663941 0.149742 3
0 0.870941 0.701425 0.0597796 0.115565 4
0 0.465759 0.382112 0.0327299 0.202688 5
0 0.658146 0.482993 0.0586107 0.148132 6
0 0.639959 0.523221 0.0480016 0.142057 7
0 0.879651 0.618939 0.0495118 0.0647468 8
0 0.544596 0.219453 0.0302964 0.105609 9
0 0.607153 0.357719 0.0547125 0.11573 10
0 0.504849 0.224532 0.0345577 0.118391 11
0 0.879247 0.575053 0.0435859 0.0545911 12
0 0.63804 0.305253 0.049497 0.0818726 13
0 0.536771 0.166676 0.0505823 0.0868995 14
0 0.892517 0.527322 0.0315144 0.095084 15
0 0.862022 0.402495 0.030794 0.0743428 16
0 0.643493 0.397278 0.0602204 0.0980766 17
0 0.631019 0.251158 0.0439121 0.0824936 18
0 0.876929 0.448594 0.0416785 0.0916055 19
0 0.809162 0.41401 0.045119 0.0734804 20
0 0.56996 0.154403 0.0398112 0.0962511 21
0 0.866196 0.527435 0.0369282 0.0617239 22
0 0.80682 0.487054 0.0538273 0.114965 23
0 0.839022 0.588112 0.0289469 0.172476 24
0 0.964218 0.627837 0.0423044 0.0867869 26
0 0.826124 0.412217 0.0358364 0.131633 28
0 0.929401 0.389217 0.0201488 0.105128 29
0 0.933641 0.521013 0.0294415 0.077871 31
0 0.908551 0.537063 0.0282505 0.113736 32
0 0.93344 0.594492 0.024467 0.127971 36
0 0.870088 0.64536 0.0576159 0.0633161 35
0 0.752338 0.433378 0.0468183 0.0635324 34
