0 0.769318 0.510766 0.0433261 0.127517 1
0 0.519194 0.543232 0.0615624 0.184479 2
0 0.539392 0.328748 0.0654858 0.159161 3
0 0.850201 0.705361 0.0709795 0.113946 4
0 0.46791 0.38391 0.0338086 0.199799 5
0 0.656712 0.476894 0.0563629 0.143587 6
0 0.640368 0.51833 0.0480066 0.144298 7
0 0.881784 0.620628 0.0478465 0.0654827 8
0 0.54057 0.218991 0.0391361 0.109199 9
0 0.618317 0.355248 0.0594963 0.109898 10
0 0.678585 0.610565 0.0701617 0.143354 11
0 0.881225 0.581354 0.049853 0.0565763 12
0 0.599649 0.289694 0.06346 0.0794993 13
0 0.554206 0.170323 0.0608845 0.108619 14
0 0.911713 0.56669 0.0312104 0.0856444 15
0 0.91777 0.376557 0.0273855 0.0795899 16
0 0.662889 0.425021 0.0569192 0.124679 17
0 0.663387 0.317171 0.0362991 0.1328 18
0 0.876191 0.449462 0.0431556 0.086815 19
0 0.569828 0.14516 0.0406353 0.0866786 21
0 0.865885 0.529263 0.0363055 0.0744324 22
0 0.812741 0.492664 0.0492198 0.126402 23
0 0.840459 0.587438 0.0341499 0.161345 24
0 0.964913 0.628529 0.0404979 0.0861794 26
0 0.828073 0.412463 0.034598 0.134624 28
0 0.924383 0.498714 0.0226171 0.109593 29
0 0.939099 0.540389 0.0184352 0.108887 31
0 0.909164 0.520463 0.0385436 0.0661552 32
0 0.87283 0.673594 0.0537579 0.114716 35
0 0.747777 0.453992 0.0460994 0.106034 34
0 0.812229 0.41863 0.0454239 0.0713644 20
0 0.928818 0.634144 0.0295705 0.0798094 42
