0 0.767951 0.509821 0.0393465 0.1238 1
0 0.504906 0.529052 0.0780037 0.161238 2
0 0.541626 0.318789 0.0720102 0.137934 3
0 0.849648 0.705306 0.0716678 0.109419 4
0 0.466632 0.390128 0.0352181 0.202952 5
0 0.655771 0.476271 0.0573651 0.141842 6
0 0.639786 0.514973 0.0466959 0.142973 7
0 0.881756 0.621804 0.0476327 0.0631641 8
0 0.54464 0.218842 0.0304105 0.105032 9
0 0.617973 0.351142 0.055247 0.103688 10
0 0.719064 0.566408 0.061266 0.115306 11
0 0.88085 0.583429 0.0498298 0.0608722 12
0 0.599618 0.287264 0.0627766 0.073769 13
0 0.554035 0.165602 0.061596 0.0983107 14
0 0.911854 0.563628 0.0329202 0.0803897 15
0 0.917821 0.37649 0.0274559 0.078135 16
0 0.664927 0.427026 0.0588274 0.122101 17
0 0.74741 0.388083 0.0489717 0.0997556 18
0 0.8787 0.448532 0.0389509 0.0874976 19
0 0.56001 0.128886 0.0440202 0.0600659 21
0 0.866961 0.529182 0.0372889 0.0750036 22
0 0.811909 0.490145 0.0526589 0.121151 23
0 0.833643 0.58473 0.0417537 0.163366 24
0 0.971771 0.628291 0.0289662 0.0880862 26
0 0.828714 0.410607 0.0359069 0.132969 28
0 0.908668 0.510553 0.0361497 0.0749999 32
0 0.873316 0.674762 0.0538231 0.114972 35
0 0.750777 0.446984 0.0448961 0.105616 34
0 0.811592 0.417338 0.0458683 0.0712537 20
0 0.923137 0.635556 0.0426882 0.0833663 45
0 0.93761 0.516412 0.02167 0.0575589 29
0 0.944334 0.612422 0.0313023 0.160362 42
