0 0.768355 0.51197 0.0424605 0.130226 1
0 0.516721 0.542645 0.0679333 0.184591 2
0 0.538763 0.325969 0.0650878 0.155355 3
0 0.86602 0.704072 0.0678792 0.107662 4
0 0.467573 0.387189 0.0335128 0.206178 5
0 0.65628 0.476969 0.0590426 0.144637 6
0 0.641461 0.517074 0.04538 0.136856 7
0 0.875393 0.619189 0.0541366 0.0649526 8
0 0.54412 0.218886 0.0316282 0.104562 9
0 0.610241 0.35508 0.0582759 0.109954 10
0 0.597689 0.496733 0.0580923 0.183655 11
0 0.883124 0.581446 0.0453583 0.0589203 12
0 0.600716 0.290355 0.0654906 0.0807026 13
0 0.541089 0.171569 0.0615595 0.0948625 14
0 0.911 0.560974 0.0318013 0.0792474 15
0 0.917774 0.375007 0.0251834 0.0776817 16
0 0.663438 0.421363 0.0587279 0.12557 17
0 0.653519 0.291891 0.0278402 0.130047 18
0 0.875249 0.449792 0.0439054 0.08937 19
0 0.569006 0.148041 0.0440435 0.0934342 21
0 0.865355 0.533296 0.035893 0.0773932 22
0 0.813342 0.489013 0.0505343 0.118941 23
0 0.841118 0.588939 0.0298409 0.174671 24
0 0.966404 0.62899 0.0384965 0.0863351 26
0 0.827336 0.408831 0.0350165 0.1297 28
0 0.928131 0.423571 0.0340472 0.0830597 29
0 0.935698 0.528653 0.0253142 0.087268 31
0 0.904462 0.514241 0.0364692 0.0577988 32
0 0.934808 0.630652 0.0228167 0.129937 36
0 0.871244 0.64823 0.0569567 0.0640674 35
0 0.749909 0.45172 0.048688 0.10146 34
0 0.812007 0.417663 0.0446568 0.0689621 20
