0 0.751394 0.503499 0.0585847 0.108105 1
0 0.517552 0.54454 0.0659843 0.184667 2
0 0.538424 0.327524 0.0663545 0.150532 3
0 0.870852 0.701894 0.0596951 0.116394 4
0 0.465825 0.382094 0.0327559 0.20262 5
0 0.657942 0.483563 0.0592239 0.148911 6
0 0.640083 0.52355 0.0480406 0.141431 7
0 0.879543 0.618919 0.0496605 0.0646705 8
0 0.544562 0.219311 0.0301942 0.105476 9
0 0.607205 0.357761 0.054941 0.115698 10
0 0.504818 0.224502 0.0344523 0.118348 11
0 0.879283 0.575097 0.0436275 0.0547166 12
0 0.637972 0.305319 0.0500983 0.081753 13
0 0.537127 0.166773 0.0512145 0.0874261 14
0 0.89247 0.52677 0.0315676 0.0951755 15
0 0.861652 0.403246 0.030588 0.0741849 16
0 0.643468 0.396751 0.0599587 0.0975708 17
0 0.630782 0.251462 0.0435631 0.0827271 18
0 0.876908 0.448543 0.0416302 0.0914566 19
0 0.809145 0.413983 0.0451427 0.0733462 20
0 0.57006 0.155734 0.0394809 0.098813 21
0 0.866166 0.527393 0.0369795 0.0615636 22
0 0.806784 0.486935 0.0541646 0.114383 23
0 0.838985 0.588416 0.0290556 0.17179 24
0 0.963988 0.627865 0.042662 0.0869357 26
0 0.826096 0.411746 0.03597 0.131159 28
0 0.929393 0.389229 0.0201521 0.105116 29
0 0.933652 0.520884 0.0294694 0.0776083 31
0 0.908531 0.538104 0.0281341 0.116164 32
0 0.933378 0.592222 0.0240697 0.125342 36
0 0.87003 0.645117 0.0576548 0.0630557 35
0 0.752104 0.433106 0.0464436 0.0631024 34
