0 0.7494 0.501688 0.0565182 0.10794 1
0 0.516465 0.544208 0.0678216 0.184623 2
0 0.538434 0.330489 0.0659688 0.155727 3
0 0.870572 0.703198 0.0597613 0.118406 4
0 0.466922 0.379194 0.0334803 0.195556 5
0 0.657814 0.482733 0.0600013 0.145776 6
0 0.639892 0.531424 0.0491407 0.152539 7
0 0.879475 0.619793 0.0498013 0.0666562 8
0 0.544674 0.220139 0.0299802 0.105984 9
0 0.607383 0.357942 0.0550337 0.115159 10
0 0.504587 0.22454 0.0342629 0.118386 11
0 0.879299 0.5754 0.0440668 0.0554425 12
0 0.638528 0.305457 0.0500033 0.0809044 13
0 0.53781 0.166891 0.0520209 0.0875344 14
0 0.891447 0.524929 0.0329135 0.0955047 15
0 0.859279 0.424924 0.0299563 0.107754 16
0 0.641774 0.396977 0.0561703 0.0969102 17
0 0.629326 0.251636 0.043253 0.0847249 18
0 0.876317 0.448759 0.0425594 0.0912942 19
0 0.80887 0.413614 0.045156 0.0732483 20
0 0.571511 0.153357 0.0388269 0.0912009 21
0 0.865932 0.527521 0.0374896 0.0628107 22
0 0.806976 0.487793 0.0547035 0.114657 23
0 0.839222 0.588963 0.02926 0.16761 24
0 0.963572 0.62814 0.0436172 0.0865577 26
0 0.825562 0.405442 0.0351423 0.1207 28
0 0.929772 0.388993 0.0200053 0.104934 29
0 0.933608 0.521955 0.029802 0.0793579 31
0 0.908738 0.54153 0.0270812 0.124799 32
0 0.931695 0.587603 0.0242386 0.129643 36
0 0.870577 0.644658 0.0558143 0.0626785 35
0 0.752638 0.431441 0.0473803 0.0622046 34
