0 0.770303 0.509275 0.0418544 0.12647 1
0 0.517238 0.5441 0.0666297 0.182041 2
0 0.539531 0.307968 0.0664871 0.119827 3
0 0.865808 0.701465 0.0677809 0.112562 4
0 0.46626 0.380972 0.0348778 0.19858 5
0 0.656521 0.474426 0.0557255 0.140936 6
0 0.639191 0.521678 0.047088 0.143169 7
0 0.878494 0.623315 0.0512712 0.0733312 8
0 0.545117 0.21717 0.0290879 0.0998586 9
0 0.609036 0.357423 0.055884 0.114711 10
0 0.509947 0.346547 0.0611514 0.153038 11
0 0.879761 0.577621 0.0443822 0.0576442 12
0 0.609647 0.294716 0.064283 0.0780399 13
0 0.539532 0.172091 0.0577484 0.0972132 14
0 0.899294 0.563454 0.0324619 0.139323 15
0 0.908274 0.387571 0.0257604 0.0694902 16
0 0.656059 0.405413 0.05867 0.106792 17
0 0.653825 0.289398 0.0305588 0.130184 18
0 0.876879 0.450409 0.0411159 0.091717 19
0 0.568031 0.145845 0.0442966 0.0915971 21
0 0.867243 0.529727 0.0368605 0.0647061 22
0 0.814152 0.488522 0.0486709 0.115467 23
0 0.839923 0.582327 0.0294545 0.153758 24
0 0.965809 0.628557 0.0398156 0.0862437 26
0 0.826659 0.407431 0.0354347 0.127524 28
0 0.930854 0.380341 0.0192041 0.114033 29
0 0.936888 0.519563 0.0232294 0.0938668 31
0 0.908244 0.525058 0.0289988 0.0839103 32
0 0.934121 0.629471 0.0244644 0.139607 36
0 0.870513 0.644799 0.0557488 0.0616098 35
0 0.749699 0.453469 0.0485404 0.10265 34
0 0.811636 0.417984 0.0451023 0.069967 20
