0 0.748033 0.500651 0.056836 0.112479 1
0 0.517503 0.542522 0.0652638 0.183824 2
0 0.541869 0.310428 0.0662463 0.127076 3
0 0.871678 0.695212 0.0652647 0.12156 4
0 0.467627 0.385936 0.0345255 0.197096 5
0 0.659893 0.481005 0.0529989 0.143144 6
0 0.643119 0.534737 0.0550439 0.14351 7
0 0.883217 0.63627 0.0539457 0.0773343 8
0 0.544918 0.214543 0.0296234 0.0941713 9
0 0.608385 0.35886 0.0531956 0.115643 10
0 0.499758 0.199562 0.0325759 0.132483 11
0 0.879777 0.580048 0.0526174 0.0660336 12
0 0.658098 0.30395 0.0399133 0.100401 13
0 0.538876 0.165926 0.0524377 0.0926708 14
0 0.888968 0.482396 0.0314466 0.0631388 15
0 0.862281 0.498975 0.025624 0.109036 16
0 0.639997 0.400628 0.0572931 0.0985491 17
0 0.632398 0.262936 0.0488235 0.104538 18
0 0.882296 0.434167 0.0305097 0.0656292 19
0 0.80911 0.412306 0.0433658 0.0759241 20
0 0.58299 0.191303 0.0378831 0.11511 21
0 0.896123 0.553102 0.0456111 0.098103 22
0 0.809652 0.481311 0.0597613 0.0944928 23
0 0.837685 0.58667 0.0332867 0.173944 24
0 0.933995 0.62759 0.0236604 0.143939 25
0 0.965222 0.634377 0.0387268 0.0760213 26
0 0.817428 0.38893 0.0365312 0.109078 28
0 0.930161 0.388443 0.018854 0.103057 29
0 0.92263 0.488724 0.021113 0.0689167 30
0 0.938164 0.542038 0.0235961 0.0740744 31
0 0.906971 0.520932 0.0322495 0.0734359 32
