0 0.748284 0.500858 0.0569094 0.110748 1
0 0.517702 0.542499 0.0652592 0.183916 2
0 0.542662 0.311237 0.0647525 0.125279 3
0 0.872918 0.695216 0.0630698 0.121411 4
0 0.467739 0.388118 0.0346096 0.201289 5
0 0.660985 0.487833 0.0562615 0.151601 6
0 0.641342 0.531698 0.0591846 0.138849 7
0 0.882408 0.637016 0.0554832 0.0758064 8
0 0.544971 0.214356 0.0295443 0.0946544 9
0 0.608212 0.358924 0.0533512 0.116039 10
0 0.499071 0.201583 0.0309174 0.136622 11
0 0.878756 0.579283 0.0511823 0.0672226 12
0 0.65858 0.304033 0.0390131 0.10069 13
0 0.540299 0.166745 0.0547022 0.0948864 14
0 0.888926 0.479846 0.0313045 0.0600335 15
0 0.8622 0.50246 0.0255111 0.115195 16
0 0.639528 0.400605 0.0627659 0.0988138 17
0 0.632285 0.262853 0.0469378 0.10395 18
0 0.882218 0.434199 0.0306189 0.0654222 19
0 0.809068 0.412155 0.0438095 0.0764769 20
0 0.584089 0.196421 0.0372571 0.123004 21
0 0.894402 0.555678 0.0481538 0.106602 22
0 0.80989 0.481001 0.0588418 0.0917729 23
0 0.837291 0.589047 0.0329829 0.178322 24
0 0.933874 0.623993 0.0237794 0.145294 25
0 0.967772 0.634027 0.033149 0.0874963 26
0 0.817455 0.386458 0.0355058 0.104118 28
0 0.930438 0.388925 0.0185081 0.103525 29
0 0.922634 0.488278 0.0207682 0.0682527 30
0 0.938605 0.549852 0.0235686 0.0840092 31
0 0.906897 0.521247 0.0337466 0.0741501 32
