0 0.747775 0.500861 0.0565109 0.112683 1
0 0.517734 0.542662 0.0650259 0.183514 2
0 0.540526 0.309971 0.0669214 0.128818 3
0 0.871674 0.69493 0.0651439 0.121391 4
0 0.467847 0.385451 0.034589 0.196188 5
0 0.659987 0.47973 0.0525149 0.141818 6
0 0.643115 0.53454 0.0548139 0.14327 7
0 0.883222 0.635973 0.0538696 0.0771023 8
0 0.544899 0.214402 0.0296001 0.0941351 9
0 0.608217 0.35865 0.0536201 0.115148 10
0 0.499832 0.199709 0.0327151 0.133145 11
0 0.879714 0.579525 0.0521151 0.0661159 12
0 0.658098 0.303812 0.0399632 0.100015 13
0 0.538605 0.165989 0.0518451 0.092401 14
0 0.888968 0.482754 0.0314262 0.0638389 15
0 0.86231 0.500774 0.0254493 0.113388 16
0 0.639865 0.400646 0.0578329 0.0997231 17
0 0.632666 0.263041 0.0489373 0.104673 18
0 0.88224 0.434047 0.0304873 0.0653803 19
0 0.809604 0.412479 0.0436934 0.0761667 20
0 0.581784 0.189267 0.0371616 0.115365 21
0 0.896238 0.551756 0.0442143 0.0920912 22
0 0.809305 0.480987 0.0592423 0.094151 23
0 0.837482 0.585851 0.0331567 0.176929 24
0 0.93402 0.627709 0.0237701 0.143559 25
0 0.96499 0.63508 0.0389549 0.0738895 26
0 0.817433 0.388503 0.0364889 0.10833 28
0 0.930272 0.388513 0.018562 0.103058 29
0 0.922669 0.488828 0.0209054 0.0691739 30
0 0.938202 0.541157 0.023326 0.0730867 31
0 0.906939 0.52748 0.0324587 0.0871003 32
