0 0.770528 0.509176 0.0419487 0.127247 1
0 0.517093 0.543921 0.0669356 0.181997 2
0 0.539693 0.307916 0.0667794 0.121564 3
0 0.866013 0.700847 0.0675518 0.112646 4
0 0.466227 0.379741 0.0346951 0.197821 5
0 0.656652 0.475025 0.0556893 0.1426 6
0 0.639522 0.521928 0.0466572 0.143325 7
0 0.878375 0.623338 0.0513792 0.073407 8
0 0.545206 0.217402 0.0291233 0.100515 9
0 0.608881 0.357224 0.0555789 0.114703 10
0 0.513874 0.348568 0.0640042 0.147953 11
0 0.879672 0.577424 0.0443712 0.0574108 12
0 0.608542 0.296859 0.0656746 0.0833097 13
0 0.539536 0.172299 0.0577285 0.0977904 14
0 0.899492 0.565983 0.0326014 0.140243 15
0 0.908898 0.385996 0.025124 0.0695279 16
0 0.655577 0.401689 0.0571404 0.0990136 17
0 0.654008 0.289717 0.0308476 0.129786 18
0 0.876687 0.450309 0.0417971 0.091601 19
0 0.568123 0.146003 0.0442447 0.091684 21
0 0.866845 0.530159 0.0369423 0.0661438 22
0 0.814141 0.490246 0.0483961 0.119334 23
0 0.839701 0.588034 0.0302189 0.162826 24
0 0.965806 0.628632 0.0398078 0.0866517 26
0 0.826554 0.407271 0.0353384 0.127103 28
0 0.931148 0.380207 0.018885 0.114267 29
0 0.937 0.518462 0.023148 0.0967974 31
0 0.907991 0.524216 0.0295673 0.0829505 32
0 0.934081 0.630665 0.0242422 0.140267 36
0 0.870111 0.645323 0.0562678 0.063436 35
0 0.749027 0.453291 0.0473619 0.102164 34
0 0.81193 0.418151 0.0444696 0.0691422 20
0 0.932131 0.502797 0.0217262 0.0834651 40
