0 0.757763 0.502996 0.0511655 0.104468 1
0 0.51646 0.544577 0.0683897 0.18314 2
0 0.539144 0.321252 0.0674793 0.139272 3
0 0.87004 0.701144 0.0598676 0.112538 4
0 0.465547 0.379426 0.0332233 0.197646 5
0 0.658989 0.483405 0.0566015 0.14814 6
0 0.639834 0.523993 0.0472457 0.145006 7
0 0.879689 0.619689 0.0501667 0.0668397 8
0 0.544654 0.219578 0.0297212 0.105866 9
0 0.608356 0.357547 0.0553672 0.11547 10
0 0.504866 0.224528 0.0339855 0.115105 11
0 0.879195 0.575766 0.0442129 0.0558729 12
0 0.63126 0.30722 0.0527832 0.0836039 13
0 0.538031 0.168254 0.0526746 0.0901875 14
0 0.894647 0.550392 0.0331361 0.131584 15
0 0.871204 0.402644 0.0379366 0.0698806 16
0 0.647031 0.399253 0.0621549 0.0925151 17
0 0.632839 0.235561 0.0352183 0.0629977 18
0 0.87597 0.448648 0.0438452 0.0926764 19
0 0.810007 0.419927 0.0471953 0.0788869 20
0 0.569068 0.156701 0.0369617 0.105576 21
0 0.866553 0.527446 0.0373656 0.0615686 22
0 0.805522 0.487297 0.0507168 0.118092 23
0 0.840277 0.588185 0.0275546 0.172469 24
0 0.966301 0.626781 0.0384145 0.0867949 26
0 0.826752 0.41449 0.0361088 0.135301 28
0 0.929893 0.388854 0.0199855 0.105416 29
0 0.935268 0.522022 0.0266717 0.0806356 31
0 0.908543 0.531821 0.0283259 0.0977659 32
0 0.934776 0.618063 0.0258208 0.138296 36
0 0.87056 0.647246 0.0586956 0.066075 35
0 0.749636 0.443301 0.0445408 0.0836738 34
