0 0.769034 0.51174 0.0432942 0.134378 1
0 0.518041 0.541321 0.0651187 0.183637 2
0 0.539154 0.327458 0.0650612 0.156862 3
0 0.850958 0.704453 0.0702635 0.116869 4
0 0.467717 0.386379 0.0343591 0.20507 5
0 0.656694 0.476826 0.0577532 0.139892 6
0 0.640761 0.513493 0.0469028 0.132531 7
0 0.878897 0.62309 0.0537849 0.0732151 8
0 0.541671 0.219254 0.0371422 0.108829 9
0 0.61545 0.354755 0.0632355 0.111851 10
0 0.671002 0.612622 0.0766958 0.135484 11
0 0.880711 0.579539 0.0512131 0.0573721 12
0 0.600303 0.288977 0.0648777 0.0791572 13
0 0.553441 0.172504 0.0613372 0.11428 14
0 0.912334 0.565218 0.0310041 0.0852405 15
0 0.918067 0.376414 0.0256735 0.0785145 16
0 0.662861 0.418555 0.0558016 0.116273 17
0 0.6529 0.291818 0.0269114 0.128544 18
0 0.876558 0.449317 0.0429832 0.0874134 19
0 0.569096 0.14557 0.041188 0.0851887 21
0 0.863964 0.528611 0.0352959 0.0779457 22
0 0.812942 0.489048 0.0507816 0.120123 23
0 0.84095 0.58597 0.0290197 0.163859 24
0 0.965082 0.629254 0.0406429 0.0874709 26
0 0.828437 0.411611 0.0347498 0.131769 28
0 0.9197 0.450281 0.021527 0.0955619 29
0 0.936622 0.540877 0.0231683 0.107286 31
0 0.905422 0.516074 0.0346782 0.0587352 32
0 0.875213 0.676633 0.0512183 0.119183 35
0 0.746956 0.453894 0.0436572 0.105365 34
0 0.813051 0.419146 0.0454301 0.0718228 20
0 0.929821 0.634004 0.0283315 0.0806308 42
0 0.923452 0.660574 0.0395089 0.135064 36
