0 0.747828 0.500592 0.0567004 0.112287 1
0 0.516947 0.542418 0.0662651 0.183592 2
0 0.542732 0.312044 0.0656023 0.126588 3
0 0.871836 0.695829 0.0645424 0.121711 4
0 0.467476 0.388434 0.0343437 0.201912 5
0 0.660205 0.484973 0.0542696 0.147351 6
0 0.642924 0.533601 0.0556224 0.141573 7
0 0.882725 0.636494 0.0549025 0.0767967 8
0 0.544959 0.214646 0.0294407 0.0946236 9
0 0.608224 0.359171 0.0536834 0.116032 10
0 0.49939 0.199167 0.0317275 0.131251 11
0 0.879156 0.579635 0.0521163 0.0668426 12
0 0.658265 0.303763 0.0395466 0.100429 13
0 0.53963 0.16634 0.0538214 0.0939705 14
0 0.889017 0.481721 0.0313545 0.0618179 15
0 0.862236 0.501888 0.025323 0.114475 16
0 0.640237 0.401307 0.0579512 0.0977083 17
0 0.632025 0.262888 0.0480842 0.104706 18
0 0.882278 0.434198 0.0304486 0.0656716 19
0 0.808983 0.412049 0.0430695 0.0764308 20
0 0.583699 0.19435 0.0373401 0.11878 21
0 0.895376 0.555019 0.0463489 0.104283 22
0 0.809399 0.481327 0.058808 0.093182 23
0 0.837315 0.588783 0.033161 0.176764 24
0 0.933824 0.625864 0.0237116 0.142464 25
0 0.966379 0.632889 0.036776 0.0789571 26
0 0.817362 0.388463 0.0360292 0.107992 28
0 0.930252 0.388752 0.0185903 0.103365 29
0 0.922842 0.488098 0.0206824 0.0680402 30
0 0.938176 0.545162 0.0236357 0.0768354 31
0 0.906925 0.520658 0.0330316 0.0726251 32
