0 0.773255 0.507417 0.0454769 0.0978368 1
0 0.501848 0.529924 0.0837923 0.163978 2
0 0.542886 0.320059 0.0733197 0.137525 3
0 0.847971 0.706961 0.0708632 0.105625 4
0 0.466752 0.391024 0.0353159 0.204756 5
0 0.655399 0.47369 0.0576519 0.138771 6
0 0.636683 0.518501 0.0560336 0.152447 7
0 0.881907 0.620247 0.0410454 0.0573133 8
0 0.54437 0.218992 0.0289276 0.102211 9
0 0.618024 0.351135 0.0560177 0.104188 10
0 0.751346 0.581813 0.0666226 0.112253 11
0 0.880351 0.58097 0.05126 0.0628808 12
0 0.599794 0.285929 0.0635645 0.0712695 13
0 0.558236 0.175936 0.0602803 0.104926 14
0 0.911535 0.563454 0.0321907 0.078155 15
0 0.917733 0.376829 0.0275588 0.0782216 16
0 0.665849 0.42978 0.0620246 0.127347 17
0 0.751461 0.393326 0.0507433 0.102053 18
0 0.878506 0.449051 0.0393599 0.0884122 19
0 0.564546 0.134557 0.0460227 0.0669354 21
0 0.862947 0.534336 0.0307295 0.0762844 22
0 0.811826 0.480138 0.0535057 0.106217 23
0 0.97273 0.632116 0.0270687 0.0949774 26
0 0.830104 0.403638 0.0393181 0.123375 28
0 0.909965 0.511707 0.0359431 0.0785515 32
0 0.866279 0.670085 0.0601164 0.1188 35
0 0.751401 0.453347 0.0421418 0.101812 34
0 0.81326 0.416938 0.0450312 0.074554 20
0 0.922035 0.636549 0.0474856 0.082913 45
0 0.935609 0.524294 0.026718 0.0754061 29
0 0.946621 0.620717 0.0336584 0.149865 42
0 0.846319 0.57703 0.0641528 0.163288 46
0 0.847436 0.551499 0.0620203 0.11194 47
0 0.835456 0.575847 0.0417281 0.156715 24
