0 0.747821 0.501804 0.056579 0.111961 1
0 0.517818 0.541514 0.0664799 0.183526 2
0 0.537867 0.325712 0.0663264 0.150137 3
0 0.867663 0.699382 0.0632226 0.115473 4
0 0.468545 0.384712 0.0350849 0.196346 5
0 0.656581 0.480467 0.0614033 0.140588 6
0 0.643176 0.531183 0.052405 0.13736 7
0 0.876479 0.617697 0.0504117 0.0602419 8
0 0.544516 0.218236 0.0298158 0.104283 9
0 0.607941 0.358269 0.056134 0.116944 10
0 0.50403 0.220196 0.0328333 0.12098 11
0 0.878651 0.576076 0.0449511 0.0569844 12
0 0.638654 0.30483 0.0504804 0.079395 13
0 0.535356 0.168116 0.0500035 0.087043 14
0 0.887581 0.5119 0.0281766 0.087764 15
0 0.856431 0.445929 0.025269 0.0960876 16
0 0.64005 0.398276 0.0563607 0.0988446 17
0 0.624793 0.256773 0.0515574 0.0879241 18
0 0.881325 0.444559 0.0319986 0.0844012 19
0 0.80824 0.411907 0.0457067 0.0737584 20
0 0.572095 0.156585 0.0399627 0.0952804 21
0 0.864179 0.527342 0.0367958 0.064874 22
0 0.806614 0.486825 0.0554427 0.114326 23
0 0.837465 0.588314 0.0317506 0.165567 24
0 0.962423 0.627937 0.0470054 0.0863069 26
0 0.824979 0.400044 0.0353661 0.109034 28
0 0.929081 0.388346 0.0212358 0.105565 29
0 0.935148 0.521299 0.0258629 0.0727723 31
0 0.910661 0.54352 0.0263809 0.0990103 32
0 0.931537 0.580762 0.0235085 0.111955 36
0 0.873283 0.648452 0.0546013 0.0619861 35
