0 0.77363 0.505457 0.0459253 0.0919219 1
0 0.502372 0.53056 0.0832447 0.163576 2
0 0.54338 0.320847 0.0729663 0.13923 3
0 0.841177 0.708921 0.0692549 0.108904 4
0 0.466715 0.389297 0.034985 0.202345 5
0 0.655016 0.473687 0.0593229 0.137974 6
0 0.630824 0.525831 0.0695621 0.149736 7
0 0.878695 0.619901 0.0446912 0.05957 8
0 0.544095 0.219038 0.0290549 0.100807 9
0 0.618068 0.351086 0.0552858 0.104298 10
0 0.754585 0.585214 0.0712147 0.112865 11
0 0.880787 0.580547 0.0491963 0.059098 12
0 0.599991 0.286063 0.0631906 0.0715045 13
0 0.55906 0.175701 0.0604561 0.106733 14
0 0.91164 0.565922 0.0316634 0.0837847 15
0 0.917736 0.376936 0.0275722 0.0775281 16
0 0.666605 0.433856 0.0637727 0.136227 17
0 0.750943 0.392226 0.0502224 0.10065 18
0 0.877395 0.450027 0.0415404 0.0910151 19
0 0.5642 0.129596 0.0463893 0.0660436 21
0 0.862706 0.537123 0.0314355 0.0786826 22
0 0.809518 0.482933 0.0492411 0.117018 23
0 0.972758 0.631873 0.0273078 0.0951632 26
0 0.828035 0.406969 0.0354182 0.12835 28
0 0.909844 0.511357 0.0364481 0.0804438 32
0 0.864827 0.678773 0.062309 0.129794 35
0 0.751288 0.453124 0.0422193 0.101207 34
0 0.813878 0.419043 0.0434719 0.0770594 20
0 0.920181 0.644801 0.0487449 0.0815604 45
0 0.935683 0.525135 0.0263922 0.077362 29
0 0.947249 0.624918 0.0325263 0.152289 42
0 0.845362 0.576159 0.0670401 0.158173 46
