0 0.769387 0.507749 0.0416003 0.122378 1
0 0.516116 0.543123 0.0682096 0.185008 2
0 0.540151 0.322302 0.0685662 0.146372 3
0 0.849297 0.705526 0.0710211 0.109692 4
0 0.467643 0.391441 0.0349668 0.203755 5
0 0.656206 0.47352 0.0569286 0.139322 6
0 0.639444 0.518028 0.0470462 0.144793 7
0 0.882127 0.621543 0.0487697 0.0664998 8
0 0.543098 0.218143 0.0330172 0.106694 9
0 0.617351 0.353043 0.0528591 0.106821 10
0 0.709768 0.568392 0.0675032 0.129449 11
0 0.881049 0.583413 0.0494829 0.0584609 12
0 0.599754 0.285877 0.0637203 0.0717295 13
0 0.55485 0.172139 0.0609738 0.11235 14
0 0.909795 0.561015 0.0324543 0.0831942 15
0 0.917976 0.37663 0.0272478 0.0803344 16
0 0.661959 0.425606 0.0551579 0.131054 17
0 0.70182 0.360671 0.0702384 0.125781 18
0 0.877293 0.449701 0.0425209 0.0884132 19
0 0.567227 0.14367 0.0442427 0.0828475 21
0 0.866058 0.529866 0.0361512 0.0753684 22
0 0.8131 0.495097 0.049168 0.129899 23
0 0.837212 0.585629 0.0433495 0.153776 24
0 0.965887 0.628926 0.038668 0.0836358 26
0 0.827959 0.411938 0.0345595 0.133378 28
0 0.937571 0.554825 0.0225118 0.0963261 31
0 0.910632 0.514193 0.0366658 0.0762729 32
0 0.873493 0.674267 0.0538516 0.114818 35
0 0.749128 0.453428 0.0476042 0.109161 34
0 0.811021 0.418661 0.0465626 0.0721163 20
0 0.922169 0.654722 0.0428488 0.109818 45
0 0.937615 0.521664 0.0289955 0.0677495 29
