0 0.748512 0.500758 0.0569913 0.110535 1
0 0.517356 0.542411 0.0656314 0.18403 2
0 0.543156 0.311994 0.0650293 0.125787 3
0 0.872628 0.69525 0.0635883 0.12139 4
0 0.467886 0.388304 0.0347845 0.20182 5
0 0.661056 0.488079 0.0565538 0.149877 6
0 0.641196 0.531618 0.0594126 0.139064 7
0 0.8826 0.637025 0.0552471 0.0759257 8
0 0.544997 0.214227 0.0293031 0.0945126 9
0 0.608127 0.358775 0.0533299 0.116031 10
0 0.498986 0.203112 0.0306973 0.139391 11
0 0.878645 0.579069 0.0510718 0.0669135 12
0 0.658993 0.304156 0.037978 0.100917 13
0 0.540772 0.166994 0.055455 0.0955703 14
0 0.889013 0.479744 0.0312874 0.0606071 15
0 0.86217 0.502318 0.025513 0.114296 16
0 0.640172 0.400485 0.0636654 0.0994475 17
0 0.632829 0.263352 0.0459471 0.104759 18
0 0.882242 0.434169 0.0306361 0.0652519 19
0 0.808856 0.411977 0.0433554 0.0763363 20
0 0.584361 0.197538 0.0362222 0.125365 21
0 0.894268 0.555622 0.0484712 0.107152 22
0 0.810072 0.480819 0.0590281 0.0912988 23
0 0.837311 0.588509 0.0330235 0.177085 24
0 0.933877 0.623818 0.0238464 0.147365 25
0 0.96787 0.634121 0.0330439 0.0899149 26
0 0.81754 0.388358 0.0356497 0.108006 28
0 0.930455 0.388807 0.0184031 0.103199 29
0 0.922649 0.488262 0.0206769 0.0681172 30
0 0.938534 0.55023 0.023695 0.0844757 31
0 0.907022 0.520701 0.0336284 0.0727024 32
