0 0.76978 0.511174 0.0436846 0.127702 1
0 0.518165 0.542822 0.0653003 0.183534 2
0 0.537716 0.301522 0.0651379 0.108859 3
0 0.865629 0.701142 0.0676716 0.113329 4
0 0.465775 0.381608 0.0338807 0.19979 5
0 0.657414 0.476023 0.0544667 0.143982 6
0 0.641078 0.520896 0.0461455 0.144041 7
0 0.878304 0.618521 0.0506931 0.0651525 8
0 0.545234 0.216997 0.0297005 0.101104 9
0 0.608397 0.355238 0.0546365 0.113651 10
0 0.54305 0.376607 0.0789868 0.134813 11
0 0.880388 0.57741 0.0441268 0.0543959 12
0 0.605174 0.297164 0.0682159 0.0911344 13
0 0.539298 0.172504 0.0574115 0.0979799 14
0 0.899833 0.557134 0.0335096 0.117921 15
0 0.916893 0.375531 0.0229679 0.0788113 16
0 0.659837 0.411606 0.0588958 0.117662 17
0 0.654489 0.290397 0.0291646 0.129332 18
0 0.876208 0.45044 0.0418808 0.0907437 19
0 0.568185 0.148444 0.0429891 0.0944442 21
0 0.86592 0.532932 0.0367038 0.0727659 22
0 0.813447 0.490648 0.0498518 0.124442 23
0 0.840687 0.589917 0.0296445 0.177185 24
0 0.965813 0.628807 0.0396732 0.0862254 26
0 0.826891 0.408571 0.0352389 0.129938 28
0 0.934664 0.397049 0.0197552 0.119658 29
0 0.937228 0.524469 0.0227626 0.086715 31
0 0.909334 0.529196 0.0293592 0.084495 32
0 0.934494 0.628101 0.0236853 0.132911 36
0 0.870351 0.646315 0.057433 0.0648738 35
0 0.74857 0.451841 0.0454798 0.103296 34
0 0.812817 0.419127 0.0455064 0.0723378 20
0 0.931099 0.49711 0.0200926 0.0682657 40
