0 0.76924 0.510867 0.0422074 0.129625 1
0 0.516971 0.542191 0.0672291 0.184864 2
0 0.538529 0.32651 0.064358 0.155822 3
0 0.863143 0.70608 0.0684808 0.100847 4
0 0.467619 0.383945 0.0337032 0.199796 5
0 0.656653 0.47734 0.0578879 0.14482 6
0 0.641205 0.515915 0.044564 0.135986 7
0 0.874367 0.619376 0.056225 0.0651494 8
0 0.543651 0.218759 0.0322783 0.105052 9
0 0.610372 0.358476 0.0579125 0.116519 10
0 0.612086 0.541094 0.0701774 0.198719 11
0 0.883623 0.581352 0.0444801 0.0603267 12
0 0.600778 0.289378 0.065243 0.079141 13
0 0.541943 0.17208 0.0628025 0.0961233 14
0 0.911377 0.563478 0.0320431 0.0847563 15
0 0.917835 0.371647 0.0250408 0.0715116 16
0 0.663772 0.423026 0.0580801 0.126741 17
0 0.653477 0.291916 0.0279202 0.129666 18
0 0.874629 0.449221 0.0452166 0.0894436 19
0 0.568939 0.148544 0.0442312 0.0945249 21
0 0.865054 0.529811 0.0362878 0.0775547 22
0 0.813473 0.490954 0.0497888 0.122294 23
0 0.84167 0.59012 0.0299883 0.179412 24
0 0.966615 0.628111 0.0382805 0.084868 26
0 0.827492 0.410092 0.0350094 0.130221 28
0 0.928435 0.421061 0.0277131 0.0823607 29
0 0.935421 0.532538 0.0258213 0.0950883 31
0 0.904477 0.514828 0.0362909 0.0588664 32
0 0.931791 0.644632 0.028855 0.137024 36
0 0.870914 0.650628 0.0580432 0.0688015 35
0 0.749428 0.452059 0.0480565 0.103224 34
0 0.811827 0.418007 0.0448179 0.0686326 20
0 0.915616 0.42722 0.0185359 0.0696992 41
