0 0.745923 0.502179 0.056537 0.112169 1
0 0.517787 0.542683 0.0657869 0.18382 2
0 0.546243 0.310504 0.0687597 0.120802 3
0 0.873918 0.696875 0.0607395 0.124558 4
0 0.464686 0.384967 0.0342016 0.197432 5
0 0.662799 0.49071 0.0592212 0.147801 6
0 0.640648 0.531144 0.0599768 0.1397 7
0 0.88132 0.640418 0.0590292 0.0781987 8
0 0.545256 0.212501 0.0288841 0.0905534 9
0 0.607941 0.358619 0.052222 0.116512 10
0 0.497785 0.203616 0.0291584 0.139492 11
0 0.878864 0.583731 0.0535898 0.0652536 12
0 0.657522 0.306646 0.0418962 0.10458 13
0 0.540721 0.168592 0.0530394 0.0926131 14
0 0.891245 0.477815 0.0343952 0.057174 15
0 0.862144 0.505488 0.025816 0.118903 16
0 0.635949 0.400338 0.0579671 0.100018 17
0 0.633211 0.262635 0.0442035 0.104806 18
0 0.882328 0.435062 0.0324565 0.0672973 19
0 0.810544 0.411986 0.0449945 0.0779709 20
0 0.58507 0.199155 0.0331972 0.120791 21
0 0.894187 0.547427 0.046118 0.0947593 22
0 0.808788 0.483112 0.0580792 0.0981705 23
0 0.836911 0.585795 0.0320571 0.174435 24
0 0.932242 0.608989 0.0251763 0.139651 25
0 0.969251 0.628929 0.0324245 0.0856585 26
0 0.755039 0.449649 0.0492585 0.0964659 27
0 0.817396 0.381671 0.0353714 0.0944456 28
0 0.931376 0.391502 0.020155 0.0998049 29
0 0.922324 0.48716 0.0214907 0.0673976 30
0 0.939 0.552597 0.0242203 0.0898463 31
0 0.907815 0.538629 0.0332232 0.108315 32
