0 0.74042 0.498903 0.0606497 0.116392 1
0 0.517972 0.543262 0.0651349 0.184157 2
0 0.545562 0.310339 0.0659394 0.121201 3
0 0.872386 0.697269 0.063631 0.125886 4
0 0.463713 0.385011 0.0337778 0.199604 5
0 0.662478 0.4929 0.060084 0.150564 6
0 0.640809 0.532349 0.0604763 0.141322 7
0 0.882512 0.639564 0.0562853 0.0801333 8
0 0.545069 0.21217 0.0289055 0.089572 9
0 0.608491 0.358728 0.0527105 0.117194 10
0 0.497057 0.209351 0.0275633 0.151827 11
0 0.879653 0.582187 0.0532886 0.06755 12
0 0.659219 0.310009 0.0403694 0.110513 13
0 0.54107 0.169153 0.0535079 0.092766 14
0 0.891502 0.477264 0.0351213 0.0582204 15
0 0.862134 0.504998 0.0259707 0.116622 16
0 0.632039 0.400831 0.0545262 0.10214 17
0 0.633404 0.262916 0.0446882 0.10681 18
0 0.882309 0.435079 0.0326124 0.0667888 19
0 0.808967 0.412106 0.0434874 0.0788654 20
0 0.585571 0.198266 0.0333628 0.116382 21
0 0.894521 0.546024 0.046223 0.0921329 22
0 0.808662 0.48369 0.0575353 0.0987349 23
0 0.836969 0.582887 0.0320471 0.176926 24
0 0.93222 0.610394 0.025138 0.141742 25
0 0.970056 0.62882 0.0329534 0.084975 26
0 0.755206 0.456296 0.0489599 0.111789 27
0 0.817832 0.388957 0.0360197 0.108769 28
0 0.933192 0.396096 0.0217237 0.103219 29
0 0.922136 0.487411 0.021883 0.0681113 30
0 0.938739 0.552393 0.0247135 0.0893039 31
0 0.90758 0.538483 0.0331928 0.107774 32
