0 0.746445 0.500763 0.0536628 0.11198 1
0 0.519201 0.542567 0.0621131 0.18384 2
0 0.538383 0.315114 0.0669509 0.132945 3
0 0.871981 0.696963 0.0649192 0.123377 4
0 0.468218 0.388432 0.0350022 0.201113 5
0 0.658885 0.478423 0.0552815 0.141022 6
0 0.642882 0.532659 0.05393 0.140522 7
0 0.881191 0.635763 0.0568314 0.0752908 8
0 0.544816 0.21882 0.0294421 0.102536 9
0 0.608884 0.357341 0.0569141 0.114563 10
0 0.498684 0.20213 0.0300551 0.139817 11
0 0.878989 0.578568 0.0520788 0.0637655 12
0 0.657043 0.302723 0.040632 0.0982127 13
0 0.537222 0.165737 0.0504364 0.0897939 14
0 0.88772 0.479482 0.0270353 0.0554764 15
0 0.862655 0.493243 0.0265198 0.0977308 16
0 0.639682 0.400476 0.0578283 0.0998189 17
0 0.630733 0.263248 0.0456294 0.0999862 18
0 0.882347 0.432614 0.0311392 0.0611691 19
0 0.809286 0.41279 0.0441782 0.0743693 20
0 0.574895 0.17469 0.0366029 0.110192 21
0 0.884046 0.533383 0.0394494 0.0582212 22
0 0.809187 0.482464 0.0583955 0.0982606 23
0 0.837055 0.586877 0.0315117 0.177636 24
0 0.933565 0.633291 0.0250912 0.13442 25
0 0.96608 0.634756 0.0414324 0.0659858 26
0 0.818422 0.392103 0.0394016 0.114205 28
0 0.930138 0.388279 0.0191492 0.105457 29
0 0.922504 0.490393 0.0202794 0.0697401 30
0 0.937688 0.538714 0.0205552 0.0795341 31
0 0.907475 0.539864 0.0310275 0.110865 32
0 0.754093 0.459547 0.0511988 0.116928 34
