0 0.746623 0.500764 0.0550106 0.110403 1
0 0.518443 0.541417 0.0658504 0.183278 2
0 0.537612 0.324493 0.0653248 0.1488 3
0 0.872001 0.694 0.0644914 0.127387 4
0 0.468116 0.382085 0.034966 0.191107 5
0 0.656421 0.479629 0.0615813 0.13962 6
0 0.643245 0.530937 0.0530729 0.136514 7
0 0.876264 0.619799 0.0533719 0.0573104 8
0 0.544469 0.218558 0.0296186 0.10494 9
0 0.608263 0.358743 0.0558806 0.116509 10
0 0.504837 0.215002 0.0320103 0.121221 11
0 0.878154 0.57862 0.0463529 0.0586586 12
0 0.639569 0.304412 0.0497336 0.0777394 13
0 0.535585 0.167665 0.0494059 0.0860997 14
0 0.88752 0.512763 0.0277039 0.0879792 15
0 0.858903 0.455046 0.0276838 0.0839963 16
0 0.639855 0.39659 0.0561492 0.095412 17
0 0.626971 0.256734 0.0479087 0.0865861 18
0 0.883108 0.43787 0.029163 0.0724412 19
0 0.80801 0.411764 0.0449853 0.0732111 20
0 0.572033 0.158066 0.0396217 0.0987237 21
0 0.864495 0.531484 0.035739 0.0660106 22
0 0.806899 0.483225 0.0560096 0.107577 23
0 0.836729 0.590607 0.0305906 0.17032 24
0 0.962589 0.628366 0.0464348 0.0864003 26
0 0.824953 0.401369 0.0354102 0.110821 28
0 0.929176 0.388495 0.0212067 0.10552 29
0 0.926729 0.530586 0.018094 0.095332 30
0 0.939315 0.529256 0.0169552 0.0822389 31
0 0.910269 0.543487 0.0258042 0.0972489 32
0 0.752351 0.444494 0.0504258 0.088286 34
0 0.878209 0.656294 0.0564326 0.0674923 35
0 0.929826 0.554222 0.0205211 0.118475 36
