0 0.748181 0.502119 0.0566632 0.108378 1
0 0.517522 0.542488 0.0658294 0.183533 2
0 0.544196 0.31137 0.0654031 0.122887 3
0 0.872801 0.696695 0.0637688 0.12381 4
0 0.467943 0.388811 0.0345524 0.202045 5
0 0.662186 0.48985 0.0585046 0.146678 6
0 0.640389 0.531159 0.060904 0.140611 7
0 0.883318 0.639426 0.0549807 0.0764989 8
0 0.544933 0.213543 0.029137 0.0922571 9
0 0.607756 0.358219 0.0524419 0.115111 10
0 0.498627 0.204136 0.0303227 0.14106 11
0 0.877946 0.581479 0.0524788 0.0670669 12
0 0.658437 0.304246 0.0388244 0.101657 13
0 0.541749 0.167908 0.0560176 0.0956936 14
0 0.890173 0.479373 0.0321486 0.0575901 15
0 0.862189 0.505109 0.0256021 0.117323 16
0 0.640358 0.400218 0.0621483 0.101272 17
0 0.633012 0.26307 0.0441127 0.106082 18
0 0.882319 0.435519 0.0309484 0.0681223 19
0 0.809033 0.411561 0.0434307 0.076994 20
0 0.584936 0.198545 0.0344255 0.12362 21
0 0.89498 0.555946 0.0446732 0.111364 22
0 0.809851 0.481526 0.059183 0.0931562 23
0 0.83654 0.588672 0.0323878 0.1795 24
0 0.933784 0.615521 0.0244798 0.139498 25
0 0.968312 0.633037 0.0327768 0.0928932 26
0 0.754237 0.45763 0.048956 0.112829 27
0 0.817712 0.389711 0.035846 0.110505 28
0 0.930189 0.389037 0.0192469 0.101971 29
0 0.922895 0.488503 0.0198636 0.0692525 30
0 0.938653 0.551417 0.0243179 0.0862203 31
0 0.907853 0.521815 0.0324686 0.0740054 32
