0 0.748492 0.500645 0.0571151 0.110759 1
0 0.517587 0.542536 0.0653693 0.183831 2
0 0.542988 0.311712 0.0648551 0.125388 3
0 0.872689 0.69518 0.0635825 0.121452 4
0 0.467832 0.388073 0.0346978 0.201324 5
0 0.661006 0.487832 0.0564381 0.15053 6
0 0.64134 0.531601 0.0591583 0.13891 7
0 0.882575 0.636983 0.0552102 0.0757867 8
0 0.544997 0.214245 0.0294114 0.0944827 9
0 0.608178 0.358888 0.0533114 0.116033 10
0 0.499028 0.202476 0.0308411 0.138251 11
0 0.878692 0.579161 0.0511584 0.0670228 12
0 0.658724 0.304119 0.0385632 0.100888 13
0 0.540473 0.166903 0.0549417 0.0952445 14
0 0.888954 0.479689 0.0312709 0.0601486 15
0 0.862175 0.502274 0.0255042 0.114435 16
0 0.639814 0.400455 0.0632866 0.099193 17
0 0.632489 0.262992 0.0465196 0.10416 18
0 0.882234 0.434104 0.0306325 0.0652626 19
0 0.809013 0.412119 0.0436399 0.0765582 20
0 0.584192 0.197176 0.0369 0.124289 21
0 0.894377 0.555699 0.0481965 0.106967 22
0 0.81006 0.480808 0.05892 0.0913047 23
0 0.837303 0.588798 0.0329903 0.177453 24
0 0.933885 0.623787 0.0237806 0.146791 25
0 0.967854 0.633829 0.0330574 0.0885213 26
0 0.817505 0.38767 0.0356216 0.106641 28
0 0.930431 0.388874 0.0183028 0.103252 29
0 0.922632 0.488284 0.0207362 0.0681822 30
0 0.938578 0.550026 0.0235848 0.0842476 31
0 0.906946 0.521262 0.0336993 0.0739391 32
