0 0.769441 0.509835 0.0378217 0.126839 1
0 0.509317 0.544668 0.0772897 0.179268 2
0 0.541548 0.318471 0.0717115 0.13798 3
0 0.849154 0.70538 0.072076 0.109244 4
0 0.466696 0.392459 0.0352326 0.207795 5
0 0.656272 0.476281 0.0565716 0.142131 6
0 0.63968 0.516474 0.0462371 0.143129 7
0 0.882203 0.623026 0.0483198 0.0687843 8
0 0.544578 0.218274 0.0311023 0.104904 9
0 0.617802 0.351376 0.0543256 0.104307 10
0 0.718452 0.565765 0.0609495 0.118147 11
0 0.880595 0.584984 0.0503169 0.0609873 12
0 0.599604 0.287841 0.0631373 0.0742854 13
0 0.55408 0.164201 0.0614406 0.0956048 14
0 0.910957 0.562707 0.0328233 0.0815951 15
0 0.917918 0.376503 0.0274639 0.0787017 16
0 0.66497 0.425028 0.0594817 0.119606 17
0 0.731971 0.385466 0.0544976 0.0970416 18
0 0.878793 0.449416 0.0390425 0.0881195 19
0 0.559959 0.129027 0.0439451 0.0598468 21
0 0.866244 0.529848 0.0363011 0.0757346 22
0 0.812099 0.492105 0.0505368 0.126274 23
0 0.835731 0.587138 0.0454204 0.159565 24
0 0.971689 0.62733 0.0288753 0.085441 26
0 0.82818 0.412154 0.0352463 0.134602 28
0 0.908108 0.5101 0.0376078 0.0739373 32
0 0.873833 0.67394 0.0529684 0.112885 35
0 0.750895 0.448258 0.0461221 0.11411 34
0 0.811235 0.417471 0.0460544 0.0720782 20
0 0.921928 0.641877 0.0429561 0.0930934 45
0 0.937848 0.514978 0.0213647 0.0551524 29
0 0.944588 0.607086 0.0326577 0.152305 42
