0 0.769968 0.511082 0.0433347 0.1281 1
0 0.51841 0.542867 0.064915 0.183353 2
0 0.537523 0.300924 0.0644704 0.106138 3
0 0.866055 0.701864 0.0667479 0.113846 4
0 0.466308 0.382333 0.0345136 0.199294 5
0 0.656601 0.476337 0.0560694 0.144238 6
0 0.64112 0.521409 0.0459916 0.144273 7
0 0.878217 0.619083 0.0503142 0.0651925 8
0 0.545275 0.216967 0.029786 0.101033 9
0 0.608531 0.355048 0.0547517 0.112915 10
0 0.547009 0.384759 0.0769265 0.141568 11
0 0.880644 0.576936 0.043761 0.0553272 12
0 0.604974 0.294143 0.0682995 0.0855215 13
0 0.539311 0.172368 0.0573924 0.097773 14
0 0.900029 0.561426 0.0338718 0.12626 15
0 0.917322 0.37579 0.0236598 0.0792264 16
0 0.659987 0.410312 0.0600104 0.115154 17
0 0.654577 0.2903 0.0289253 0.129165 18
0 0.876404 0.450367 0.0413988 0.0898186 19
0 0.568229 0.148293 0.0430696 0.0942689 21
0 0.866001 0.532106 0.0368694 0.0722744 22
0 0.813558 0.488688 0.0499203 0.120604 23
0 0.840296 0.592807 0.0296063 0.177623 24
0 0.965869 0.6283 0.0396727 0.0859432 26
0 0.827106 0.407766 0.0355217 0.129005 28
0 0.934791 0.399631 0.0193361 0.120495 29
0 0.937213 0.524894 0.0228114 0.085731 31
0 0.909295 0.528938 0.029458 0.0846318 32
0 0.934489 0.628605 0.0234755 0.133685 36
0 0.870441 0.646059 0.0568528 0.0638993 35
0 0.748173 0.451693 0.0448955 0.103237 34
0 0.812862 0.418103 0.0450324 0.0707739 20
0 0.931151 0.497331 0.019746 0.0702507 40
