0 0.766391 0.509009 0.0442084 0.127062 1
0 0.51755 0.541975 0.0673951 0.181486 2
0 0.540587 0.317308 0.0664478 0.133951 3
0 0.869415 0.700854 0.0598917 0.11425 4
0 0.465801 0.375823 0.0346951 0.194702 5
0 0.659427 0.482698 0.055959 0.150947 6
0 0.638448 0.524813 0.0502205 0.144669 7
0 0.879309 0.619048 0.0494736 0.0657083 8
0 0.544659 0.218009 0.0284728 0.105206 9
0 0.608994 0.358808 0.0572436 0.115502 10
0 0.501118 0.268882 0.028022 0.163144 11
0 0.878969 0.576789 0.04476 0.0553057 12
0 0.623099 0.305381 0.0556951 0.082629 13
0 0.540511 0.170146 0.0575852 0.0906854 14
0 0.896074 0.552202 0.0326125 0.132807 15
0 0.890031 0.392127 0.0394845 0.0506251 16
0 0.648985 0.400005 0.0602118 0.0910547 17
0 0.64795 0.274139 0.0335415 0.1446 18
0 0.875876 0.449885 0.0438963 0.0952367 19
0 0.568042 0.151217 0.0426129 0.098105 21
0 0.86656 0.529147 0.0365208 0.0621943 22
0 0.808152 0.491954 0.047704 0.1241 23
0 0.840034 0.588284 0.028026 0.166628 24
0 0.965865 0.626082 0.0396266 0.0831129 26
0 0.82659 0.410829 0.035542 0.130236 28
0 0.928668 0.387455 0.02285 0.106916 29
0 0.934911 0.522591 0.0269749 0.0837981 31
0 0.90893 0.531693 0.0284968 0.0969657 32
0 0.933929 0.625638 0.0246889 0.143606 36
0 0.870438 0.645078 0.0575573 0.0623738 35
0 0.751722 0.451777 0.0454208 0.101709 34
0 0.810751 0.425138 0.0477488 0.0796785 20
