0 0.768285 0.509288 0.03821 0.124068 1
0 0.506167 0.527558 0.0791392 0.155186 2
0 0.541434 0.318228 0.0716721 0.136898 3
0 0.849563 0.705921 0.0717591 0.109863 4
0 0.466651 0.391097 0.0351589 0.204962 5
0 0.655887 0.476623 0.0569092 0.142493 6
0 0.640343 0.515637 0.0458467 0.143336 7
0 0.882081 0.622518 0.0475741 0.0662936 8
0 0.544692 0.218508 0.0306229 0.104756 9
0 0.617648 0.351144 0.0544982 0.10393 10
0 0.720003 0.563776 0.0597942 0.116399 11
0 0.880718 0.584271 0.050266 0.0609416 12
0 0.599555 0.287668 0.0629182 0.0744927 13
0 0.554069 0.164084 0.0612937 0.0952338 14
0 0.911669 0.564353 0.033054 0.0824958 15
0 0.917826 0.376398 0.027444 0.078008 16
0 0.665114 0.425776 0.0604301 0.117931 17
0 0.742362 0.389045 0.0553813 0.0946535 18
0 0.878564 0.448825 0.0390452 0.0882002 19
0 0.559882 0.128652 0.0442787 0.0593495 21
0 0.866789 0.528972 0.0373523 0.0767215 22
0 0.812084 0.490775 0.0517524 0.122303 23
0 0.835519 0.58654 0.0459173 0.161258 24
0 0.971709 0.628921 0.0287985 0.0886493 26
0 0.828602 0.410528 0.035696 0.132236 28
0 0.908665 0.510847 0.0364172 0.0752069 32
0 0.873332 0.673924 0.0539418 0.113701 35
0 0.751906 0.4472 0.0456287 0.111523 34
0 0.811573 0.417366 0.0460066 0.0715864 20
0 0.92283 0.637059 0.0422476 0.0863049 45
0 0.937738 0.516085 0.021414 0.0572515 29
0 0.944742 0.609776 0.0317243 0.155349 42
