0 0.770304 0.509725 0.0422818 0.129617 1
0 0.517783 0.542265 0.0669167 0.182545 2
0 0.540659 0.315375 0.0653722 0.129114 3
0 0.868448 0.701146 0.0610993 0.114483 4
0 0.466105 0.37718 0.0352779 0.193684 5
0 0.658335 0.477504 0.0582062 0.145541 6
0 0.6382 0.522793 0.0495011 0.143249 7
0 0.87927 0.619135 0.0485115 0.0658298 8
0 0.544844 0.218129 0.0283094 0.103459 9
0 0.609213 0.358001 0.0576292 0.115119 10
0 0.495919 0.288832 0.0264758 0.160427 11
0 0.879309 0.576697 0.0442262 0.0556964 12
0 0.616516 0.298882 0.0564636 0.0774366 13
0 0.539954 0.172028 0.0570174 0.0953072 14
0 0.896423 0.555897 0.0326299 0.137111 15
0 0.899736 0.392003 0.0323462 0.0593333 16
0 0.65482 0.395444 0.0560802 0.0877734 17
0 0.653048 0.28346 0.0323075 0.135856 18
0 0.87661 0.449336 0.0425824 0.0937129 19
0 0.567684 0.1476 0.0429528 0.0914922 21
0 0.866707 0.530105 0.0367954 0.0638398 22
0 0.812881 0.495344 0.0486996 0.120412 23
0 0.840034 0.5893 0.028764 0.174718 24
0 0.965512 0.626211 0.0402695 0.0832833 26
0 0.826842 0.408187 0.0357878 0.126455 28
0 0.929141 0.386612 0.0215958 0.104484 29
0 0.936496 0.522082 0.0238029 0.086463 31
0 0.908587 0.528588 0.0285258 0.0931324 32
0 0.932961 0.626489 0.0245214 0.140985 36
0 0.871463 0.645747 0.0549453 0.0654093 35
0 0.751959 0.453474 0.0477925 0.103626 34
0 0.81074 0.418336 0.0467772 0.0730107 20
0 0.931943 0.49936 0.0264339 0.0646566 39
