0 0.76962 0.511079 0.0439744 0.128068 1
0 0.518619 0.542891 0.0646887 0.183792 2
0 0.537681 0.302069 0.0645238 0.108246 3
0 0.866231 0.701563 0.0669695 0.112716 4
0 0.466682 0.383558 0.0346993 0.200199 5
0 0.656716 0.476721 0.055726 0.144847 6
0 0.641178 0.521198 0.045942 0.143372 7
0 0.877956 0.619416 0.0501317 0.0649376 8
0 0.545312 0.216898 0.0297499 0.101125 9
0 0.60868 0.354231 0.0550133 0.111563 10
0 0.549527 0.393628 0.0782153 0.150606 11
0 0.880572 0.577161 0.0443194 0.0564368 12
0 0.604205 0.29161 0.0669055 0.0823845 13
0 0.5393 0.172101 0.0570022 0.0976532 14
0 0.899858 0.55775 0.0342592 0.12047 15
0 0.917147 0.375258 0.0244103 0.0781244 16
0 0.659397 0.408723 0.060035 0.111803 17
0 0.654374 0.290346 0.0292198 0.129048 18
0 0.876006 0.450455 0.0422085 0.0896628 19
0 0.568361 0.148287 0.043259 0.0946473 21
0 0.865888 0.532177 0.0371663 0.0713407 22
0 0.813438 0.490538 0.0497294 0.124603 23
0 0.840391 0.592489 0.0299137 0.177551 24
0 0.96585 0.628542 0.0395751 0.086946 26
0 0.827201 0.40752 0.0355232 0.129202 28
0 0.935065 0.402545 0.0203806 0.117519 29
0 0.937176 0.524664 0.022909 0.0862845 31
0 0.909256 0.529352 0.029752 0.0849882 32
0 0.934148 0.627779 0.0239151 0.133124 36
0 0.870401 0.646298 0.057198 0.0630366 35
0 0.747683 0.451613 0.0439876 0.104439 34
0 0.81251 0.418842 0.0460339 0.0722164 20
0 0.931263 0.497657 0.0205301 0.0702359 40
