0 0.745828 0.500726 0.0527264 0.110737 1
0 0.518309 0.542312 0.0637655 0.184185 2
0 0.537416 0.315693 0.0662985 0.130239 3
0 0.872924 0.700572 0.0643302 0.131172 4
0 0.468079 0.388983 0.0340647 0.202688 5
0 0.655979 0.478126 0.0609242 0.140684 6
0 0.643041 0.532161 0.0548193 0.140316 7
0 0.883211 0.632621 0.0516984 0.0744213 8
0 0.544283 0.218579 0.029436 0.103264 9
0 0.608253 0.358044 0.055117 0.117134 10
0 0.500422 0.214148 0.0272217 0.138944 11
0 0.879348 0.581494 0.0483402 0.0608435 12
0 0.652044 0.302365 0.0447686 0.0873137 13
0 0.536654 0.166279 0.0497968 0.0870476 14
0 0.886139 0.48432 0.0214564 0.071506 15
0 0.862492 0.473211 0.0290578 0.0675993 16
0 0.64048 0.398652 0.055796 0.100066 17
0 0.6302 0.259808 0.044459 0.0928964 18
0 0.882094 0.43307 0.030886 0.0620799 19
0 0.808088 0.412408 0.0437668 0.0735101 20
0 0.573132 0.166267 0.0397607 0.112113 21
0 0.868597 0.534956 0.0401392 0.0715067 22
0 0.807301 0.481276 0.0553259 0.0985791 23
0 0.836752 0.591544 0.0334248 0.179832 24
0 0.91912 0.684385 0.0352543 0.109236 25
0 0.962721 0.629205 0.0469625 0.0840138 26
0 0.822863 0.400446 0.0361637 0.123723 28
0 0.929637 0.388131 0.0203034 0.103344 29
0 0.922691 0.491044 0.0213594 0.0686293 30
0 0.935841 0.556205 0.0226037 0.121944 31
0 0.906616 0.541938 0.0319712 0.112641 32
0 0.754772 0.443589 0.0495064 0.0875176 34
