0 0.746636 0.500374 0.0533504 0.111168 1
0 0.519306 0.542418 0.0617224 0.183815 2
0 0.53858 0.316252 0.0665951 0.132191 3
0 0.872416 0.697518 0.065418 0.126197 4
0 0.468004 0.389386 0.0341426 0.201577 5
0 0.6564 0.477684 0.0602464 0.139319 6
0 0.643446 0.532131 0.0534202 0.138759 7
0 0.880672 0.636299 0.0576972 0.0784118 8
0 0.544633 0.218473 0.029496 0.102284 9
0 0.609051 0.357326 0.0574001 0.114925 10
0 0.497655 0.208427 0.0291615 0.142968 11
0 0.879316 0.578951 0.0516389 0.0647144 12
0 0.657237 0.303158 0.0398882 0.0980289 13
0 0.536787 0.167311 0.0506149 0.0916505 14
0 0.888086 0.479005 0.0271334 0.0545368 15
0 0.863101 0.490527 0.0267294 0.0920678 16
0 0.639867 0.4003 0.058493 0.099253 17
0 0.63007 0.262677 0.044912 0.0989471 18
0 0.882355 0.432443 0.0312734 0.0607666 19
0 0.808956 0.412482 0.0436779 0.0739323 20
0 0.573964 0.173599 0.0383578 0.111285 21
0 0.876224 0.537614 0.0416865 0.0622787 22
0 0.809105 0.482248 0.0591325 0.0991245 23
0 0.836694 0.588074 0.0313909 0.181957 24
0 0.929638 0.643269 0.0287213 0.115197 25
0 0.96719 0.633171 0.0411813 0.0689992 26
0 0.81825 0.393409 0.0388399 0.115747 28
0 0.930042 0.388488 0.0192476 0.105169 29
0 0.922565 0.492475 0.0215854 0.0719621 30
0 0.937552 0.544366 0.0208582 0.0924449 31
0 0.907986 0.539689 0.0296843 0.110984 32
0 0.754072 0.459871 0.049617 0.118571 34
