0 0.767474 0.509169 0.0402126 0.121019 1
0 0.504401 0.529332 0.0782186 0.162751 2
0 0.541563 0.318932 0.071555 0.13828 3
0 0.850199 0.705705 0.0703351 0.109744 4
0 0.466635 0.388816 0.0352782 0.199796 5
0 0.655713 0.476563 0.057605 0.14224 6
0 0.639846 0.515696 0.0464838 0.143923 7
0 0.881818 0.621768 0.0473971 0.0631351 8
0 0.544628 0.218673 0.0302745 0.104832 9
0 0.618154 0.351494 0.0553137 0.103973 10
0 0.719622 0.566264 0.0615348 0.114114 11
0 0.880783 0.583319 0.0503219 0.0609115 12
0 0.599612 0.287191 0.0629063 0.0733479 13
0 0.554225 0.168157 0.0619264 0.10293 14
0 0.911872 0.563537 0.0326221 0.0796999 15
0 0.917865 0.376522 0.027454 0.0782577 16
0 0.664884 0.427429 0.0587675 0.122704 17
0 0.748792 0.389382 0.0494062 0.0993327 18
0 0.878536 0.448458 0.0390792 0.0871774 19
0 0.560201 0.129331 0.0439785 0.060565 21
0 0.866896 0.529664 0.0374729 0.0747405 22
0 0.811614 0.489456 0.0529111 0.119907 23
0 0.833592 0.585613 0.0410563 0.163652 24
0 0.971594 0.629659 0.0292276 0.0910227 26
0 0.828753 0.410533 0.0359554 0.133072 28
0 0.908977 0.510921 0.0356964 0.0757772 32
0 0.873176 0.674191 0.0538593 0.114145 35
0 0.750662 0.447369 0.0446706 0.105909 34
0 0.811688 0.417067 0.0459422 0.0714175 20
0 0.923255 0.635377 0.0429617 0.0829499 45
0 0.937602 0.516879 0.0216917 0.057508 29
0 0.944254 0.612886 0.0312194 0.160851 42
