0 0.768919 0.510472 0.0442205 0.128543 1
0 0.519009 0.542927 0.0620459 0.184554 2
0 0.539386 0.327967 0.0656843 0.157708 3
0 0.849703 0.704002 0.072252 0.113283 4
0 0.467889 0.383168 0.0338036 0.198494 5
0 0.656655 0.476307 0.0568107 0.141483 6
0 0.640113 0.515219 0.0462515 0.136721 7
0 0.880785 0.622625 0.0500034 0.0720089 8
0 0.540941 0.219865 0.0384548 0.108606 9
0 0.618842 0.355157 0.0610644 0.110858 10
0 0.672427 0.61143 0.0752945 0.138556 11
0 0.88132 0.579902 0.0504134 0.056062 12
0 0.599934 0.290964 0.0643554 0.0822738 13
0 0.553859 0.168783 0.0617248 0.106051 14
0 0.912163 0.564407 0.0300541 0.0817117 15
0 0.917721 0.376247 0.026533 0.0786105 16
0 0.662512 0.425251 0.0575732 0.126407 17
0 0.651249 0.293913 0.0267275 0.129825 18
0 0.876194 0.448844 0.0432163 0.0859839 19
0 0.569888 0.145767 0.0409802 0.0883185 21
0 0.86541 0.528194 0.0359083 0.0757502 22
0 0.813352 0.488895 0.0491013 0.120073 23
0 0.840746 0.58342 0.0323169 0.163355 24
0 0.964936 0.628258 0.0404944 0.0855628 26
0 0.828306 0.411615 0.0348347 0.132157 28
0 0.919054 0.463298 0.0231511 0.0997201 29
0 0.93748 0.541493 0.021566 0.108915 31
0 0.906771 0.517898 0.0374703 0.059728 32
0 0.874689 0.674653 0.0509524 0.116458 35
0 0.748523 0.454297 0.0476065 0.105753 34
0 0.812763 0.419818 0.045276 0.0731508 20
0 0.928614 0.634808 0.0305223 0.0810777 42
