0 0.769457 0.511053 0.0442669 0.128018 1
0 0.518662 0.542945 0.0645112 0.183873 2
0 0.537757 0.302207 0.0645449 0.108302 3
0 0.866216 0.701564 0.0669746 0.112723 4
0 0.466732 0.383721 0.0347778 0.20022 5
0 0.656759 0.476943 0.0556385 0.145133 6
0 0.641141 0.521162 0.0459346 0.143404 7
0 0.877846 0.619408 0.0502066 0.0648744 8
0 0.545348 0.216888 0.029782 0.10103 9
0 0.608705 0.353887 0.0551899 0.111127 10
0 0.55019 0.395806 0.0786024 0.153214 11
0 0.880613 0.577348 0.044385 0.0569451 12
0 0.604261 0.291071 0.0665906 0.0814032 13
0 0.539715 0.172003 0.0577809 0.0975083 14
0 0.900101 0.561994 0.0347779 0.12923 15
0 0.917055 0.375212 0.0244493 0.077979 16
0 0.659207 0.408556 0.0598677 0.111385 17
0 0.654375 0.290295 0.0292052 0.12889 18
0 0.875831 0.450559 0.0425377 0.0898936 19
0 0.568386 0.148153 0.0432705 0.0942571 21
0 0.865947 0.532228 0.0370997 0.0712808 22
0 0.813411 0.49087 0.0497439 0.12524 23
0 0.840431 0.592439 0.0300053 0.177844 24
0 0.965856 0.628416 0.0396847 0.0867552 26
0 0.827207 0.407826 0.0355014 0.129918 28
0 0.93505 0.402646 0.0204344 0.11699 29
0 0.93717 0.524651 0.0229151 0.0864706 31
0 0.909251 0.529104 0.0298476 0.084541 32
0 0.93413 0.627653 0.0239573 0.132986 36
0 0.870333 0.646268 0.0573515 0.0631489 35
0 0.747719 0.451647 0.0440138 0.104541 34
0 0.812472 0.419076 0.0461538 0.0724263 20
0 0.931241 0.497622 0.0206018 0.0703699 40
