0 0.769025 0.511671 0.0438497 0.133122 1
0 0.518732 0.542155 0.0641031 0.182912 2
0 0.539188 0.327126 0.0650135 0.155861 3
0 0.852295 0.702727 0.0694941 0.119562 4
0 0.467756 0.386517 0.0346783 0.205456 5
0 0.656473 0.477373 0.0574728 0.142114 6
0 0.640435 0.5071 0.0452083 0.119503 7
0 0.877645 0.622826 0.0551037 0.0717337 8
0 0.541844 0.217935 0.0360552 0.105745 9
0 0.614158 0.356434 0.0627774 0.113945 10
0 0.667404 0.610245 0.0790956 0.117021 11
0 0.880622 0.579608 0.0509439 0.0569152 12
0 0.600427 0.287517 0.0643534 0.0764367 13
0 0.552462 0.171297 0.060352 0.111822 14
0 0.912466 0.565779 0.0309052 0.0865591 15
0 0.918548 0.374361 0.0249146 0.0743922 16
0 0.663179 0.421939 0.0551496 0.123683 17
0 0.653414 0.29201 0.0276529 0.127293 18
0 0.87684 0.448271 0.042536 0.086056 19
0 0.569386 0.145383 0.0406028 0.0859998 21
0 0.863818 0.528073 0.0353511 0.0780228 22
0 0.812786 0.488121 0.0500149 0.118971 23
0 0.84113 0.584589 0.0291534 0.16201 24
0 0.965274 0.630569 0.0401378 0.0894634 26
0 0.827846 0.412454 0.0349372 0.13295 28
0 0.919457 0.444335 0.0216835 0.0984697 29
0 0.936417 0.540484 0.0236017 0.106334 31
0 0.904612 0.51612 0.0341584 0.0605039 32
0 0.875513 0.672166 0.0500917 0.110708 35
0 0.746929 0.453929 0.0437076 0.105781 34
0 0.812863 0.418934 0.0457771 0.0703638 20
0 0.93192 0.636666 0.0240472 0.0881733 42
0 0.924429 0.658804 0.0374491 0.133389 36
