0 0.773165 0.507694 0.0452246 0.0987084 1
0 0.50175 0.52982 0.0835767 0.164152 2
0 0.542859 0.32004 0.0733954 0.137572 3
0 0.848774 0.706383 0.0697832 0.105539 4
0 0.46673 0.391529 0.0353888 0.205881 5
0 0.655522 0.473973 0.0575017 0.139161 6
0 0.637425 0.518764 0.0545516 0.153209 7
0 0.88271 0.620658 0.0401971 0.0571717 8
0 0.544432 0.218993 0.0290014 0.101916 9
0 0.61797 0.351118 0.0557303 0.103853 10
0 0.750453 0.582035 0.0656192 0.113739 11
0 0.8801 0.581038 0.0515351 0.0635206 12
0 0.59975 0.286103 0.0634497 0.0715379 13
0 0.558168 0.176067 0.0604788 0.105263 14
0 0.911585 0.563463 0.0320597 0.077977 15
0 0.917719 0.376818 0.0274894 0.078676 16
0 0.665886 0.429621 0.0617119 0.126699 17
0 0.751344 0.393465 0.0513109 0.1013 18
0 0.87848 0.449034 0.0392324 0.0882278 19
0 0.563868 0.134218 0.0464547 0.0670056 21
0 0.862944 0.534684 0.0305141 0.0763886 22
0 0.811755 0.480642 0.0538902 0.106522 23
0 0.972792 0.631559 0.0270588 0.0943842 26
0 0.830042 0.404407 0.0390872 0.124614 28
0 0.90999 0.511688 0.035792 0.0780739 32
0 0.866396 0.670584 0.0601737 0.120359 35
0 0.752293 0.45295 0.0435001 0.101686 34
0 0.813053 0.416869 0.0455781 0.0745553 20
0 0.921873 0.636561 0.0476785 0.0835263 45
0 0.935654 0.524476 0.0266609 0.0752798 29
0 0.9467 0.620344 0.0335482 0.149868 42
0 0.846135 0.57715 0.0641368 0.163491 46
0 0.847201 0.546735 0.0622998 0.102134 47
0 0.837235 0.575788 0.0453339 0.15768 24
