0 0.770319 0.509568 0.0422575 0.126236 1
0 0.516767 0.544018 0.0672352 0.181488 2
0 0.541469 0.312057 0.0695908 0.128462 3
0 0.866007 0.700114 0.0676981 0.112386 4
0 0.46625 0.378944 0.0345824 0.196461 5
0 0.657281 0.474215 0.0552823 0.142131 6
0 0.639919 0.522669 0.0463094 0.144276 7
0 0.880811 0.621159 0.0473157 0.0709597 8
0 0.545337 0.217511 0.0293402 0.10054 9
0 0.608082 0.35672 0.055507 0.11512 10
0 0.520631 0.351663 0.0704937 0.147344 11
0 0.879696 0.579875 0.0444222 0.0539309 12
0 0.606522 0.298065 0.0664478 0.0918617 13
0 0.539364 0.172249 0.0576265 0.0971379 14
0 0.899304 0.56699 0.0329015 0.137755 15
0 0.915557 0.382456 0.0222137 0.0758628 16
0 0.655242 0.400814 0.0589681 0.096191 17
0 0.654327 0.29078 0.0300803 0.128614 18
0 0.876926 0.450523 0.0416059 0.0920522 19
0 0.568252 0.147028 0.0446045 0.0931106 21
0 0.866228 0.531225 0.0364923 0.0687522 22
0 0.813764 0.48983 0.0491569 0.121002 23
0 0.840602 0.591084 0.0306824 0.173851 24
0 0.965783 0.628636 0.0397743 0.0866049 26
0 0.826552 0.408666 0.0353488 0.128895 28
0 0.931897 0.380683 0.0193463 0.116252 29
0 0.937285 0.52259 0.0223305 0.0906778 31
0 0.908261 0.527884 0.029552 0.086781 32
0 0.934151 0.630001 0.0237816 0.136792 36
0 0.870407 0.645611 0.0566373 0.0635761 35
0 0.750488 0.452824 0.0493686 0.10286 34
0 0.812614 0.418971 0.0446799 0.0703081 20
0 0.930039 0.495855 0.0220957 0.0685133 40
