0 0.769855 0.50827 0.0393303 0.122929 1
0 0.513789 0.544054 0.0701011 0.183224 2
0 0.540917 0.318641 0.0703096 0.139095 3
0 0.848172 0.705597 0.0732515 0.110856 4
0 0.466785 0.390402 0.0352622 0.202557 5
0 0.657707 0.47343 0.0538341 0.140027 6
0 0.638811 0.519913 0.0478395 0.146254 7
0 0.882575 0.622386 0.0485353 0.0674014 8
0 0.544346 0.217468 0.0316692 0.106181 9
0 0.617836 0.352535 0.0532856 0.105562 10
0 0.717416 0.566477 0.05732 0.124009 11
0 0.880783 0.584428 0.0497025 0.0605082 12
0 0.599791 0.2858 0.0639637 0.0707663 13
0 0.554161 0.160771 0.0603768 0.0906228 14
0 0.910631 0.562247 0.0328317 0.0843572 15
0 0.918009 0.376362 0.0269831 0.0789932 16
0 0.664836 0.420178 0.0603547 0.118278 17
0 0.709849 0.379618 0.060482 0.133026 18
0 0.878239 0.44937 0.0407209 0.0877645 19
0 0.561143 0.130402 0.0422233 0.0593633 21
0 0.866218 0.530323 0.0362227 0.0757581 22
0 0.812614 0.494188 0.0498031 0.127933 23
0 0.836276 0.585714 0.044447 0.157477 24
0 0.969556 0.625474 0.0320912 0.0822246 26
0 0.827942 0.412465 0.0347347 0.134233 28
0 0.908922 0.509715 0.0379702 0.0719612 32
0 0.873949 0.674641 0.0534883 0.114409 35
0 0.749871 0.453305 0.0448924 0.108497 34
0 0.810964 0.417026 0.0463651 0.0722085 20
0 0.922437 0.644485 0.04235 0.0965954 45
0 0.938826 0.51444 0.0218985 0.0542383 29
0 0.940844 0.597127 0.0272024 0.16163 42
