0 0.768418 0.511704 0.0421474 0.129936 1
0 0.517255 0.542756 0.0667831 0.184919 2
0 0.53906 0.325372 0.0655264 0.154206 3
0 0.865785 0.703638 0.0685213 0.107528 4
0 0.467568 0.386799 0.0334212 0.20558 5
0 0.656108 0.476987 0.0595575 0.144396 6
0 0.641428 0.517339 0.0452892 0.137633 7
0 0.875662 0.619129 0.0535746 0.0647476 8
0 0.544399 0.218909 0.03139 0.104625 9
0 0.610148 0.354999 0.0586931 0.109353 10
0 0.593469 0.49003 0.0583919 0.187014 11
0 0.883285 0.581543 0.0449698 0.0587271 12
0 0.600915 0.289403 0.0656429 0.0791711 13
0 0.540844 0.171593 0.0612496 0.0948769 14
0 0.911058 0.561064 0.0315434 0.0789686 15
0 0.917747 0.375642 0.0253791 0.0785922 16
0 0.663322 0.421877 0.0584179 0.126991 17
0 0.65357 0.291687 0.0277711 0.130133 18
0 0.875737 0.450077 0.0428192 0.090026 19
0 0.569046 0.148104 0.0436888 0.0936294 21
0 0.865459 0.534064 0.0357546 0.0773514 22
0 0.813344 0.489751 0.0506552 0.120527 23
0 0.841237 0.590263 0.0296069 0.176494 24
0 0.966373 0.629072 0.0384915 0.0864217 26
0 0.827265 0.408582 0.035053 0.129688 28
0 0.928285 0.423454 0.0358687 0.0840826 29
0 0.935524 0.528064 0.0255701 0.0866729 31
0 0.904584 0.514306 0.0366921 0.0588182 32
0 0.934862 0.63048 0.0227643 0.132047 36
0 0.87104 0.647884 0.0572593 0.0634344 35
0 0.749295 0.452108 0.0475153 0.102701 34
0 0.812084 0.417555 0.0450038 0.0692576 20
