0 479.544448 367.067200 506.511232 285.421760 1
0 309.948000 405.240640 352.681120 288.827840 2
0 325.489152 241.681600 366.750208 160.354880 3
0 535.816800 485.369280 575.471520 412.217920 4
0 287.043712 306.069120 309.287808 179.811200 5
0 402.612672 350.655040 439.707968 258.347200 6
0 392.775232 381.351360 424.343488 288.805440 7
0 547.569888 417.648960 578.151712 375.193280 8
0 339.671296 172.067520 357.722624 106.912320 9
0 371.301312 265.928960 407.940928 192.206080 10
0 307.768480 246.711360 327.349600 142.477760 11
0 548.995104 386.857504 576.924896 351.482336 12
0 376.048224 208.193248 412.010656 165.368352 13
0 327.231520 140.590624 363.771360 79.555296 14
0 563.411168 400.189120 584.212512 312.306240 15
0 566.690112 270.005888 586.593728 230.303872 16
0 402.277280 281.887072 437.215840 224.064928 17
0 408.102048 227.088320 429.862752 140.637760 18
0 547.724544 317.694208 574.661376 257.983232 19
0 349.542944 123.923328 376.906976 64.860032 21
0 543.179840 360.348288 566.559680 318.632832 22
0 505.196928 355.784320 536.353152 279.628160 23
0 528.216800 428.268480 546.883360 322.652480 24
0 605.104192 427.576576 630.762688 374.215424 26
0 517.681344 300.917120 540.553536 220.666240 28
0 587.951456 281.062720 601.681824 214.023360 29
0 590.457568 361.974784 606.827552 302.427136 31
0 572.249216 365.529344 590.437504 308.598016 32
0 589.424832 445.401920 605.196608 356.766400 36
0 539.792160 432.845216 575.007200 391.922784 35
0 465.732192 322.429440 497.492128 257.406720 34
0 504.610208 291.541280 534.090592 243.953120 20
