0 478.199712 370.556160 506.252128 284.030720 1
0 311.109408 404.970240 352.299232 287.287040 2
0 324.291072 258.686720 365.828608 159.427840 3
0 521.741376 487.945280 567.122624 413.727680 4
0 288.387968 310.812800 310.347392 181.656960 5
0 402.298080 351.063360 438.637600 260.168640 6
0 394.952704 375.455360 424.933376 286.069120 7
0 547.000480 422.265280 579.695200 375.769920 8
0 334.380352 174.885760 358.699968 105.539200 9
0 374.510208 262.752640 414.809472 191.337600 10
0 405.717888 435.960320 454.494592 347.024640 11
0 547.331616 389.642272 580.051424 352.725728 12
0 363.481024 209.403232 404.968256 159.695008 13
0 334.473824 144.931840 375.135136 73.775360 14
0 574.095488 388.664480 593.639552 334.750560 15
0 579.070048 265.839680 595.624352 216.035520 16
0 406.727968 298.267840 439.953632 231.251520 17
0 408.971744 228.787840 425.492256 145.601920 18
0 547.041920 315.299424 574.755200 259.704736 19
0 351.055680 119.908800 377.435840 65.920320 21
0 541.408032 363.100768 564.343008 313.418912 22
0 504.100128 351.599040 536.576992 274.559040 23
0 528.439328 427.643520 547.627232 322.535040 24
0 604.424736 430.577600 630.620384 374.854720 26
0 519.103488 305.168000 541.320192 221.292160 28
0 581.727072 324.538240 595.846048 260.323200 29
0 592.117056 380.749120 606.928064 311.596480 31
0 568.294784 350.475552 590.727296 311.640288 32
0 543.155808 469.454400 576.205472 394.854080 35
0 464.081056 324.074560 491.945824 256.569280 34
0 505.751680 291.209280 534.866560 245.247680 20
0 585.868672 431.366688 604.044928 380.099552 42
