0 478.169504 367.877120 506.017376 285.680640 1
0 312.723392 406.521600 352.061248 288.674560 2
0 324.209600 261.291840 366.345280 159.440320 3
0 521.214400 487.413120 566.743360 414.586240 4
0 288.677024 309.718400 310.241376 181.701760 5
0 402.265888 350.413760 438.365152 259.397440 6
0 394.482144 374.288320 424.870176 285.687360 7
0 549.379200 419.058656 579.657600 375.771424 8
0 333.927616 175.104000 358.590784 105.904640 9
0 377.356576 262.605760 414.214624 192.329280 10
0 406.540640 436.022080 455.168160 346.211520 11
0 547.757824 390.278272 580.010496 353.499008 12
0 363.568640 212.189440 404.023040 159.457280 13
0 334.699616 142.207040 374.401184 74.029760 14
0 573.761312 390.075520 593.382368 334.962560 15
0 578.681344 266.521856 596.029696 215.564544 16
0 406.060160 315.017920 442.226560 231.931200 17
0 411.497216 239.288640 431.170304 154.804160 18
0 547.113792 315.196832 574.423488 259.715168 19
0 351.945472 120.482272 377.788928 65.131808 21
0 542.322528 362.326816 565.791392 314.744544 22
0 504.614944 354.823360 535.687136 274.707520 23
0 527.472832 428.083520 548.879168 323.832000 24
0 604.508288 430.368736 630.527872 374.528544 26
0 518.908224 306.304960 541.023936 221.202240 28
0 582.995488 338.185824 597.524192 276.608416 29
0 593.614272 382.852800 606.877248 311.318080 31
0 569.047008 351.357280 593.402912 311.815840 32
0 541.038496 467.650880 575.984224 394.516160 35
0 463.780960 324.354560 493.758880 256.556800 34
0 505.154272 290.728864 534.384928 245.244256 20
0 584.936672 432.273952 603.906848 380.236768 42
