0 479.118432 366.681600 506.583968 285.544960 1
0 309.210592 406.336320 352.267808 290.106560 2
0 324.461664 240.617600 369.157536 158.625920 3
0 532.398560 484.250240 575.817760 411.963520 4
0 287.297536 305.859520 309.279744 179.638080 5
0 402.713632 348.192320 438.306528 258.132160 6
0 394.823904 380.865600 424.596256 288.239040 7
0 546.109728 418.955104 578.834912 374.967456 8
0 339.659968 171.435840 358.377792 107.011520 9
0 371.529728 265.254080 406.623232 191.467840 10
0 311.978912 271.426880 357.573728 180.168640 11
0 549.045280 387.164576 577.096160 353.754464 12
0 366.876608 217.245440 409.253952 161.233920 13
0 326.722944 141.624704 363.668096 79.116416 14
0 565.022816 405.704960 586.145184 318.755840 15
0 579.105760 266.766912 593.266720 217.841088 16
0 400.975648 288.386784 438.128352 225.542176 17
0 409.182016 227.169920 428.433344 144.851840 18
0 547.813760 317.710688 574.623360 259.007392 19
0 349.425216 123.868800 377.904064 64.353920 21
0 542.632576 363.485696 565.980544 318.024704 22
0 505.020864 352.829120 536.476736 274.623040 23
0 528.228832 434.245760 547.819808 322.001280 24
0 605.403040 430.055232 630.833760 374.769088 26
0 517.701184 303.272960 540.252096 220.248320 28
0 590.685280 279.453440 602.565280 206.904320 29
0 592.658560 363.311808 607.004800 303.282752 31
0 571.901984 367.088256 590.884576 310.390144 32
0 590.371360 446.300800 605.443040 359.675520 36
0 538.177504 433.686656 575.281696 392.943744 35
0 464.564672 322.498240 496.774208 256.616000 34
0 505.793888 291.530880 534.627232 245.618560 20
0 588.810272 340.900608 602.581728 295.692032 40
