0 478.287072 368.039680 506.617888 286.108160 1
0 311.300096 406.324160 352.587264 288.645440 2
0 323.510112 228.069120 364.818848 158.755840 3
0 532.946368 485.072320 575.810112 412.929600 4
0 287.579584 309.651840 309.837376 181.511040 5
0 402.521440 351.686080 438.130080 258.800960 6
0 395.631168 379.432960 425.029312 287.654400 7
0 545.755328 417.180928 577.887552 375.661312 8
0 339.492480 171.137920 358.552960 106.478720 9
0 371.910432 262.048320 407.231968 190.927040 10
0 326.968832 302.344320 377.274368 204.287360 11
0 549.389120 387.725152 577.795520 351.280288 12
0 365.418048 212.334464 408.036032 160.236416 13
0 326.927712 141.284576 363.907488 78.879264 14
0 564.935712 401.029760 587.193568 318.322560 15
0 579.091424 265.088960 594.738976 215.182400 16
0 402.734816 297.119040 441.050144 225.832640 17
0 409.454336 227.033600 428.145664 144.544000 18
0 546.919776 317.123712 574.143904 259.591808 19
0 349.920480 124.980192 377.613600 64.655648 21
0 542.334176 363.435776 566.077984 317.816064 22
0 504.664992 354.233600 536.501088 274.080000 23
0 528.274144 436.071040 547.477536 322.250880 24
0 605.448736 429.947904 630.846944 374.424576 26
0 518.052032 302.582400 540.772928 219.434880 28
0 591.892992 295.130240 604.971008 220.256640 29
0 592.455968 363.447232 607.121632 308.106048 31
0 572.369408 365.679680 591.471872 311.573440 32
0 590.176864 444.253440 605.509536 359.142400 36
0 538.660640 433.819168 575.365600 393.403872 35
0 464.455744 322.507200 492.624576 255.600960 34
0 505.212864 291.385056 534.751296 245.032224 20
0 589.401664 340.996448 602.586816 295.959712 40
