0 459.967264 357.007040 494.185696 284.660800 1
0 309.901120 404.972160 352.729280 287.685760 2
0 323.013536 255.300480 365.230944 159.753600 3
0 537.879328 490.269120 578.367712 407.283520 4
0 288.471680 309.183040 310.693760 183.774400 5
0 400.645504 352.484800 439.776896 261.765440 6
0 393.823904 384.501760 429.176416 296.561920 7
0 547.136736 418.660320 581.184544 380.081440 8
0 339.230848 172.449920 357.968512 106.648960 9
0 370.808448 266.749760 407.092352 192.130240 10
0 313.141568 178.761280 331.300032 95.197120 11
0 547.823552 389.613312 577.069888 352.242688 12
0 392.337888 221.724192 424.884512 168.674528 13
0 327.168480 134.635744 358.137120 79.695136 14
0 559.697664 358.438880 577.339136 298.916640 15
0 539.972352 322.963200 559.239168 274.641920 16
0 391.496960 287.020512 427.089920 223.796768 17
0 385.851584 191.738528 416.710976 136.345952 18
0 554.885888 302.549248 574.495232 257.420032 19
0 502.299872 286.973248 530.921248 239.804352 20
0 353.011808 124.354112 378.451872 69.153728 21
0 542.196128 361.984064 566.546272 319.211456 22
0 498.670112 338.710656 534.360288 275.289984 23
0 523.884320 431.059200 545.516000 320.661760 24
0 571.424480 477.571040 591.367200 413.919520 25
0 600.585888 430.768320 630.889312 374.611520 26
0 516.496032 290.080640 539.154528 221.283200 28
0 587.641600 281.657600 601.642240 214.528000 29
0 585.080576 354.303360 597.026304 293.452160 30
0 592.186816 388.141120 606.561344 315.285440 31
0 574.654656 382.542080 591.077184 314.606080 32
0 465.739040 328.195840 498.365920 256.334080 34
