0 479.313376 368.169920 506.162464 285.125440 1
0 309.524448 405.375680 352.655392 288.715840 2
0 324.955232 243.924480 367.080608 160.212480 3
0 536.714016 485.523200 575.493344 412.093440 4
0 286.997280 303.442880 309.274080 178.859840 5
0 403.978208 358.469440 439.870752 259.741120 6
0 392.604192 384.167680 424.656608 288.592640 7
0 547.145216 417.087872 578.504704 375.175808 8
0 339.594496 173.115520 357.828864 106.188160 9
0 371.408032 266.112000 408.425568 192.531200 10
0 310.620096 229.225920 327.310144 126.509120 11
0 548.532896 386.701760 576.873824 351.164480 12
0 379.020160 217.756672 413.688960 167.941888 13
0 327.280704 139.942400 363.711936 79.614720 14
0 563.045152 397.579840 584.168928 311.702720 15
0 563.766560 269.501120 584.911840 233.454400 16
0 398.180736 283.969664 436.939904 226.805376 17
0 406.229664 224.770240 426.434656 134.858560 18
0 546.740032 317.464928 574.532288 257.371552 19
0 349.816672 123.900192 377.065888 65.149408 21
0 542.830560 358.053184 566.443040 318.883776 22
0 502.689952 356.714560 534.093408 276.704960 23
0 528.789248 429.640960 546.678272 323.147520 24
0 605.393536 427.167968 630.890624 374.242592 26
0 517.726464 303.484800 540.571136 220.908160 28
0 586.904800 281.849280 601.461280 213.934400 29
0 591.899936 361.436672 606.918624 306.719488 31
0 572.619456 370.846880 590.723904 308.725600 32
0 589.479552 448.387520 605.465728 354.840640 36
0 539.585952 433.595296 575.509088 392.489824 35
0 466.749728 321.594240 497.163232 257.130880 34
0 504.756288 291.780128 533.676992 245.337312 20
0 586.324384 335.124512 598.283616 302.344928 39
