0 479.424384 366.039680 504.090496 286.129280 1
0 298.454336 389.972800 348.234944 287.125440 2
0 323.596832 248.200960 369.772768 159.884800 3
0 520.620736 486.508800 566.725184 416.628480 4
0 287.377088 315.260480 309.915712 184.722880 5
0 401.357728 350.101760 438.031712 259.403520 6
0 394.696704 375.347520 424.432896 283.844800 7
0 549.101504 418.769312 579.596096 377.779808 8
0 338.836192 173.597440 358.332448 106.423040 9
0 377.828960 257.953600 413.132960 191.568320 10
0 440.724224 399.264640 479.644416 325.155200 11
0 547.918016 392.720256 579.680064 353.938304 12
0 363.670816 207.463232 403.840224 160.244928 13
0 334.882144 136.450432 374.146976 74.502528 14
0 573.035072 386.715968 594.108608 334.985152 15
0 578.623584 265.912992 596.186016 215.946848 16
0 406.731648 311.545600 444.644992 234.370560 17
0 461.939232 280.711680 494.056928 216.948480 18
0 549.791424 314.911040 574.837056 259.046080 19
0 344.347968 101.345632 372.428992 63.158688 21
0 542.764832 362.713504 566.758368 314.284896 22
0 502.952384 353.173120 536.606016 274.930560 23
0 520.275648 427.040320 547.496512 320.937920 24
0 612.642496 429.678720 631.209024 373.896320 26
0 518.896384 305.200320 541.861376 220.253760 28
0 569.933152 350.704192 593.105568 302.758848 32
0 541.461984 468.318720 576.164896 395.046400 35
0 466.301824 320.484160 494.920576 252.140480 34
0 504.669056 289.956064 534.100864 244.411936 20
0 577.170976 433.894080 604.240864 380.096320 45
0 593.146592 348.869408 607.000608 312.053472 29
0 594.403296 441.265280 614.421024 340.704640 42
