0 480.177088 364.924800 505.259072 285.956480 1
0 305.682240 406.834880 351.098560 289.632320 2
0 323.696544 248.409920 369.030496 159.465920 3
0 519.295008 486.977280 566.257632 416.400640 4
0 287.446976 314.539200 310.027584 185.011520 5
0 403.656032 348.147840 438.205088 258.245760 6
0 393.377312 379.749120 424.101088 285.978880 7
0 549.243136 420.080352 580.289024 376.714528 8
0 338.330336 173.103040 358.440224 105.460800 9
0 378.276032 259.022720 412.298048 191.698560 10
0 441.559424 401.784960 477.950336 323.649920 11
0 547.716896 393.422688 579.530464 354.700192 12
0 363.487424 204.540512 404.269376 160.218528 13
0 335.309376 131.678848 373.905344 73.901952 14
0 572.401792 387.297024 593.310848 333.126656 15
0 578.935840 266.156960 596.177120 215.626080 16
0 406.383168 308.907520 444.827072 231.415040 17
0 435.876512 284.120960 474.471008 201.681280 18
0 549.124768 315.761088 575.058272 259.414592 19
0 345.652768 102.256416 372.495072 64.421344 21
0 542.838848 363.582688 565.975232 314.938912 22
0 504.199392 356.741120 535.986208 275.193600 23
0 520.590976 426.326080 549.465984 323.834560 24
0 610.594752 426.673088 630.838848 373.975872 26
0 518.737056 307.060160 540.980064 221.051200 28
0 569.108128 349.056992 593.650272 303.088928 32
0 542.027136 467.858560 576.316544 395.163520 35
0 465.619392 324.421760 494.595648 255.102080 34
0 504.250592 289.946784 533.821728 243.808096 20
0 576.812672 442.151648 603.933568 381.579552 45
0 593.830944 345.898400 607.848416 311.862880 29
0 593.544512 435.649280 611.099328 332.064000 42
0 593.683104 402.320960 610.996576 333.301440 31
