0 460.672640 356.020480 495.404160 284.560640 1
0 312.070336 405.921600 352.208704 288.276160 2
0 323.256128 244.737600 366.213312 158.358720 3
0 538.231264 484.499840 578.873376 406.097280 4
0 288.570720 311.621440 310.831520 184.168640 5
0 404.838976 351.549440 439.291584 261.177600 6
0 393.892832 385.439360 428.718368 296.071040 7
0 546.064384 431.309152 581.965056 382.800288 8
0 339.369696 172.096960 358.109984 106.896960 9
0 371.442112 265.376000 408.007488 191.997440 10
0 309.528480 173.546880 329.464160 84.781440 11
0 546.289600 390.480224 579.209280 349.247136 12
0 407.639616 225.013344 433.544384 162.221216 13
0 327.979776 135.347104 359.769344 77.319776 14
0 558.990976 323.742688 576.971904 288.986912 15
0 543.964384 349.572800 560.411936 284.206400 16
0 390.488672 288.207680 428.378528 224.105920 17
0 389.069920 200.518720 418.360480 136.276160 18
0 554.753824 294.855584 574.618336 257.129056 19
0 504.015520 287.722432 531.993440 240.341568 20
0 357.342016 146.909120 379.337664 77.567040 21
0 552.337216 360.222176 579.085504 321.788704 22
0 499.103296 339.366912 536.608704 277.342208 23
0 525.615552 433.379200 546.351168 318.588800 24
0 589.310912 448.152000 605.049408 358.562880 25
0 604.407168 425.383616 631.338112 385.452864 26
0 511.566080 286.176640 536.263680 214.280320 28
0 588.942528 282.471040 601.457472 214.826880 29
0 584.004416 334.722016 596.978624 291.363104 30
0 593.594368 367.345216 606.664192 319.323584 31
0 570.173632 382.554880 590.968128 309.936640 32
0 466.477184 328.542080 498.318976 256.749440 34
