0 478.227808 370.453120 506.106272 284.615040 1
0 311.092224 405.375680 352.470016 288.342080 2
0 324.268800 259.468160 365.848320 159.475840 3
0 522.691104 488.171840 567.652576 411.638720 4
0 288.208032 313.884800 310.441568 181.645440 5
0 401.826368 350.418880 438.636992 260.029760 6
0 395.378432 366.074560 424.455168 286.498880 7
0 545.180384 421.977248 579.509536 375.145312 8
0 335.136736 173.862400 358.472224 105.719040 9
0 372.804448 263.011200 413.123232 191.310720 10
0 404.661152 429.170560 451.780448 352.370560 11
0 547.241376 389.225728 579.963744 352.631552 12
0 363.558176 209.344384 404.843744 159.611776 13
0 334.340704 144.475200 373.139616 73.726400 14
0 574.038336 389.783648 593.883584 334.357152 15
0 579.907648 263.898624 595.765952 215.849216 16
0 406.672800 304.708480 441.364320 230.810240 17
0 409.382528 228.038720 427.016832 146.411200 18
0 547.436992 314.792512 574.794048 259.371968 19
0 351.379712 119.956960 377.372928 65.750560 21
0 541.924544 362.964288 564.151616 313.234112 22
0 504.100640 350.684480 536.214240 274.385600 23
0 529.064736 426.181120 547.669984 322.575360 24
0 604.884288 432.181376 630.699712 374.954624 26
0 518.766656 306.153920 541.089984 221.259840 28
0 581.345184 315.556416 595.390816 254.348224 29
0 591.747008 380.239680 606.825792 311.866560 31
0 568.198080 349.634752 590.044480 311.093568 32
0 544.487712 467.674560 576.431328 394.701120 35
0 464.161376 324.376000 491.889824 256.636480 34
0 505.614848 290.766592 534.903552 245.611008 20
0 579.907872 465.365440 603.839968 379.428160 36
0 587.966336 434.835296 604.133504 379.645344 42
