0 477.872768 368.429440 506.550912 286.614400 1
0 310.987808 406.440000 352.381152 288.807360 2
0 324.104032 238.023360 364.820128 159.371840 3
0 532.419552 485.129600 575.571488 414.189440 4
0 288.117664 311.877120 310.200416 182.122240 5
0 401.212736 350.315840 438.421184 259.211200 6
0 395.865408 380.155840 424.915392 287.914560 7
0 544.127296 417.172608 577.687744 375.738752 8
0 338.970176 171.818880 358.485184 106.705280 9
0 371.878688 259.456320 408.907232 191.025600 10
0 344.356096 342.316800 383.649024 224.486400 11
0 550.382368 389.054272 579.081952 352.353728 12
0 364.006464 213.852384 406.403776 159.857696 13
0 326.847200 140.191328 365.061920 79.081632 14
0 568.715360 392.219072 591.384480 331.067968 15
0 579.505312 264.178048 595.480928 215.125632 16
0 404.934784 310.472640 442.549376 228.032320 17
0 409.554176 228.377920 428.121344 145.123520 18
0 547.478624 316.440192 574.227616 259.193728 19
0 349.978880 124.305152 377.383680 64.515328 21
0 542.885696 365.460544 565.799104 317.944256 22
0 504.517280 350.829440 536.680800 274.011520 23
0 528.615328 431.526400 547.918432 319.493120 24
0 605.921952 427.859072 630.895968 374.636928 26
0 518.466464 303.182080 540.887136 220.179200 28
0 586.598016 301.143296 608.599424 237.281024 29
0 591.881824 365.596128 606.944416 308.253472 31
0 567.559648 347.500160 590.931232 308.690560 32
0 590.780000 444.830080 605.871520 359.900800 36
0 538.775552 435.002880 575.566848 394.528000 35
0 464.915520 322.158400 493.383360 255.846080 34
0 505.868672 290.964704 534.880128 245.110816 20
