0 478.811808 368.522880 506.054752 285.705600 1
0 309.024896 406.182400 352.326784 287.552000 2
0 324.128544 256.921600 365.216736 159.083520 3
0 528.789696 486.609920 572.235584 418.993920 4
0 288.485632 310.737600 310.069248 181.872960 5
0 402.361984 351.434880 438.636416 259.512960 6
0 395.991744 368.249920 424.700736 286.599360 7
0 542.161344 418.532448 577.677376 375.715232 8
0 337.545600 174.156800 358.268800 106.478080 9
0 372.462368 266.320960 409.791712 192.706240 10
0 370.822272 411.786880 421.492608 295.155840 11
0 550.066496 390.859200 579.656384 352.589120 12
0 363.584864 208.729024 405.371296 159.784256 13
0 326.858656 143.053344 368.296544 79.090656 14
0 573.164096 385.496736 593.517504 333.599584 15
0 579.306144 261.480160 595.399776 215.172640 16
0 405.821184 310.663360 443.243776 230.132800 17
0 409.335360 227.613120 427.188160 145.652800 18
0 545.742272 315.317984 574.403648 258.609696 19
0 350.085440 125.235168 378.279360 64.995872 21
0 541.915648 362.906016 565.283072 312.287584 22
0 504.606304 354.095040 536.636576 275.050560 23
0 529.211520 435.300800 548.205440 320.801600 24
0 605.429920 427.587136 630.726240 375.251904 26
0 518.373920 303.986880 540.800480 220.888640 28
0 581.359936 295.614048 600.048064 242.542752 29
0 590.376000 374.552960 606.912960 310.673280 31
0 567.184416 348.918336 590.377184 310.652864 32
0 586.051936 460.466560 604.662944 374.221440 36
0 538.597440 443.080128 576.336320 394.394432 35
0 463.868704 322.975040 493.913056 256.466880 34
0 504.955904 290.027168 534.006016 245.656672 20
