0 480.280736 365.123520 505.000544 285.207360 1
0 302.850272 406.442240 350.889248 290.960640 2
0 323.643808 248.624640 368.927072 159.673600 3
0 519.957920 485.846720 566.102880 416.456000 4
0 287.552928 317.081920 310.007392 185.145280 5
0 403.211200 349.469440 438.367040 258.598400 6
0 394.061728 379.597760 423.949152 285.742400 7
0 548.919360 420.020064 580.045760 376.328096 8
0 338.268960 173.661120 358.403040 105.931840 9
0 378.323520 258.972480 412.751040 191.262400 10
0 441.274144 401.884480 478.887136 324.313280 11
0 547.499744 393.163456 579.496736 354.909504 12
0 363.644672 204.292352 403.986688 160.265728 13
0 334.996480 134.941696 374.338560 73.837824 14
0 572.269344 386.457472 593.328096 333.623168 15
0 578.919904 266.149568 596.276256 215.781952 16
0 406.137728 313.115840 444.036992 232.445760 17
0 442.962528 278.673600 481.521312 209.673280 18
0 549.878816 315.355712 575.008224 259.300288 19
0 344.870016 101.663776 372.544384 64.266464 21
0 542.685920 363.316864 566.002720 314.971776 22
0 503.915008 355.435200 535.855872 274.672960 23
0 520.165056 427.502400 549.592384 325.337280 24
0 612.356768 426.504224 631.165792 374.178016 26
0 518.652064 307.584000 540.919136 221.207040 28
0 568.876256 348.961344 593.178144 302.632896 32
0 542.070592 468.292480 576.160448 395.150720 35
0 466.139776 323.893120 495.268224 252.666240 34
0 504.172800 289.620640 533.770240 243.871840 20
0 576.174336 441.709888 603.613184 381.829312 45
0 593.406560 345.136352 607.403680 311.847968 29
0 593.690304 436.709120 613.978176 336.299520 42
