0 478.081920 368.538880 505.719680 286.863360 1
0 310.052960 406.371200 352.477600 288.339840 2
0 323.980704 251.159360 366.164576 159.133120 3
0 532.171136 484.392960 576.239744 414.662400 4
0 288.592928 312.864320 309.929952 181.773760 5
0 401.065216 351.338880 438.937344 258.773120 6
0 395.964512 377.435200 424.973728 286.605760 7
0 543.163296 416.347392 577.591904 375.637248 8
0 338.466528 173.557120 358.594592 106.611840 9
0 371.477344 261.184960 409.186976 191.592000 10
0 350.356608 363.769920 392.644992 243.108800 11
0 550.762656 390.887552 579.685984 353.628288 12
0 363.594528 210.033184 405.639392 159.752416 13
0 326.563328 140.473920 365.677312 79.446720 14
0 572.934592 384.552224 593.013568 333.907936 15
0 579.302656 264.932512 595.472384 215.181408 16
0 405.991520 307.752000 443.055520 228.994240 17
0 409.457792 228.639680 427.319168 145.046080 18
0 547.395168 316.510848 574.170272 259.161472 19
0 350.345600 124.895968 378.209920 64.792352 21
0 542.525888 366.481824 565.287232 317.561696 22
0 504.549664 352.769600 536.723936 274.596800 23
0 529.160736 433.969600 547.789024 320.732480 24
0 606.052992 430.300128 630.869888 374.844192 26
0 518.192864 304.086720 541.074976 219.845440 28
0 582.856096 298.794720 607.081824 243.534880 29
0 590.603904 364.836320 606.925696 310.037280 31
0 567.105664 348.324096 590.897536 310.237184 32
0 591.111488 440.160320 605.847232 360.617920 36
0 538.714112 434.462432 575.710208 394.356768 35
0 464.382240 322.148480 493.165280 256.099200 34
0 505.446176 288.907008 534.137824 245.021952 20
