0 460.557216 355.941120 495.067744 284.634880 1
0 312.311008 406.078400 352.195872 288.310080 2
0 323.014656 244.172800 366.402304 159.321600 3
0 538.592704 484.479040 578.994496 406.539200 4
0 288.470304 313.250240 310.834656 184.386880 5
0 403.300448 351.360000 439.395232 261.018880 6
0 394.470656 386.322880 428.696064 295.996480 7
0 545.359488 431.927296 582.148992 382.654464 8
0 339.244832 173.102080 358.113248 107.339520 9
0 371.569856 264.852160 407.915584 192.096320 10
0 309.552960 174.274880 328.591040 84.853440 11
0 545.974016 390.759968 579.281664 350.175712 12
0 407.658048 225.607072 433.514432 162.275168 13
0 327.813568 133.025504 360.123712 77.676576 14
0 559.597568 324.741792 576.755712 289.210208 15
0 543.401856 349.383680 560.625024 284.591360 16
0 390.924160 289.510080 428.685440 224.438080 17
0 388.951680 200.613120 418.115200 136.469760 18
0 554.742272 296.533696 574.643968 257.373504 19
0 503.880480 287.984864 532.131040 240.290336 20
0 355.960800 147.502400 379.669280 76.278720 21
0 553.003520 360.036992 578.132480 323.458688 22
0 498.955616 340.170112 536.629664 277.303168 23
0 525.647296 433.004480 545.799744 318.382400 24
0 588.926272 447.937600 605.798848 363.940800 25
0 605.704960 427.415520 631.680000 384.864800 26
0 511.174400 287.629760 536.275200 214.372160 28
0 589.226464 282.283520 601.418016 214.787840 29
0 583.956992 336.493888 596.886528 291.550912 30
0 593.370336 373.052064 606.696224 319.340896 31
0 570.814496 381.021120 590.753504 309.949760 32
0 466.206656 332.957440 498.572864 256.796160 34
