0 480.817888 352.812320 509.614112 294.318560 1
0 295.132096 391.745280 348.181824 286.967040 2
0 324.426784 249.740160 370.841056 160.816000 3
0 512.777344 486.900800 557.440896 416.571840 4
0 287.539840 311.856960 309.991040 184.475840 5
0 400.060224 347.888640 438.224576 259.139840 6
0 379.600256 385.095680 425.357184 289.194240 7
0 546.785024 415.210784 576.194816 376.182496 8
0 338.963104 172.681920 357.392736 107.987520 9
0 377.939200 258.386880 413.882880 191.375680 10
0 460.084384 409.768320 505.318496 338.369920 11
0 547.872608 390.034368 579.096992 353.522752 12
0 363.835296 205.609632 404.153184 160.147808 13
0 338.503872 146.224320 377.174848 78.369600 14
0 573.752544 387.268640 593.672736 335.814880 15
0 578.528736 266.131968 596.186144 216.453632 16
0 406.208928 319.639360 446.875232 234.191040 17
0 464.481280 283.061440 496.773120 218.885440 18
0 548.227904 315.989248 574.833856 258.714112 19
0 346.209152 103.321760 376.011648 59.606880 21
0 541.877856 367.644384 560.957344 317.128736 22
0 501.616064 343.948160 533.048896 270.657920 23
0 613.796032 434.738400 631.353408 373.805600 26
0 518.627296 302.440000 541.398304 219.363520 28
0 570.539168 353.021056 593.994592 301.408384 32
0 534.249184 476.680640 573.333536 392.970560 35
0 467.339712 322.704640 494.453568 257.672960 34
0 507.463168 317.768320 535.685632 243.744640 20
0 572.552032 437.819520 602.601888 386.413440 45
0 590.210080 360.733024 607.267040 311.192736 29
0 595.789728 447.769920 616.429152 351.311040 42
0 517.735776 417.157120 561.255584 316.702720 46
0 521.225184 382.506880 560.893216 316.758400 47
