0 460.772896 355.779840 495.187424 284.597760 1
0 313.158912 405.917120 352.110848 288.325440 2
0 323.360416 244.328320 366.028384 160.234880 3
0 537.994656 485.909440 579.368544 406.214720 4
0 288.499712 313.672640 310.500608 184.759360 5
0 401.626592 350.586560 439.365408 261.208640 6
0 394.781664 385.181760 428.671776 296.226240 7
0 545.312864 432.884288 582.203296 382.267072 8
0 339.240704 173.279040 358.022656 107.195840 9
0 371.608096 264.497280 408.188384 192.062080 10
0 309.335616 178.014080 328.234944 86.992000 11
0 546.008736 391.233024 579.335264 349.801216 12
0 407.619872 225.195488 433.468128 162.556192 13
0 327.397696 134.669120 359.803584 77.640640 14
0 559.774816 324.297920 576.982944 289.232960 15
0 543.682496 344.205600 560.883264 284.499680 16
0 390.829952 288.463168 428.403328 224.651712 17
0 389.234624 200.097472 417.984576 136.707648 18
0 554.741152 296.418400 574.710368 257.252000 19
0 503.745056 287.656480 531.861984 240.369120 20
0 355.425600 147.231360 379.467200 76.219520 21
0 547.100672 363.667552 574.645248 324.611488 22
0 498.918496 339.518048 536.783264 277.059232 23
0 525.499392 433.976320 545.444608 317.733120 24
0 587.095264 445.888320 604.628256 373.048000 25
0 606.046496 425.867040 632.102624 383.391200 26
0 511.197152 288.001280 535.983648 214.538240 28
0 589.135584 282.542720 601.359136 214.625920 29
0 583.800192 337.223808 597.269888 291.882112 30
0 593.545568 376.837024 606.723232 318.850656 31
0 571.473856 380.752000 590.693184 309.802880 32
0 466.397184 331.676480 498.228736 256.717760 34
