0 460.479808 356.226240 496.774592 284.447040 1
0 309.553376 405.903360 352.046624 288.471040 2
0 326.316448 240.028160 368.383072 159.191040 3
0 537.624384 484.024000 578.607296 406.405440 4
0 288.191904 313.234240 310.140256 183.976640 5
0 405.190112 356.156160 439.818528 263.235840 6
0 393.880224 387.414080 429.222496 296.218560 7
0 547.753152 432.041568 582.536768 382.783392 8
0 339.351328 167.546816 358.210272 107.134784 9
0 372.156064 267.059200 406.456416 192.770560 10
0 309.444288 169.255680 329.760832 85.479680 11
0 546.065984 392.301952 579.475136 349.698688 12
0 408.510624 226.603200 433.943136 162.239040 13
0 328.114400 136.440288 362.670880 76.401952 14
0 558.914528 328.522432 578.991392 288.579648 15
0 543.733664 356.965440 559.942496 284.571840 16
0 391.200192 288.089152 428.184128 225.471168 17
0 388.805376 201.699520 419.875584 134.743360 18
0 554.917056 298.944832 574.383424 256.865728 19
0 503.882624 288.141280 531.444096 239.285280 20
0 361.595104 160.829120 385.516576 86.303040 21
0 558.363040 388.654720 587.914080 321.783680 22
0 499.167520 337.906816 536.765920 278.194304 23
0 525.349248 432.913920 546.585472 320.248320 24
0 590.100864 446.144640 605.234816 355.155840 25
0 606.733632 429.539968 630.286528 380.001152 26
0 511.562016 283.350080 534.652384 214.037440 28
0 589.353952 281.821440 601.313568 215.655680 29
0 583.953280 334.279072 597.238400 290.624608 30
0 592.832544 373.113632 608.012256 324.211168 31
0 569.974752 356.469248 590.998048 310.007552 32
