0 479.390400 366.454080 506.600000 285.567680 1
0 309.131264 406.229760 352.256256 290.064640 2
0 324.297568 240.877440 368.917152 158.555520 3
0 532.665376 484.144000 575.863264 412.018560 4
0 287.304896 304.929600 309.450304 179.614400 5
0 402.858336 348.824320 438.259104 258.054400 6
0 394.770272 381.047680 424.392608 288.337280 7
0 547.187840 420.000000 578.883200 374.903040 8
0 339.640992 171.441920 358.389088 107.014400 9
0 371.368096 265.261760 406.848864 191.470400 10
0 311.414560 271.832320 356.550880 178.968320 11
0 548.871328 387.932256 577.148512 353.987744 12
0 366.717824 220.612544 409.254016 161.298496 13
0 326.744416 141.483424 363.659424 79.124576 14
0 565.019584 406.728320 586.108736 318.737280 15
0 578.739520 268.722688 593.275840 219.364352 16
0 400.722848 288.425120 438.314592 225.671520 17
0 409.177824 227.236480 428.419616 145.029760 18
0 547.835328 317.634912 574.531392 258.928288 19
0 349.420064 123.869632 377.960416 64.317248 21
0 542.761664 362.791040 566.049856 318.038400 22
0 505.055456 352.453440 536.480544 274.667200 23
0 528.164224 434.067200 547.892096 322.373120 24
0 605.385376 430.154016 630.827104 374.717664 26
0 517.665280 303.033280 540.311040 220.284480 28
0 589.998208 281.112640 602.648192 206.765760 29
0 592.684928 363.385760 607.006592 304.275040 31
0 571.882720 366.003520 590.882080 310.353600 32
0 590.310496 447.416000 605.466784 359.539520 36
0 538.498400 434.092000 575.344800 392.916000 35
0 464.558464 322.729920 496.925056 256.718400 34
0 505.810848 291.196448 534.571872 245.625312 20
0 588.463936 339.860544 602.471104 295.521216 40
