0 479.054336 366.719680 506.598144 285.616960 1
0 309.309472 406.368320 352.266208 290.161600 2
0 324.540480 240.513920 369.046720 158.710400 3
0 532.347360 484.298560 575.801120 411.954880 4
0 287.320800 305.901440 309.212960 179.731840 5
0 402.638880 348.192960 438.358240 258.157120 6
0 394.827680 380.327680 424.643680 288.225280 7
0 546.128320 418.758080 578.821440 374.912320 8
0 339.655744 171.414400 358.383296 107.012480 9
0 371.560608 265.222080 406.612832 191.447360 10
0 312.337344 271.487040 358.271296 180.525760 11
0 548.985152 386.970880 577.065408 353.745920 12
0 366.970656 216.331712 409.280224 161.243968 13
0 326.717056 141.616480 363.654784 79.134880 14
0 565.004352 405.812480 586.207168 318.734080 15
0 579.180032 265.940096 593.192448 217.340544 16
0 401.045728 288.127648 438.115872 225.682272 17
0 409.192224 227.200320 428.496096 144.847040 18
0 547.822304 317.729824 574.634016 259.029216 19
0 349.427680 123.834784 377.895200 64.373856 21
0 542.670752 363.921952 565.892448 318.037728 22
0 505.047168 353.269120 536.458112 274.620800 23
0 528.242720 434.188160 547.767520 321.639040 24
0 605.394080 430.099264 630.838880 374.767296 26
0 517.716608 303.247040 540.232832 220.216640 28
0 590.717344 279.516800 602.566496 207.730560 29
0 592.645632 363.314912 607.002368 303.499808 31
0 571.900928 367.280448 590.885632 310.409152 32
0 590.367360 446.354880 605.418880 359.684160 36
0 538.387072 434.268480 575.307648 392.969920 35
0 464.540448 322.447360 496.765152 256.627200 34
0 505.871840 291.567264 534.601760 245.632096 20
0 588.910816 341.362464 602.607904 295.730656 40
