0 460.392256 356.877440 496.257984 286.279040 1
0 310.342752 406.447680 352.445088 288.236480 2
0 327.689248 237.794560 370.859232 159.953920 3
0 538.664704 486.767040 578.684416 406.473280 4
0 287.218496 310.449280 309.273024 183.885440 5
0 405.398912 361.954240 442.967168 266.758720 6
0 390.624128 385.249280 429.264512 295.208960 7
0 547.227648 434.471680 583.057152 385.753600 8
0 339.636512 164.892928 358.219488 107.410432 9
0 372.223232 266.454080 405.727488 192.131520 10
0 309.299040 173.305920 328.252320 85.510080 11
0 545.277024 395.377984 579.272096 353.007296 12
0 407.612768 228.618880 434.084512 162.796160 13
0 329.009792 137.625120 363.966848 77.628640 14
0 559.501728 324.223840 581.048672 287.867040 15
0 543.485184 362.403840 560.011776 285.587200 16
0 388.857152 288.749120 427.279808 223.825600 17
0 391.312736 201.442560 419.446944 134.534400 18
0 554.415328 300.353504 574.965792 256.830496 19
0 504.136160 287.741984 532.049440 238.674656 20
0 363.751168 165.559040 385.348352 88.536320 21
0 557.848416 386.939520 587.009184 320.167040 22
0 499.302528 339.978592 536.586112 277.946528 23
0 525.530304 431.484480 545.952576 319.302080 24
0 588.991936 436.051200 604.824384 345.991680 25
0 609.560864 431.279520 630.322656 374.805600 26
0 467.438752 330.140480 498.894688 256.765120 27
0 511.891552 279.148480 534.641568 214.135360 28
0 589.232512 281.924480 602.282368 217.527680 29
0 583.501152 335.017472 597.182368 290.170368 30
0 593.315552 382.553696 608.639008 325.002144 31
0 570.740864 376.342080 591.494016 310.203840 32
