0 478.651072 364.468480 504.026688 287.179520 1
0 297.706112 391.034240 347.794048 286.789760 2
0 323.712832 248.469760 369.500608 159.864320 3
0 521.883200 487.058240 566.595520 416.537280 4
0 287.359232 312.547840 309.942528 184.924160 5
0 401.132160 350.518400 438.087040 259.529600 6
0 394.801408 376.402560 424.353792 284.000640 7
0 549.231488 418.104672 579.549312 377.687968 8
0 338.881536 173.487040 358.253824 106.379840 9
0 377.925088 258.215040 413.352992 191.702400 10
0 440.993568 398.777600 480.402912 326.005760 11
0 547.571456 393.094912 579.821824 353.815808 12
0 363.609568 207.271584 403.896352 160.345696 13
0 334.979328 141.150080 374.591232 74.823040 14
0 573.133184 386.046784 594.083456 335.068096 15
0 578.661696 266.040608 596.164544 215.920352 16
0 406.726272 312.737920 444.462208 234.376320 17
0 463.502688 281.072544 495.425952 217.519456 18
0 549.732608 314.912096 574.761472 259.124384 19
0 344.479584 102.260864 372.639136 63.404416 21
0 542.807296 362.988160 566.793984 315.286400 22
0 502.457216 351.702720 536.303744 274.862400 23
0 520.437472 426.908480 546.233888 322.527680 24
0 612.441952 432.062752 631.171488 373.870048 26
0 518.922112 305.295680 541.906048 220.122560 28
0 570.376640 351.352544 593.192000 302.749216 32
0 541.537888 467.794240 576.013472 394.951360 35
0 466.271712 320.791360 494.976288 252.440000 34
0 504.741376 289.758688 534.255104 244.035872 20
0 577.117728 433.337920 604.690912 380.072640 45
0 593.124928 349.287040 607.014592 312.476800 29
0 594.351008 443.882880 614.341472 340.795520 42
