0 480.723008 352.993280 505.386432 287.342080 1
0 297.112768 392.251200 347.657792 287.326400 2
0 323.683040 247.562880 370.667040 160.261760 3
0 523.009888 486.845120 566.599072 416.379200 4
0 287.299872 316.134080 309.936608 184.745280 5
0 402.403104 349.012800 438.005216 259.039680 6
0 395.288160 377.042560 424.242080 284.112000 7
0 550.527136 417.054912 579.418464 378.659648 8
0 339.098240 173.658560 358.192000 106.561600 9
0 378.151904 257.730560 413.618976 191.527680 10
0 445.593792 399.230400 487.354688 326.506560 11
0 550.235968 389.099520 579.904192 352.453120 12
0 363.705472 206.380544 403.925888 160.449536 13
0 335.352384 142.328320 374.865856 75.749120 14
0 573.448736 385.518432 593.874144 335.852448 15
0 578.330816 265.813824 595.988544 215.603136 16
0 406.103968 312.152640 444.663392 234.363840 17
0 463.678624 281.258688 496.832096 219.441472 18
0 549.551840 316.953888 574.833440 258.975712 19
0 344.999872 102.322976 373.208128 63.540704 21
0 542.452032 367.249824 564.301248 319.662176 22
0 503.342752 349.965760 536.100448 274.358080 23
0 520.570848 425.012480 547.801632 318.657280 24
0 613.082496 430.266912 631.246464 373.753568 26
0 518.839680 299.973760 542.482560 219.479680 28
0 570.501280 351.378240 593.380960 302.351040 32
0 541.812256 468.492800 576.007904 394.856960 35
0 466.568512 321.683840 493.856448 255.175040 34
0 505.518624 291.276064 535.020256 244.190176 20
0 577.619168 432.307968 604.730912 379.704832 45
0 590.636000 355.543616 606.970400 312.021184 29
0 595.035392 443.415360 615.130368 344.969920 42
0 520.593472 425.008960 561.199808 318.961600 46
