0 478.440416 370.776640 506.062624 284.697280 1
0 310.650496 405.222720 352.411264 287.926720 2
0 324.244096 259.956480 365.727104 159.385600 3
0 522.209632 487.996800 567.215008 412.644480 4
0 288.295616 313.267840 310.350144 181.637760 5
0 401.768416 349.534400 438.645024 260.239680 6
0 395.169280 368.989760 424.664320 286.680000 7
0 545.471488 422.375456 579.619072 375.275744 8
0 335.296416 174.789760 358.539104 105.631360 9
0 373.218016 262.412800 412.975904 191.019520 10
0 404.973312 434.086720 452.375808 350.845120 11
0 547.229184 389.198496 579.965696 352.479584 12
0 363.503168 209.423200 404.856512 159.611040 13
0 334.526080 146.365120 373.470080 73.870400 14
0 573.970752 389.472576 593.835968 334.399424 15
0 579.561984 265.286848 595.782656 215.781952 16
0 406.613120 307.792960 441.710720 230.496960 17
0 409.371776 227.532480 426.830464 145.642560 18
0 547.458336 315.360224 574.789344 259.473696 19
0 351.066592 120.310528 377.404448 65.917952 21
0 541.713056 363.148512 564.172384 313.081888 22
0 504.002976 350.904000 536.469344 274.561600 23
0 529.179104 426.484800 547.459616 322.347200 24
0 604.719392 431.030080 630.622688 374.680000 26
0 518.931808 305.488960 541.138592 221.216960 28
0 581.577440 316.597504 595.470880 256.345856 29
0 591.924672 380.779840 606.827328 311.844800 31
0 568.296640 349.212896 590.265920 311.379744 32
0 544.329440 469.091520 576.483360 394.712640 35
0 464.075008 324.392960 492.207872 256.806400 34
0 505.878144 291.327296 534.887296 245.507264 20
0 587.623552 433.217792 604.179328 379.795968 42
