0 460.576000 355.966080 493.987840 284.991360 1
0 312.087872 406.160000 352.148928 288.410240 2
0 323.300288 246.503680 366.588992 159.370240 3
0 536.245472 488.436480 578.948128 406.379520 4
0 288.765376 313.591360 310.499904 184.328640 5
0 400.009472 351.250240 439.295488 260.879040 6
0 394.224896 386.502720 429.039104 295.940800 7
0 545.642464 431.267264 581.465376 381.576256 8
0 338.919680 172.365760 358.071040 107.000640 9
0 371.442240 265.749440 407.358400 191.757120 10
0 309.761088 176.083200 328.074432 90.014720 11
0 546.754592 391.221088 579.441888 350.771872 12
0 407.361120 223.839040 433.381280 162.872000 13
0 327.299040 137.376256 358.880800 78.293504 14
0 559.497760 323.967808 577.108960 288.880832 15
0 542.781632 330.801664 560.939328 283.707136 16
0 391.536096 288.751360 427.296544 223.873280 17
0 389.153888 199.455712 418.090912 136.365088 18
0 554.602240 294.930400 574.689280 257.452320 19
0 503.733056 287.831936 531.562944 240.553344 20
0 354.412288 146.040640 379.781632 74.439360 21
0 544.737984 366.452096 570.623296 320.760704 22
0 499.098944 343.042560 536.465856 276.395520 23
0 525.611840 436.620160 545.868480 320.005760 24
0 583.019552 452.321600 602.058208 385.008320 25
0 603.957120 427.397280 631.676800 379.006560 26
0 511.515616 290.869120 536.579104 215.104640 28
0 588.743840 281.800960 601.388640 215.488000 29
0 583.620672 339.245984 597.361088 292.334176 30
0 593.096032 385.297920 606.752928 318.457600 31
0 571.082528 382.144320 590.348512 310.070720 32
0 466.848416 332.088320 499.130464 256.300800 34
