0 461.555456 355.624320 497.684224 286.455680 1
0 308.859040 407.309760 352.243040 289.126720 2
0 323.489600 261.322880 365.709760 161.660800 3
0 538.052352 487.918080 576.208128 412.162560 4
0 288.148608 305.199680 309.612672 180.185280 5
0 401.747616 355.760640 440.195424 262.284800 6
0 393.796800 388.932160 425.280320 291.414720 7
0 546.916704 418.121248 578.806176 375.334112 8
0 339.003072 174.856000 358.170688 106.971840 9
0 371.105408 265.931200 406.357632 192.251200 10
0 311.980480 181.614400 333.908800 105.818560 11
0 548.651264 386.065504 576.868096 350.500256 12
0 392.718368 221.397024 424.662752 169.617376 13
0 327.553536 135.003808 360.856064 78.836832 14
0 559.936256 366.338304 580.989184 305.290496 15
0 540.310464 308.292800 559.539776 237.633600 16
0 392.742208 285.135776 428.700352 223.051104 17
0 389.042976 188.281120 416.530144 133.902560 18
0 547.098144 316.281152 574.480096 257.983168 19
0 503.214080 288.145152 532.128000 241.211648 20
0 353.336096 127.672192 378.210784 68.971648 21
0 542.156384 357.792000 566.196896 317.496320 22
0 498.985536 348.851840 533.933504 275.502720 23
0 527.731360 430.608960 546.475360 323.366080 24
0 602.707488 429.780576 630.642912 374.342304 26
0 517.105280 299.056320 539.621760 220.902720 28
0 588.658240 282.512960 601.464000 215.373760 29
0 587.974592 359.620672 607.032128 308.659648 31
0 573.017312 386.462080 590.259488 306.752640 32
0 588.584576 417.364160 603.991424 334.244160 36
0 539.322592 432.636032 575.008288 392.536448 35
0 466.527296 296.034720 496.801984 256.226400 34
