0 460.227776 355.642560 494.201664 285.131840 1
0 311.867360 406.212800 352.244000 288.247360 2
0 323.260768 245.324800 364.850592 160.257280 3
0 539.521120 488.710720 578.610080 406.792640 4
0 288.609088 311.598400 310.397632 183.718080 5
0 400.056192 350.819200 439.353728 261.066880 6
0 393.922304 386.035520 428.975616 295.778240 7
0 549.156800 428.697184 581.869120 380.855456 8
0 338.979456 173.285120 357.842304 107.096320 9
0 372.004928 266.798400 406.543552 191.481280 10
0 311.572416 183.288640 328.847424 93.365440 11
0 547.095904 391.630304 577.275296 353.165856 12
0 400.535904 221.123008 428.590496 166.537792 13
0 327.404768 134.691904 358.941472 78.475456 14
0 560.117952 348.024672 573.233728 291.739808 15
0 541.901856 324.136064 560.582624 279.222656 16
0 392.369280 285.006336 426.720640 223.046144 17
0 388.814208 193.741312 417.177472 135.825408 18
0 554.993952 302.135456 574.425568 257.521504 19
0 502.842656 287.488640 531.114464 239.488640 20
0 353.372896 140.230400 379.242784 69.620480 21
0 542.892544 361.041984 567.991296 318.791616 22
0 498.803584 341.550720 534.078336 276.419200 23
0 524.733344 430.235520 546.420576 321.109120 24
0 577.026336 474.505920 597.881824 407.216960 25
0 601.361632 431.304800 630.971168 374.753440 26
0 516.305184 295.450240 538.898656 218.687360 28
0 587.910752 281.560960 601.359008 215.783040 29
0 583.923680 335.945344 597.188640 291.643776 30
0 591.334848 389.046720 606.140992 316.272960 31
0 571.583584 382.647360 590.538656 311.673280 32
0 467.312928 311.039072 497.877472 255.831968 34
