0 478.224608 367.954880 506.028832 285.584960 1
0 312.904960 406.574080 352.106240 288.451840 2
0 324.201856 259.780800 366.199424 159.392320 3
0 521.281312 487.187520 566.815968 414.491840 4
0 288.695424 308.580480 310.246016 181.687680 5
0 402.337920 349.685440 438.634880 259.540800 6
0 394.620672 372.789760 424.434688 285.920000 7
0 549.187040 420.615168 579.673120 375.745792 8
0 333.866368 174.938240 358.499712 105.861760 9
0 376.935328 262.832000 417.010272 192.488320 10
0 406.616192 435.861760 454.425728 347.022080 11
0 547.692544 390.309952 580.112896 353.407168 12
0 363.481984 212.084064 404.256896 159.874976 13
0 334.639776 141.600000 374.372704 74.087680 14
0 573.844480 389.437472 593.272320 334.929888 15
0 578.701184 266.448160 595.980416 215.558880 16
0 406.201120 310.814720 441.382880 232.010240 17
0 410.195616 234.448960 427.875424 151.099840 18
0 546.934816 315.069280 574.580704 259.611040 19
0 351.895904 120.501600 377.858976 65.084320 21
0 542.590784 362.141664 565.744576 314.612256 22
0 504.448288 354.276480 535.823072 274.634880 23
0 527.500448 427.918080 548.678752 323.755520 24
0 604.543360 429.800800 630.533760 374.532000 26
0 518.945344 306.349120 541.107136 221.167040 28
0 581.686272 335.560160 596.414208 271.582240 29
0 593.508064 382.890240 606.997536 311.651840 31
0 568.956640 350.716448 592.867360 311.862752 32
0 543.316992 468.201280 575.930368 394.456000 35
0 463.837440 324.470400 493.932800 256.608640 34
0 505.418304 290.517920 534.329536 245.254240 20
0 584.845472 432.348096 603.946848 380.169024 42
