0 480.330592 356.054656 509.435808 293.439104 1
0 294.369184 391.624320 347.996256 286.678400 2
0 323.984736 248.845760 370.909344 160.829760 3
0 520.025216 486.255040 565.377664 418.655040 4
0 287.420192 315.777280 310.022368 184.733440 5
0 401.006752 347.568320 437.903968 258.754880 6
0 389.546368 380.623680 425.407872 283.057600 7
0 551.285952 415.298336 577.555008 378.617824 8
0 339.139968 172.862400 357.653632 107.447360 9
0 377.609696 258.066560 413.461024 191.386240 10
0 459.542208 408.281280 502.180672 336.439360 11
0 547.021440 391.942656 579.827840 351.698944 12
0 363.527520 205.800800 404.208800 160.188320 13
0 337.981344 146.175360 376.560736 79.022720 14
0 573.081376 385.620160 593.683424 335.600960 15
0 578.530304 266.201472 596.167936 216.139648 16
0 406.295488 315.810240 445.991232 234.308160 17
0 464.697184 284.385600 497.172896 219.071680 18
0 549.648672 315.684544 574.839008 259.100736 19
0 346.582176 107.535808 376.036704 64.697152 21
0 542.452640 366.386048 562.119520 317.564032 22
0 502.446816 341.277760 536.690464 273.298880 23
0 613.885216 434.947008 631.209184 374.161472 26
0 518.684768 297.808320 543.848352 218.848320 28
0 570.875808 352.628960 593.879392 302.356000 32
0 535.181312 466.870400 573.655808 390.838400 35
0 467.411264 322.721920 494.382016 257.562240 34
0 506.076416 290.697600 534.896384 242.983040 20
0 574.907008 433.923520 605.297792 380.859200 45
0 590.240000 359.678112 607.339520 311.418208 29
0 595.066752 445.215680 616.608128 349.302080 42
0 521.115264 421.551360 562.173056 317.047040 46
0 522.512544 388.780160 562.205536 317.138560 47
0 521.338848 418.690880 548.044832 318.393280 24
