0 460.632256 356.116480 494.951744 284.570880 1
0 312.190848 405.880960 352.204672 288.329600 2
0 323.233440 244.988160 366.591840 159.020800 3
0 537.742848 484.671680 578.918912 406.135360 4
0 288.497344 312.830720 310.822976 184.247040 5
0 404.321088 351.989440 439.276992 261.125440 6
0 393.921120 385.458240 428.651680 296.176320 7
0 545.971712 430.829760 582.021888 382.839360 8
0 339.329280 172.532160 358.092800 107.013440 9
0 371.506944 265.391680 407.950336 192.057280 10
0 309.516896 173.996160 328.861344 84.725120 11
0 545.949920 390.782080 579.237920 349.466240 12
0 407.632224 225.096768 433.537696 162.210752 13
0 327.819552 134.753664 359.545568 77.269376 14
0 559.371008 324.437280 576.919552 288.983520 15
0 543.591712 348.616960 560.549088 284.410880 16
0 390.792736 288.329920 428.590304 224.292160 17
0 389.155072 200.504640 418.275328 136.198080 18
0 554.727264 295.677760 574.643616 257.072320 19
0 503.865120 287.650688 531.872480 240.335232 20
0 356.532416 146.992960 379.576384 77.286080 21
0 553.072256 360.316064 578.605184 322.380896 22
0 499.194848 339.245664 536.455712 277.233056 23
0 525.524448 432.556160 545.900832 318.555520 24
0 589.449984 448.592960 605.150976 360.939200 25
0 604.905536 426.568192 631.418304 385.282048 26
0 511.333632 286.554880 536.309248 214.394880 28
0 588.937216 282.338880 601.458944 214.802880 29
0 584.090048 335.342400 596.958272 291.384000 30
0 593.562880 368.863232 606.682880 319.340288 31
0 570.415200 382.011200 590.753440 309.766080 32
0 466.366112 332.182400 498.817888 256.778880 34
