0 478.227648 369.043200 505.334592 285.670400 1
0 309.349952 406.442560 352.462528 288.117440 2
0 324.027424 258.068800 365.744096 158.889920 3
0 532.265088 484.413440 576.161152 415.801600 4
0 288.535744 313.370560 309.926976 181.764160 5
0 400.900256 351.485120 438.932064 259.018560 6
0 396.050080 374.918080 425.071200 287.101760 7
0 543.242880 416.980192 577.571200 375.516448 8
0 338.302272 173.573120 358.424768 106.611200 9
0 371.759744 262.115840 409.250176 192.087040 10
0 362.594848 374.557120 399.805152 256.392000 11
0 550.885632 391.021408 579.703808 353.324192 12
0 363.588416 210.550656 405.578944 159.886464 13
0 326.541344 140.154688 365.774816 79.467712 14
0 572.960448 384.250048 593.198912 333.755712 15
0 579.111104 265.943040 595.466816 215.260160 16
0 405.793344 310.191040 443.169216 229.391680 17
0 409.387200 228.328320 427.163200 145.124480 18
0 546.664896 316.776096 574.214464 259.156064 19
0 350.192352 124.766688 378.157088 64.847392 21
0 542.410400 366.421888 565.340000 316.738432 22
0 504.324768 350.366720 536.752992 274.878720 23
0 528.759680 433.761920 547.927680 321.098880 24
0 606.195936 430.126912 630.797344 375.022528 26
0 518.227232 302.492160 540.660448 220.134400 28
0 582.554176 297.539872 605.472704 244.326368 29
0 590.617440 365.890656 606.926240 310.306464 31
0 567.199840 347.796128 590.619040 310.354272 32
0 591.063744 445.885120 605.608256 361.641280 36
0 539.184160 434.900896 575.809760 394.353504 35
0 464.503040 322.066240 494.853120 256.532160 34
0 505.331232 289.419648 534.146528 245.085312 20
