0 460.489120 355.973760 494.955360 284.648320 1
0 312.321120 405.794560 352.202400 288.323840 2
0 322.921792 243.404480 366.054848 159.850560 3
0 538.759168 484.628480 579.118592 406.338560 4
0 288.421376 313.654400 310.657024 184.772480 5
0 402.782016 351.029760 439.402944 261.184000 6
0 394.297472 385.585920 428.635008 296.116480 7
0 545.044544 432.871904 582.187456 382.366496 8
0 339.228128 173.513600 358.065952 107.337600 9
0 371.672928 264.606720 408.022432 192.112640 10
0 309.482560 176.216000 328.221120 85.011520 11
0 545.838752 391.300704 579.262048 350.431136 12
0 407.674368 225.504512 433.514752 162.405888 13
0 327.568928 133.301344 359.984352 77.737376 14
0 559.565792 324.623104 576.674848 289.194496 15
0 543.504960 347.543936 560.762560 284.681344 16
0 390.850656 289.631680 428.359584 224.578880 17
0 389.080704 200.653120 418.086016 136.505280 18
0 554.756224 296.452576 574.668416 257.377824 19
0 503.799776 288.036384 532.047904 240.231136 20
0 355.869152 147.646400 379.579168 76.278080 21
0 549.529408 360.225344 576.494272 324.721856 22
0 499.013728 340.003008 536.855712 277.317952 23
0 525.669312 434.070720 545.425728 318.543680 24
0 588.896896 444.315840 605.618304 367.890240 25
0 606.199744 425.337952 631.903296 384.095648 26
0 511.195872 287.528960 536.069408 214.359040 28
0 589.107008 282.393920 601.387712 214.799040 29
0 583.889376 336.654880 597.021984 291.761120 30
0 593.455904 374.487872 606.738656 319.174848 31
0 570.851136 381.643200 590.770624 310.057280 32
0 466.176704 334.444800 498.494016 256.829440 34
