0 460.702624 355.997440 495.746656 284.631040 1
0 311.736832 406.021760 352.203008 288.380800 2
0 323.182432 245.093440 366.534048 158.170560 3
0 538.099584 484.376640 578.889856 406.109120 4
0 288.558880 310.691840 310.817760 184.240640 5
0 405.106400 351.634240 439.277600 261.156800 6
0 394.033824 385.488960 428.961376 296.099520 7
0 545.969248 431.384032 582.032032 382.626848 8
0 339.394976 172.183040 358.116704 106.824960 9
0 371.722880 264.927040 408.407680 192.007360 10
0 309.598464 172.378240 329.942016 84.924800 11
0 546.212224 391.301088 579.281536 349.079072 12
0 407.488544 224.965504 433.576416 162.248576 13
0 328.245120 135.197856 359.664000 77.339744 14
0 558.843392 322.991104 576.971008 289.065216 15
0 543.867616 349.478080 560.403744 283.982400 16
0 390.705920 288.376320 427.924480 223.381760 17
0 389.073664 200.665600 418.290176 136.280320 18
0 554.771968 294.245280 574.529792 257.126240 19
0 504.122080 287.844320 532.008480 240.252960 20
0 357.684288 146.895680 379.255232 77.616320 21
0 552.776960 360.726496 579.329280 321.237024 22
0 498.799712 339.719072 536.574368 277.500768 23
0 525.689952 433.618240 546.349728 319.522240 24
0 589.517600 448.081600 605.066720 357.396800 25
0 604.092160 425.906144 631.360000 385.026336 26
0 511.425600 287.465920 536.080320 214.333760 28
0 588.881184 282.441920 601.467616 214.824000 29
0 584.020064 334.131232 596.994976 291.365088 30
0 593.509568 366.284768 606.729792 319.386912 31
0 569.968576 384.681280 590.977344 310.019520 32
