0 478.385440 367.377920 506.216160 285.795840 1
0 313.194112 406.749120 352.001408 288.393280 2
0 324.206464 253.903040 366.656896 159.396160 3
0 521.548512 488.542400 566.775328 415.492160 4
0 288.566048 312.090880 310.614752 182.801920 5
0 402.249088 351.580160 438.312832 259.000320 6
0 394.586304 377.766720 424.932416 285.464000 7
0 548.528512 418.559424 579.479168 376.055616 8
0 333.941472 174.893120 358.501408 105.545920 9
0 376.310816 262.453120 413.254624 191.972480 10
0 418.342784 436.859520 458.751616 340.808320 11
0 547.847200 390.364736 579.981280 353.887424 12
0 363.460608 211.090976 404.136192 160.062944 13
0 335.347136 143.134720 373.978944 74.430720 14
0 573.382624 389.630240 593.503776 335.155680 15
0 578.536640 266.444928 596.185920 215.565952 16
0 406.082080 314.398720 443.325920 231.074560 17
0 414.195872 261.433920 443.410528 167.701440 18
0 546.841888 315.733312 574.700512 259.908288 19
0 350.112256 120.450720 377.571584 65.077600 21
0 542.530688 362.527104 565.871232 314.962816 22
0 504.563584 355.925120 535.953536 274.787200 23
0 527.067456 428.787840 549.020864 324.713600 24
0 604.738272 429.257888 630.528288 374.770272 26
0 518.850624 306.665920 541.087936 220.895040 28
0 584.698272 346.608032 598.496608 290.735968 29
0 595.453472 381.049920 606.856928 311.281600 31
0 571.615552 356.030720 594.593728 311.543040 32
0 541.121344 468.832960 575.847616 394.506560 35
0 463.805888 324.306240 493.252672 256.768960 34
0 505.433792 290.890912 534.392128 245.171808 20
0 585.256576 429.530400 603.923584 380.788960 42
