0 460.329056 355.966720 494.124704 285.039360 1
0 311.797280 405.912000 352.146400 288.165440 2
0 322.774880 243.602560 364.800160 160.366720 3
0 538.245376 490.643840 579.037184 406.560640 4
0 288.642048 312.772800 310.492672 183.840320 5
0 400.151968 351.069760 439.325792 261.087680 6
0 393.633984 385.378880 429.125696 295.718080 7
0 548.405632 428.916448 581.897088 381.044512 8
0 338.908832 172.981120 357.741408 106.861440 9
0 371.542528 266.746560 406.694912 191.703360 10
0 311.528672 181.696960 328.956448 92.676160 11
0 547.471872 391.870688 578.079488 353.029152 12
0 402.551840 221.405664 430.894560 166.139936 13
0 327.521568 134.007776 359.268832 78.495264 14
0 560.311584 335.116064 573.826016 287.510496 15
0 542.552928 324.162496 561.370272 280.483904 16
0 392.171168 288.467200 428.102752 223.020800 17
0 388.956448 195.721632 417.698272 136.191328 18
0 554.741536 297.527584 574.416864 257.294816 19
0 503.109600 287.512768 531.225120 239.996992 20
0 353.795520 141.991680 379.417920 70.088960 21
0 542.921152 364.077760 568.458048 318.703680 22
0 498.934080 340.311168 534.283200 276.491392 23
0 524.770080 432.902400 546.341600 320.328960 24
0 577.024576 473.137600 598.934464 405.079360 25
0 601.331360 429.980768 631.152480 375.214752 26
0 515.402176 295.567360 538.535744 217.333760 28
0 588.427040 281.468480 601.460960 215.337920 29
0 583.708288 335.602368 597.352832 292.136512 30
0 591.333568 392.441920 606.114112 316.854720 31
0 570.329856 382.908160 590.433024 311.008000 32
0 467.178720 312.830304 498.507040 255.915936 34
