0 460.871360 357.489600 497.430080 285.608000 1
0 309.733824 405.098240 352.740416 287.738880 2
0 323.370432 259.607680 365.721408 160.467840 3
0 536.482272 485.315840 575.074848 412.376320 4
0 288.708256 308.420480 311.319904 183.408000 5
0 400.711904 352.612160 439.935776 262.587840 6
0 395.789696 385.333120 428.302464 295.085440 7
0 544.837216 419.142272 577.923744 376.201088 8
0 339.076224 173.457600 358.151296 106.378560 9
0 371.193280 266.334400 406.763840 192.048960 10
0 311.910272 181.442880 332.884608 104.217280 11
0 548.706144 386.293728 576.815776 350.645792 12
0 393.071648 220.501376 424.690912 169.938304 13
0 326.811872 135.374816 358.843168 79.656224 14
0 558.782272 357.958560 577.379008 299.523680 15
0 539.461312 319.796160 555.668288 247.830080 16
0 391.527424 286.443840 428.221696 223.192000 17
0 383.420128 191.495008 416.024352 136.393632 18
0 551.077408 310.503008 574.480352 257.532832 19
0 502.530144 286.703392 532.203936 240.121568 20
0 353.403328 126.592832 378.697792 69.844928 21
0 541.627936 357.511744 565.392864 317.009856 22
0 498.509728 349.612160 533.569632 275.381120 23
0 526.658208 429.792320 546.294112 323.805120 24
0 600.825184 430.737024 630.995616 374.335616 26
0 516.764320 284.920320 539.236960 220.550400 28
0 587.800256 282.188160 601.591104 214.605440 29
0 588.608000 359.007168 606.771200 309.694272 31
0 574.477664 380.061760 590.932896 314.784960 32
0 588.332064 407.509120 604.094176 323.866240 36
0 540.365920 431.883104 574.789280 395.156896 35
