0 478.304512 365.856320 506.119168 286.427840 1
0 312.075040 406.752960 352.014560 287.758400 2
0 323.973024 249.249920 367.219296 159.395200 3
0 521.063264 488.358080 566.498976 415.942720 4
0 288.880032 311.488960 311.482208 184.041280 5
0 402.450592 349.870080 438.275168 259.161600 6
0 394.900544 377.235840 425.012416 285.673600 7
0 548.791264 418.211872 579.832096 376.060128 8
0 335.774880 175.102720 358.312800 105.573120 9
0 375.665280 262.672640 413.985920 192.180480 10
0 420.167392 436.088000 464.407328 333.110080 11
0 547.660192 390.919808 579.780448 353.859712 12
0 363.385216 208.943072 404.049024 160.176928 13
0 335.319648 143.241600 373.787552 74.455680 14
0 573.137600 388.875872 593.885760 334.724768 15
0 578.544800 266.376320 596.094560 215.548800 16
0 405.981344 312.028800 442.195296 230.709120 17
0 416.317024 256.432000 452.302496 172.859520 18
0 547.365056 315.622976 574.896704 259.849664 19
0 343.526464 119.864704 377.396416 64.439936 21
0 542.578080 363.044352 565.869920 315.241728 22
0 505.098048 358.801600 536.062912 274.962240 23
0 524.953536 425.818560 549.423424 323.959360 24
0 604.814592 429.327456 630.486528 374.905504 26
0 518.849280 305.862080 541.175040 220.837440 28
0 586.255456 359.889440 598.969504 299.284960 29
0 595.384672 380.037120 606.641568 311.164160 31
0 571.391680 355.651168 594.460480 309.479072 32
0 540.811712 470.330880 575.884608 394.415360 35
0 463.741984 324.024000 492.241376 257.060160 34
0 505.227744 290.214368 534.390816 245.342752 20
0 577.958912 455.113920 603.851008 382.304320 45
