0 458.900736 357.083520 495.289344 285.169280 1
0 310.828896 406.186240 352.440224 288.572160 2
0 327.582432 237.611520 371.594528 160.071680 3
0 539.789568 485.383040 578.735872 406.144640 4
0 286.180384 308.377920 308.159456 183.028160 5
0 405.185760 361.172160 443.208480 266.803520 6
0 390.821312 384.808960 429.192768 295.185920 7
0 544.920608 434.976640 582.938592 384.484480 8
0 339.692928 164.829952 358.200192 107.012608 9
0 372.402208 267.012800 405.791712 192.266560 10
0 309.234848 174.824640 327.656032 85.712960 11
0 545.354464 394.516096 579.700256 352.433024 12
0 407.508320 229.956160 434.251680 162.925760 13
0 329.128768 137.542176 363.045312 78.418144 14
0 559.429216 324.180352 581.578144 287.370368 15
0 543.467200 361.899520 560.019520 285.429760 16
0 387.768320 288.464320 424.312320 224.290880 17
0 391.279424 201.657280 419.412416 134.550080 18
0 554.287456 299.743648 575.083424 256.993632 19
0 504.319360 288.764480 533.119360 238.733760 20
0 363.850944 166.368640 385.073216 88.881280 21
0 557.308608 380.084192 587.030592 320.002848 22
0 499.112000 340.715552 536.103360 277.841888 23
0 525.378240 431.411200 545.826880 318.673920 24
0 588.726976 434.753600 604.657984 344.898240 25
0 609.890016 429.887136 630.793504 375.118944 26
0 467.539200 315.134944 499.170560 256.721696 27
0 511.742112 274.188736 534.453088 214.055744 28
0 589.684032 283.435840 602.726848 218.747840 29
0 583.335136 333.194752 597.133344 290.198528 30
0 593.098080 381.820160 608.699040 324.807680 31
0 570.373920 378.669120 591.542240 310.059200 32
