0 480.207648 356.983680 509.300192 292.908160 1
0 294.329152 391.649280 347.863488 286.476800 2
0 323.937824 249.213120 370.929376 160.809280 3
0 521.493184 485.673280 565.955136 418.162880 4
0 287.361728 316.318400 310.042432 184.658240 5
0 401.267456 347.723520 437.953024 258.831360 6
0 390.807072 381.051200 425.450208 282.619840 7
0 552.440704 415.535168 577.853056 379.168192 8
0 339.175424 172.740160 357.712896 107.677120 9
0 377.650656 257.893120 413.324064 191.511040 10
0 458.918432 408.923200 500.383968 335.842240 11
0 546.760192 392.169920 579.678208 351.452480 12
0 363.529920 206.033664 404.096320 160.212736 13
0 337.723456 146.666880 376.534464 78.917760 14
0 573.180800 385.533856 593.681280 335.691104 15
0 578.581440 266.478720 596.194880 216.041600 16
0 406.423424 315.179520 445.918336 234.416640 17
0 464.407488 284.334720 497.278272 219.416960 18
0 549.718656 315.622496 574.757504 259.162784 19
0 345.623296 107.608896 375.537664 64.352704 21
0 542.507104 366.869312 562.010016 317.842368 22
0 502.140544 341.931200 536.835456 273.611840 23
0 613.954784 434.077632 631.261216 373.958208 26
0 518.712640 298.976000 543.825600 218.912000 28
0 570.962944 352.525472 593.835776 302.518368 32
0 535.113664 468.859840 573.807936 390.669120 35
0 467.346112 322.448640 495.048768 257.163520 34
0 505.770752 290.673248 534.976768 242.913952 20
0 574.635424 434.079232 605.158496 380.502528 45
0 590.311328 359.751360 607.373152 311.574080 29
0 595.179904 445.540480 616.629376 348.734080 42
0 520.980576 422.113280 562.023584 317.057280 46
0 523.159680 389.373120 562.129280 317.378880 47
0 521.422496 419.532480 550.484064 317.981760 24
