0 460.738496 355.834560 494.666304 284.979520 1
0 312.282496 406.241280 352.089984 288.330240 2
0 323.586368 244.995200 366.305472 160.118400 3
0 536.771200 488.600640 579.273600 406.132160 4
0 288.684640 313.911040 310.424480 184.522240 5
0 399.908672 350.544000 439.320768 261.092480 6
0 394.693696 385.253440 429.290944 295.910080 7
0 545.778208 432.296544 581.912032 382.170016 8
0 339.107904 172.159040 358.032576 107.078080 9
0 371.634176 265.794880 407.969024 191.721920 10
0 309.129568 178.453760 326.986912 88.560640 11
0 546.479520 391.058272 579.193440 350.740128 12
0 407.661664 224.895296 433.318816 162.652864 13
0 327.451488 137.446624 359.342752 78.034976 14
0 559.338688 322.951296 577.084992 288.865664 15
0 543.565920 340.963776 560.885920 284.564544 16
0 390.827296 289.502400 427.476704 224.119360 17
0 388.575360 199.627264 417.555840 136.224256 18
0 554.623616 295.636576 574.699904 257.381024 19
0 503.725280 287.573984 531.592480 240.386336 20
0 354.891840 146.253440 379.535040 74.820480 21
0 546.446272 363.808384 572.287808 322.050176 22
0 499.038016 341.672960 536.705984 276.779520 23
0 525.539392 434.700160 545.746368 318.570880 24
0 583.737920 450.779200 603.494080 378.238400 25
0 605.180160 429.661408 632.087040 381.351712 26
0 511.363328 289.664640 536.512512 214.899840 28
0 588.849408 281.666880 601.414912 215.295680 29
0 583.640672 339.428288 597.338528 292.265792 30
0 593.198912 379.939456 606.738368 318.693504 31
0 571.635104 381.554880 590.457696 310.315840 32
0 467.048832 331.246720 499.082368 256.141440 34
