0 480.417088 353.544320 509.415872 294.706560 1
0 295.435840 391.858880 348.657600 286.511680 2
0 324.407168 246.774720 370.150272 161.142080 3
0 509.430528 488.774720 554.767872 414.740160 4
0 288.097472 311.574400 310.081088 184.766080 5
0 399.352928 352.057920 437.810592 259.074240 6
0 372.871424 374.327040 420.886016 285.824000 7
0 542.309440 413.971392 574.939840 373.959488 8
0 338.839136 173.995840 357.405344 108.171200 9
0 376.991680 257.934080 413.442880 191.855360 10
0 459.968768 411.816000 505.423872 338.425280 11
0 548.242144 388.787968 578.896416 354.204672 12
0 363.912288 205.287520 403.926432 160.399520 13
0 338.969312 146.222080 377.500448 78.510080 14
0 573.910368 385.485024 593.878432 336.097056 15
0 578.482848 266.005696 596.096352 216.308544 16
0 406.100640 311.962560 446.118240 234.135360 17
0 463.885920 281.570144 495.694240 218.470816 18
0 549.136576 314.649216 574.784064 258.794624 19
0 346.571296 102.982176 376.418784 58.465504 21
0 540.800160 365.463648 559.614560 314.151072 22
0 500.087360 340.174080 532.340160 269.811200 23
0 613.646528 438.654400 631.204672 374.249280 26
0 518.512992 302.989120 542.473888 219.542720 28
0 570.237216 353.665120 593.965024 301.376160 32
0 536.109536 478.447360 573.381664 392.928000 35
0 466.967488 322.682560 494.025792 257.591360 34
0 507.422336 319.488640 535.698304 244.017280 20
0 572.982656 448.013408 599.786624 384.256672 45
0 590.273888 360.667392 607.107232 310.929408 29
0 596.098336 441.041920 616.091104 352.183040 42
0 515.384800 415.344640 546.923040 321.100800 24
