0 479.739072 367.431680 506.325568 285.167360 1
0 309.934624 405.373760 352.746976 288.611520 2
0 324.775200 243.592960 366.743520 160.238080 3
0 536.780672 485.408640 575.425408 412.119680 4
0 287.012512 303.131200 309.462368 179.198400 5
0 403.073248 354.069440 440.025632 259.833920 6
0 392.533856 383.386560 424.561824 288.706880 7
0 547.187872 417.174656 578.481248 375.142784 8
0 339.598400 172.998400 357.853120 106.228480 9
0 371.377440 265.844480 408.677600 192.515840 10
0 310.181376 231.522880 326.736384 127.876800 11
0 548.455456 386.826400 576.882144 351.073120 12
0 378.286432 218.229280 413.147808 167.526880 13
0 327.266624 140.117408 363.824576 79.634272 14
0 562.974368 398.528960 584.200032 311.851840 15
0 564.586912 269.909824 585.338208 233.648576 16
0 399.149440 283.054144 437.121920 226.521536 17
0 406.874272 226.528000 427.064928 135.412480 18
0 547.024640 317.690432 574.690560 257.492928 19
0 349.829312 123.731936 377.086528 65.138464 21
0 542.806976 358.982656 566.490944 318.918144 22
0 503.521888 355.963200 534.620832 277.144000 23
0 528.749504 434.382080 546.700096 320.631040 24
0 605.241632 427.355616 630.879968 374.203424 26
0 517.667168 302.330560 540.673952 220.882240 28
0 586.383584 281.201600 601.447456 213.957440 29
0 591.865184 361.607680 606.957216 306.379520 31
0 572.455456 370.755808 590.656224 308.568352 32
0 589.347392 447.850560 605.405888 355.057600 36
0 540.365824 433.709152 575.536896 392.454048 35
0 466.634944 322.092480 497.097536 257.087040 34
0 504.612192 291.853728 533.767328 245.098592 20
0 587.268128 335.925472 602.488032 299.233568 39
