0 478.190368 368.014080 506.595552 285.489920 1
0 309.916352 406.733120 352.588608 289.106880 2
0 323.678976 241.668800 367.367424 157.696320 3
0 532.233856 484.501120 575.761024 412.455040 4
0 287.231840 307.370560 308.900000 180.308160 5
0 403.324896 351.983680 438.067744 258.472640 6
0 395.453792 382.101760 424.976288 286.540800 7
0 545.734528 416.989088 578.641792 374.447712 8
0 339.520320 171.705280 358.347200 106.519360 9
0 371.774144 265.236800 407.022656 191.083200 10
0 318.129728 275.437440 367.023552 192.839040 11
0 549.396480 386.948160 577.450240 353.211840 12
0 365.713024 219.186720 409.024896 160.972000 13
0 326.744032 141.830336 363.822368 78.958144 14
0 565.230496 403.136000 587.067744 318.736640 15
0 579.211296 265.634848 593.376224 215.503072 16
0 402.471680 298.494080 439.601920 225.997440 17
0 409.499712 227.651840 428.316608 144.256000 18
0 547.599456 317.668864 574.278304 259.072256 19
0 349.944576 125.375040 377.723904 64.704960 21
0 542.526400 364.521952 565.881920 317.944608 22
0 504.949632 354.700160 536.266368 274.433920 23
0 528.503328 434.131840 547.544032 321.234560 24
0 605.447296 430.753792 630.784384 374.924288 26
0 517.832320 303.863680 540.408960 220.065920 28
0 590.683584 289.897600 603.575616 212.636800 29
0 592.662784 363.807936 607.128576 307.505984 31
0 572.327424 367.931424 591.204096 311.213536 32
0 590.234656 447.172480 605.634784 359.271040 36
0 538.745120 434.616256 575.576800 392.851264 35
0 464.477568 322.363200 494.058112 256.226240 34
0 506.055936 290.787680 534.827264 245.066400 20
0 589.652224 341.418208 602.109696 295.900192 40
