0 460.614624 356.118080 495.092256 284.584640 1
0 312.196192 405.881920 352.199328 288.300480 2
0 323.261088 245.216640 366.562912 158.747520 3
0 537.982016 484.535040 578.864064 406.105600 4
0 288.513024 312.231040 310.829056 184.188800 5
0 404.640768 351.857600 439.282432 261.172800 6
0 393.922624 385.614400 428.661696 296.109760 7
0 546.321888 431.031456 581.969952 382.775904 8
0 339.348320 172.423040 358.118560 106.968960 9
0 371.483456 265.404480 408.010944 191.999680 10
0 309.496032 173.996480 329.043488 84.694080 11
0 546.096224 390.589280 579.200416 349.353120 12
0 407.682464 225.079936 433.533536 162.216064 13
0 327.894144 134.941536 359.595136 77.268384 14
0 559.259584 324.260288 576.987456 288.991552 15
0 543.699968 349.757440 560.499712 284.389120 16
0 390.545408 288.183008 428.436992 224.208672 17
0 389.127712 200.512640 418.330848 136.225920 18
0 554.725120 295.342560 574.648320 257.096480 19
0 504.047616 287.651712 531.965184 240.306048 20
0 356.745280 146.833280 379.526080 77.304960 21
0 552.812736 360.126464 578.791744 322.249216 22
0 499.134720 339.172864 536.618240 277.253376 23
0 525.562464 433.231360 546.070176 318.233600 24
0 589.445600 448.258880 605.074720 359.638720 25
0 604.504000 425.549664 631.408960 385.409696 26
0 511.505568 286.897280 536.289632 214.314880 28
0 588.953824 282.432000 601.455136 214.817280 29
0 584.075584 334.972896 596.974016 291.331104 30
0 593.562688 367.840384 606.685632 319.300736 31
0 570.352544 382.693760 590.851936 309.791360 32
0 466.388352 332.040640 498.556288 256.772160 34
