0 479.927904 366.960000 503.885216 285.731200 1
0 299.603776 404.441600 350.357184 290.336000 2
0 323.571072 247.644800 369.507968 159.770240 3
0 520.074464 487.073280 566.687776 416.570880 4
0 287.384672 316.512000 309.897888 184.820480 5
0 401.670016 350.504320 438.102144 259.477120 6
0 394.872064 376.660800 424.432896 284.322240 7
0 549.387456 419.719808 579.975744 376.840832 8
0 338.642720 173.407040 358.392800 106.072000 9
0 377.965440 257.939840 412.823680 191.465600 10
0 441.058048 398.588160 479.511552 324.404480 11
0 547.209152 394.206592 579.755328 354.747008 12
0 363.584576 207.633600 403.833024 160.299840 13
0 334.830560 135.992992 374.414880 74.490208 14
0 572.813120 386.515904 594.089920 334.167616 15
0 578.590816 265.847488 596.179104 215.819072 16
0 406.286144 309.542720 444.511936 234.554560 17
0 454.044960 280.279712 487.909600 219.242848 18
0 549.851616 315.763360 574.826784 259.327840 19
0 344.184544 101.788256 372.530976 63.304864 21
0 542.801920 363.690528 566.375680 314.292192 22
0 503.268480 355.311360 536.142720 274.923520 23
0 520.369408 424.743360 549.184512 325.107520 24
0 612.849632 431.690016 631.081248 374.290144 26
0 518.870560 306.363200 541.549280 220.573120 28
0 569.406080 350.517056 593.216640 302.805184 32
0 540.942528 468.191040 576.149312 394.882240 35
0 466.317888 324.446400 494.919872 248.941120 34
0 504.693376 290.295616 534.116224 244.187584 20
0 576.557440 438.277600 604.072320 380.602400 45
0 593.336672 348.588672 607.033248 311.929728 29
0 594.418080 441.324800 615.199840 340.599040 42
