0 478.351168 370.664960 506.080192 284.697600 1
0 310.757056 405.203840 352.430144 288.007040 2
0 324.252544 259.591040 365.671296 159.395200 3
0 522.299680 488.085760 567.382240 412.352000 4
0 288.268288 313.463360 310.380032 181.641920 5
0 401.743136 349.808000 438.576864 260.126080 6
0 395.215936 367.748480 424.476864 286.705280 7
0 545.709440 422.319712 579.580800 375.227808 8
0 335.439072 174.482880 358.544928 105.759040 9
0 372.799680 262.081280 412.951360 191.014400 10
0 404.922144 432.477440 451.990496 351.485440 11
0 547.176992 389.334176 579.964128 352.485984 12
0 363.509600 209.310208 404.855200 159.575552 13
0 334.501600 145.669760 373.447200 73.793920 14
0 573.992960 389.831648 593.831680 334.366752 15
0 579.709792 264.692544 595.778208 215.784896 16
0 406.596736 307.156480 441.234304 230.470400 17
0 409.396928 227.632640 426.935872 145.804800 18
0 547.467264 315.213792 574.784256 259.429408 19
0 351.120512 120.168000 377.382528 65.896640 21
0 541.756128 363.121696 564.161312 313.157344 22
0 504.065568 351.067520 536.313312 274.592640 23
0 529.157280 426.114560 547.539040 322.200320 24
0 604.750944 431.191872 630.708896 374.911168 26
0 518.897920 305.937920 541.118720 221.217280 28
0 581.508320 316.346240 595.451680 255.911040 29
0 591.855584 380.589120 606.822176 311.862720 31
0 568.263872 349.303424 590.203968 311.305856 32
0 544.455296 468.418240 576.480384 394.722880 35
0 464.106784 324.393920 492.101856 256.793920 34
0 505.790752 291.000256 534.883808 245.516864 20
0 587.850784 433.917472 604.145376 379.704288 42
