0 479.415072 368.130240 506.607328 286.281280 1
0 310.499392 405.398400 352.686528 289.088640 2
0 325.984992 239.454400 366.667808 160.074560 3
0 535.893952 485.407040 575.560768 412.392640 4
0 287.099776 306.666560 309.276544 179.705280 5
0 402.320000 351.244160 439.109760 258.343040 6
0 392.963136 381.128320 424.462784 288.757120 7
0 546.869024 417.913504 577.913056 375.090016 8
0 339.593856 172.394560 358.012544 107.000000 9
0 371.394848 265.845440 407.631072 192.124480 10
0 308.641152 255.867200 334.355328 150.927040 11
0 548.599904 387.250624 576.946336 351.282496 12
0 375.976096 207.727520 411.738464 164.762720 13
0 327.157600 140.581440 364.400800 79.416000 14
0 564.108416 403.112640 584.404864 313.290560 15
0 568.308992 271.078112 587.194368 229.093408 16
0 402.390528 283.589408 437.441792 224.320992 17
0 408.699840 226.300160 430.032960 143.399680 18
0 547.754432 318.211264 574.508608 258.281536 19
0 349.423936 125.010176 376.905664 64.642304 21
0 543.213536 360.630432 566.616864 318.705248 22
0 505.530624 356.417600 536.842496 280.132800 23
0 528.479232 428.866560 546.939648 323.292160 24
0 605.465568 427.626752 630.755872 374.353408 26
0 517.638016 301.176000 540.475264 220.111680 28
0 588.552256 281.864640 601.883584 213.556800 29
0 590.146848 362.552480 606.832352 302.906720 31
0 571.968288 364.185952 590.384352 308.982688 32
0 589.589184 450.068160 605.495616 357.613120 36
0 539.621152 431.815136 574.746848 391.963424 35
0 465.210848 322.679040 496.907552 256.985600 34
0 504.599392 291.354816 534.027168 244.272704 20
