0 479.213600 364.584000 505.536480 286.162880 1
0 307.353152 406.555840 351.871168 289.364800 2
0 323.761920 251.852800 367.768320 159.429120 3
0 519.712448 486.527360 566.288192 416.073600 4
0 287.503232 314.700480 310.094208 184.993600 5
0 401.971744 347.590720 438.103776 258.054080 6
0 394.236832 379.133120 424.170848 285.568320 7
0 548.888032 419.762144 580.348448 376.757536 8
0 337.153472 173.229120 358.507328 105.457600 9
0 378.035072 259.686400 412.901248 191.865600 10
0 436.615808 403.996480 475.028352 320.634560 11
0 547.969504 392.234624 579.645216 354.510976 12
0 363.649728 205.735968 404.191552 159.965152 13
0 335.353056 134.872256 374.702624 74.163264 14
0 571.594208 387.112064 592.236832 332.167296 15
0 578.948352 266.381088 596.217088 215.407072 16
0 405.677408 311.567680 441.041312 229.723840 17
0 430.001984 276.091840 474.469056 196.288320 18
0 549.106304 315.860992 575.085696 259.523328 19
0 349.153568 110.050624 376.016352 64.895936 21
0 542.709120 363.292512 565.886080 315.383968 22
0 504.550720 357.999360 536.155840 275.444480 23
0 521.334912 423.782080 549.502848 324.927040 24
0 606.426720 429.509184 630.510240 375.482816 26
0 518.843200 306.769600 541.028800 221.084480 28
0 592.221760 398.005760 607.773120 323.866880 31
0 571.589088 351.215584 594.174752 304.097056 32
0 541.892704 467.811200 576.386976 394.861440 35
0 464.432416 323.143680 494.583264 255.298560 34
0 503.900832 290.105984 533.938528 244.194176 20
0 577.261984 452.132160 603.703136 383.012800 45
0 593.783136 353.617024 608.385184 311.894656 29
