0 479.951104 366.706560 503.791616 285.980800 1
0 298.732832 390.591680 349.693408 289.175360 2
0 323.575488 247.467200 369.402432 159.748160 3
0 520.508704 487.111360 566.713056 416.473920 4
0 287.398496 316.253120 309.908384 184.758080 5
0 401.657376 350.792000 438.093024 259.497920 6
0 395.034880 376.844160 424.465920 284.291200 7
0 549.373792 419.517376 579.952288 377.029184 8
0 338.699680 173.408000 358.397280 106.080000 9
0 377.897312 257.980480 412.790688 191.496640 10
0 441.496832 397.762560 479.949568 324.104960 11
0 547.403808 393.941600 579.849952 354.537120 12
0 363.599360 207.984608 403.833600 160.276512 13
0 334.921184 135.549664 374.299936 74.506016 14
0 572.880864 387.691616 594.055456 334.509984 15
0 578.600352 265.822304 596.183648 215.892896 16
0 406.199712 309.832320 444.652128 234.673280 17
0 455.499776 280.002880 489.749504 219.855040 18
0 549.607072 315.700288 574.801248 259.335872 19
0 344.156064 101.487904 372.528736 63.308256 21
0 542.760896 363.663936 566.547264 314.147264 22
0 503.196768 354.497600 536.233632 274.971840 23
0 520.245568 427.616320 549.360832 323.584960 24
0 612.792768 431.962432 631.109952 374.195648 26
0 518.905376 305.368320 541.569504 220.441600 28
0 569.634176 350.621536 593.208704 302.841504 32
0 541.260672 468.055680 576.142208 394.855040 35
0 466.632800 324.724800 494.776480 249.548480 34
0 504.676096 290.198784 534.164224 244.170496 20
0 576.859968 436.533024 604.170432 380.201696 45
0 593.329312 348.535872 607.039328 311.968448 29
0 594.413472 441.495040 615.018848 340.518400 42
