0 478.064064 367.769280 506.660416 286.907200 1
0 311.417280 406.605440 352.568640 288.776320 2
0 324.046976 236.808000 364.735104 159.472320 3
0 532.615072 484.816640 575.667808 413.532160 4
0 288.028800 310.591360 310.226560 182.215040 5
0 401.206720 349.982720 438.304320 259.096320 6
0 395.928288 379.839360 425.058592 287.135360 7
0 543.626976 417.145792 577.704224 376.181568 8
0 339.000640 171.806720 358.413760 106.713600 9
0 372.030336 259.319040 408.587904 190.871040 10
0 343.766528 332.795200 381.720832 219.154880 11
0 550.198400 388.216128 578.698880 350.992832 12
0 364.184224 211.375328 406.606176 159.905312 13
0 326.820096 140.116320 365.206784 79.137440 14
0 567.203072 392.215680 590.082048 324.255360 15
0 579.478624 264.268480 595.644576 215.498560 16
0 405.121472 309.130560 442.164288 226.937280 17
0 409.564032 227.930240 428.219008 145.262720 18
0 547.687904 315.952736 574.335776 259.248544 19
0 350.027648 124.506464 377.356672 64.701856 21
0 542.619744 364.150976 565.856416 317.712704 22
0 504.520704 351.150720 536.664576 273.924480 23
0 528.868320 430.651840 547.839520 321.049920 24
0 605.874784 427.747648 630.916256 374.576832 26
0 518.447552 303.240640 540.930368 220.267840 28
0 589.146528 299.411200 608.253792 229.310720 29
0 592.280288 364.930560 607.057952 308.305920 31
0 569.064288 350.826848 591.259552 308.515232 32
0 590.942048 442.747520 605.869472 359.615360 36
0 539.187072 434.473632 575.456128 394.592608 35
0 464.917984 322.208960 493.615136 255.950400 34
0 505.834400 291.856960 534.905440 245.160640 20
0 588.996128 337.517312 604.154592 300.866048 40
