0 460.582656 355.980800 494.102784 284.983040 1
0 312.156000 406.059200 352.155040 288.347200 2
0 323.218336 245.945920 366.101344 159.314880 3
0 536.002208 488.346240 578.985312 406.311040 4
0 288.765120 313.601280 310.498880 184.326400 5
0 400.038176 351.298240 439.293664 260.915520 6
0 394.448736 386.439040 429.176224 295.857280 7
0 545.681184 431.769120 581.474016 381.650400 8
0 338.857728 172.428800 358.067712 106.967040 9
0 371.492896 265.543680 407.376864 191.613440 10
0 309.627392 176.043840 327.779328 89.982400 11
0 546.652384 391.166464 579.413536 351.070976 12
0 407.502624 223.861376 433.383136 162.808704 13
0 327.313696 137.659136 358.900704 78.311424 14
0 559.322176 323.563168 577.123264 288.818272 15
0 542.777920 332.028640 560.918720 283.747360 16
0 391.474944 288.936000 427.243776 223.815360 17
0 389.118880 199.675008 418.006880 136.399232 18
0 554.559104 294.680544 574.668416 257.457696 19
0 503.758752 287.785920 531.537248 240.559680 20
0 354.445088 145.641280 379.665632 74.463680 21
0 544.616416 364.674912 570.767904 320.438688 22
0 499.041568 343.171520 536.479712 276.390720 23
0 525.621888 436.598720 545.876352 320.060480 24
0 583.076256 450.152960 602.370144 384.038400 25
0 603.990464 427.354592 631.734336 379.257888 26
0 511.500064 291.003520 536.624096 215.091840 28
0 588.725504 281.814400 601.383936 215.480960 29
0 583.618432 339.344352 597.353088 292.349728 30
0 593.121344 384.341760 606.746816 318.474240 31
0 571.013984 382.258880 590.346656 310.114880 32
0 466.901056 331.204160 499.136704 256.003520 34
