0 478.159840 369.333120 505.334560 285.988480 1
0 308.962784 406.361920 352.440096 288.223680 2
0 323.980224 258.333760 365.636416 158.906560 3
0 532.531456 485.057920 575.974144 416.154240 4
0 288.522624 313.777920 309.970816 181.824000 5
0 401.125568 351.544000 438.912832 258.976320 6
0 396.013440 374.721280 425.056640 287.133440 7
0 542.927808 417.065792 577.575232 375.496128 8
0 338.115776 173.546880 358.357824 106.627200 9
0 371.905952 262.436480 409.202528 192.065920 10
0 363.931424 376.678720 401.110496 259.139520 11
0 550.684704 390.979936 579.714016 353.270944 12
0 363.501248 211.652032 405.415232 160.002368 13
0 326.597920 140.160160 365.996000 79.448160 14
0 572.863584 384.382528 593.216416 333.664192 15
0 579.316672 264.862624 595.434048 215.146336 16
0 405.807392 309.854720 443.393248 229.489920 17
0 409.343296 228.425280 427.161024 145.195200 18
0 546.109632 316.465280 574.209088 259.268480 19
0 350.069920 124.645184 378.257760 64.847296 21
0 542.341440 366.075264 565.312960 316.543616 22
0 504.367904 351.029440 536.709856 274.907200 23
0 528.766432 432.815680 547.864608 321.026240 24
0 606.179680 430.180832 630.817440 374.926368 26
0 518.289760 303.155840 540.700320 220.147840 28
0 583.108736 297.664544 604.898944 244.506336 29
0 590.746176 366.263680 606.947264 310.412160 31
0 567.185536 347.609856 590.525824 310.618624 32
0 590.975776 445.197120 605.578464 362.037440 36
0 539.370016 435.368768 575.822304 394.365632 35
0 464.361600 321.568000 495.521920 256.633600 34
0 505.394304 289.372192 533.974656 245.236448 20
