0 480.442368 353.257888 509.380352 294.504032 1
0 295.350272 392.051200 348.671488 286.525440 2
0 324.400704 246.448640 370.065856 161.135360 3
0 510.476704 488.438080 555.128416 414.682560 4
0 288.064160 311.466560 310.049120 184.740800 5
0 399.408192 349.880640 437.856448 259.070400 6
0 374.773952 377.564160 422.404928 286.880000 7
0 544.121344 414.824544 575.446016 374.866336 8
0 338.937024 173.869440 357.285696 108.065920 9
0 376.843552 258.020480 413.463008 191.785600 10
0 460.081408 412.121280 505.428992 338.333760 11
0 548.141120 389.556320 578.897600 354.296480 12
0 363.909056 204.877920 403.905344 160.384160 13
0 338.940672 146.477120 377.407488 78.520000 14
0 573.937408 385.384320 593.763072 336.152960 15
0 578.452416 265.996448 596.079424 216.344672 16
0 406.084768 312.399680 446.336352 234.130880 17
0 463.924704 281.894080 495.704096 218.443840 18
0 548.855264 314.779680 574.809376 258.779360 19
0 346.573184 102.815200 376.405376 58.443040 21
0 541.672000 367.112576 560.025280 315.078784 22
0 500.218432 341.152320 532.417728 269.979840 23
0 613.566432 439.275200 631.174688 374.208320 26
0 518.503392 302.775040 542.285088 219.526400 28
0 570.215008 353.538208 593.969312 301.389152 32
0 535.968800 478.792000 573.408480 392.745920 35
0 467.001120 322.416000 493.961440 257.567360 34
0 507.439296 319.892160 535.983424 244.060480 20
0 572.808160 440.526464 600.492320 384.985216 45
0 590.265312 360.353312 607.090208 310.938848 29
0 596.035008 441.756480 616.247872 352.098240 42
0 515.850144 415.304960 559.936096 316.775680 46
0 516.112288 415.532480 545.495392 326.473280 24
