0 478.001728 367.877760 506.626752 286.766720 1
0 311.423488 406.643200 352.582912 288.797440 2
0 324.072544 236.979840 364.731296 159.457920 3
0 532.668352 484.836160 575.672128 413.653440 4
0 288.086880 310.890880 310.242720 182.184320 5
0 401.144416 350.307840 438.375584 259.121920 6
0 396.008960 380.170880 425.045760 287.294080 7
0 543.823904 417.128544 577.695456 376.084896 8
0 338.996640 171.769920 358.456160 106.717120 9
0 371.991072 259.042880 408.761568 190.886080 10
0 343.889088 334.431040 382.161472 220.370880 11
0 550.496608 388.278496 578.819232 351.421984 12
0 364.115520 211.510432 406.589120 159.867488 13
0 326.822720 140.108416 365.090240 79.137664 14
0 567.864704 390.270080 590.386816 326.160000 15
0 579.475616 263.950656 595.636064 215.424704 16
0 405.108256 310.088320 442.098144 227.113600 17
0 409.556128 227.961280 428.184672 145.222720 18
0 547.706304 315.999360 574.272576 259.354240 19
0 350.007360 124.413088 377.365440 64.768352 21
0 542.726048 364.335296 565.865312 317.753664 22
0 504.522848 351.039360 536.632992 273.969280 23
0 528.829088 430.645120 547.826272 320.739200 24
0 605.838432 427.802976 630.947488 374.545824 26
0 518.425568 303.771840 540.965152 220.200000 28
0 588.898048 300.077440 608.266752 230.952320 29
0 592.260736 365.198912 607.054464 308.504768 31
0 568.687360 349.386592 591.146240 308.570528 32
0 590.996128 443.925120 605.916512 359.704960 36
0 539.017856 434.513888 575.462784 394.526752 35
0 464.891904 321.958080 493.360896 255.942720 34
0 505.795360 291.803296 534.888160 245.150304 20
