0 460.756576 355.922560 494.439584 284.996480 1
0 312.187392 406.256320 352.095488 288.312640 2
0 323.230240 244.899840 366.177760 159.941120 3
0 536.477504 488.470080 579.147456 406.133440 4
0 288.704288 313.344320 310.431712 184.451520 5
0 400.025824 350.546560 439.276576 261.009280 6
0 394.695200 385.262400 429.300960 295.787200 7
0 545.728000 432.344736 581.699840 381.910624 8
0 338.776960 172.217600 358.039680 107.005440 9
0 371.733696 265.826560 407.636544 191.813120 10
0 309.175904 177.080320 327.100576 89.274880 11
0 546.716000 390.995072 579.260320 350.908288 12
0 407.644256 224.417440 433.304224 162.696800 13
0 327.407008 138.074080 359.232352 78.157600 14
0 559.385856 322.721280 577.112064 288.844800 15
0 542.833472 337.114112 560.897728 284.435968 16
0 390.920896 289.334080 427.407424 223.865280 17
0 388.533088 199.872128 417.499552 136.222592 18
0 554.510592 294.976288 574.700288 257.346272 19
0 503.663136 287.526880 531.431904 240.448800 20
0 354.818784 145.841280 379.473696 74.663040 21
0 545.448832 363.953952 571.479168 321.002208 22
0 499.057408 343.262400 536.575232 276.682560 23
0 525.621216 436.043840 545.853984 318.527680 24
0 582.942048 451.670720 602.867872 380.129600 25
0 604.787520 429.672512 631.970240 380.276928 26
0 511.334464 290.880640 536.552896 214.939520 28
0 588.875104 281.662400 601.418656 215.324480 29
0 583.712512 339.718912 597.348608 292.228608 30
0 593.164512 381.487712 606.752288 318.514848 31
0 571.508384 383.637120 590.492256 310.592640 32
0 466.895168 330.684480 499.252672 256.208320 34
