0 460.687360 356.047360 496.596480 286.826240 1
0 310.009312 406.161600 352.276768 288.389440 2
0 327.491232 238.432320 369.375328 160.173760 3
0 538.299648 486.025920 578.967552 406.446400 4
0 288.214336 312.689280 310.322624 184.357760 5
0 405.256544 361.144960 442.850976 266.591360 6
0 390.343936 385.276800 429.321984 295.064960 7
0 547.363552 433.845248 582.960928 385.619712 8
0 339.411264 165.788288 358.104256 107.226752 9
0 372.085440 266.257920 405.802560 192.328960 10
0 309.389632 174.749760 328.669888 85.566400 11
0 545.061120 394.093216 578.804480 351.156064 12
0 408.532608 227.840640 433.855872 162.244480 13
0 328.856224 138.118912 364.591456 77.043968 14
0 559.470464 324.731136 580.144256 288.344064 15
0 543.560448 360.889280 559.990272 285.642560 16
0 389.137152 288.865920 429.298688 223.964800 17
0 391.011424 201.937920 419.383456 134.412800 18
0 554.725568 300.796736 574.641472 256.908224 19
0 503.921824 287.944992 531.640416 238.748128 20
0 363.462784 166.097920 385.364096 87.649280 21
0 558.327936 391.414400 587.118464 320.146560 22
0 499.317504 338.436928 537.111296 278.352832 23
0 525.080128 434.085760 545.743552 319.610240 24
0 589.585152 438.832000 605.223168 348.348800 25
0 609.341856 434.294016 630.262624 375.042304 26
0 466.996416 328.710400 498.503744 256.737280 27
0 511.895232 284.447360 534.764608 214.107520 28
0 589.272512 281.499200 601.556288 216.415680 29
0 584.273472 334.776224 597.041088 290.420576 30
0 592.873120 381.028128 608.546400 325.307872 31
0 570.729152 359.154112 591.400768 310.285888 32
