0 457.715616 356.930560 494.821984 284.519680 1
0 311.114464 406.277760 352.465696 288.728960 2
0 327.685824 237.625280 371.523136 160.136000 3
0 539.190848 485.118400 578.731712 406.272320 4
0 285.724544 306.698560 307.862656 182.733760 5
0 404.691200 361.198080 443.200000 267.000320 6
0 390.869760 384.844480 429.102080 295.183680 7
0 544.802240 434.749792 582.882880 384.277408 8
0 339.704576 164.752864 358.179584 107.038496 9
0 372.437952 267.570560 405.817408 192.184960 10
0 309.232320 174.533760 327.447360 85.754240 11
0 545.398880 394.462272 579.773600 351.881408 12
0 407.625504 230.651840 434.359776 163.050560 13
0 329.148416 137.621024 363.629824 78.476256 14
0 559.468000 324.309792 581.786400 287.018208 15
0 543.438336 361.692800 560.011264 285.325440 16
0 387.384576 288.444480 423.684864 224.282560 17
0 391.407456 201.758400 419.353504 134.520640 18
0 554.291808 299.515776 575.152032 257.185664 19
0 504.281280 288.617184 532.985920 238.613536 20
0 364.115168 166.650880 385.054752 88.928000 21
0 557.206848 379.469632 587.015872 320.006848 22
0 499.229376 340.367200 536.167744 277.845920 23
0 525.378720 432.391680 545.820000 318.255360 24
0 588.826272 434.883200 604.639328 344.780160 25
0 609.852448 429.941184 630.887392 375.172416 26
0 467.665248 316.413408 499.364512 256.294432 27
0 511.744288 274.234944 534.464992 214.050496 28
0 589.332352 283.507840 602.892928 219.191680 29
0 583.185184 333.170688 597.157856 290.220032 30
0 593.071680 381.790336 608.698560 324.779904 31
0 570.339168 378.263360 591.516832 310.074560 32
