0 461.064576 358.055680 497.867904 285.721600 1
0 311.082816 405.336960 352.707264 287.725440 2
0 323.345344 259.331840 365.527616 160.574720 3
0 536.548608 486.960640 575.421952 412.138240 4
0 288.726240 307.117760 311.387680 183.209280 5
0 401.349984 353.673600 439.949216 262.537600 6
0 395.712928 384.990400 427.446112 294.763840 7
0 545.046144 422.750400 578.411136 375.967040 8
0 339.140416 173.670720 358.171584 106.397120 9
0 371.116992 266.313920 406.719808 192.246080 10
0 311.963552 182.727360 333.127008 104.877120 11
0 548.880032 386.152416 577.121888 350.705184 12
0 392.519264 220.024928 424.663456 170.064032 13
0 326.922080 133.739776 358.924960 79.664384 14
0 558.932320 361.274496 578.279840 300.287104 15
0 539.678464 319.353280 556.270336 243.496000 16
0 391.537920 286.569024 428.102400 223.080896 17
0 384.150144 190.144480 416.119936 135.579680 18
0 549.348352 311.988768 574.485248 257.707232 19
0 502.674368 287.074720 531.889472 240.253280 20
0 353.446752 124.365568 378.553248 69.903872 21
0 541.345376 358.383584 565.759904 316.995616 22
0 498.620384 350.023040 533.410336 275.576960 23
0 526.891168 429.847680 546.410592 323.811200 24
0 601.029568 431.773760 630.724672 374.413760 26
0 516.765760 294.645120 539.264960 220.639360 28
0 587.678848 282.048960 601.603712 214.478400 29
0 588.332320 358.776896 606.753760 309.219264 31
0 574.822880 382.174400 590.652960 313.574720 32
0 588.380544 413.347840 604.058496 325.195520 36
0 539.861888 429.777152 574.076032 394.400768 35
0 465.302048 296.163168 493.718752 256.127392 34
