0 479.359840 366.612480 506.602400 285.514240 1
0 309.109920 406.276480 352.262240 290.025600 2
0 324.398624 240.642880 369.038816 158.599360 3
0 532.516032 484.320000 575.843648 412.037120 4
0 287.301536 305.431360 309.385824 179.596480 5
0 402.806976 348.539840 438.279744 258.098240 6
0 394.810720 381.012480 424.449440 288.300800 7
0 546.381408 419.141536 578.855072 374.948704 8
0 339.676288 171.428480 358.376832 107.009920 9
0 371.423232 265.350720 406.783488 191.473600 10
0 311.650432 271.652800 356.828288 179.536960 11
0 549.172000 387.456864 577.120480 353.889696 12
0 366.805056 218.462368 409.249984 161.256032 13
0 326.731008 141.564032 363.666432 79.123328 14
0 565.014016 406.158720 586.119424 318.762880 15
0 578.946464 267.757600 593.264736 218.468320 16
0 400.692928 288.454560 438.231872 225.488480 17
0 409.181856 227.183360 428.425824 144.974080 18
0 547.825888 317.658976 574.562592 258.970784 19
0 349.434528 123.874016 377.925472 64.351264 21
0 542.755680 362.886304 566.059680 318.040416 22
0 505.038688 352.490560 536.478112 274.631360 23
0 528.142112 434.150400 547.889888 322.224640 24
0 605.385856 430.099712 630.831744 374.747648 26
0 517.667872 303.135680 540.289248 220.255040 28
0 590.235232 280.200000 602.582688 206.705600 29
0 592.678624 363.373152 607.007776 303.715488 31
0 571.915936 366.190656 590.884704 310.345664 32
0 590.353664 446.581440 605.454336 359.584320 36
0 538.302944 433.757952 575.345696 392.918528 35
0 464.561600 322.605120 496.761920 256.635840 34
0 505.810656 291.512480 534.636064 245.612640 20
0 588.545024 340.077664 602.526976 295.571616 40
