0 459.984608 356.727040 494.146592 284.765440 1
0 310.277728 405.148800 352.696992 287.684480 2
0 323.138048 255.836160 365.747712 159.723520 3
0 537.608064 491.454720 578.371456 407.440640 4
0 288.482624 310.138240 310.684096 183.786880 5
0 400.675872 352.400320 439.742688 261.696320 6
0 393.719776 385.642560 429.221664 296.454080 7
0 547.115040 420.337888 581.564640 379.993632 8
0 339.227776 172.525120 357.976704 106.607040 9
0 371.016384 266.666880 407.134016 192.027520 10
0 312.950720 179.053440 331.241280 95.031680 11
0 548.002880 389.756576 577.040320 352.105824 12
0 391.537120 221.514976 424.418080 168.110624 13
0 327.166400 136.468512 358.216000 79.636448 14
0 560.131488 358.711392 577.044832 297.901728 15
0 539.959264 322.921536 559.482656 275.365824 16
0 391.743520 288.559360 427.305440 223.278080 17
0 385.866144 191.441248 416.619616 136.387232 18
0 554.832640 302.360736 574.517760 257.486944 19
0 502.287936 287.177728 530.983104 239.681792 20
0 353.033824 124.192224 378.451616 69.145376 21
0 542.288384 362.030560 566.774016 319.579680 22
0 498.612128 338.104832 534.277472 275.470848 23
0 523.625440 429.704320 545.614880 320.767360 24
0 570.907424 477.344096 592.456416 414.703264 25
0 600.448992 430.748960 630.870048 374.639840 26
0 516.475424 290.009920 539.221216 221.141440 28
0 587.626944 281.488640 601.577536 214.656000 29
0 585.085920 353.524096 596.980000 292.633984 30
0 591.984544 388.301120 606.539616 315.608000 31
0 574.680064 382.924160 591.032576 314.335360 32
0 465.665824 324.586560 498.212576 256.326080 34
