0 477.359872 368.613120 506.169088 287.097600 1
0 310.498112 406.261440 352.425408 288.366400 2
0 323.916736 241.656640 365.251904 159.151040 3
0 532.433344 485.119040 575.790656 414.784960 4
0 288.505472 313.700160 309.959808 181.910720 5
0 401.059936 351.979520 438.663584 258.799360 6
0 396.075616 377.921920 424.614304 287.588480 7
0 542.904576 416.760512 577.602304 375.446848 8
0 338.658112 173.946560 358.536128 106.699840 9
0 371.703840 260.786240 408.923360 191.618240 10
0 348.627328 355.393920 387.933312 235.470720 11
0 550.909600 390.337760 579.135840 353.474080 12
0 363.582688 212.989536 405.856032 159.542944 13
0 326.601408 140.954048 364.660032 79.092032 14
0 572.552960 385.601664 592.252160 334.322816 15
0 579.097056 265.396320 595.381024 214.837920 16
0 405.539104 308.783680 442.916576 228.387520 17
0 409.488224 228.436160 427.933856 144.859200 18
0 547.427648 317.040544 574.260672 259.049056 19
0 350.116768 125.016448 377.687392 64.260992 21
0 542.396416 365.570304 565.448704 317.828096 22
0 504.568640 354.040320 536.967360 274.460160 23
0 529.025856 432.497920 547.929024 321.175040 24
0 606.088032 430.662240 630.910368 374.804640 26
0 518.366208 304.164480 541.276672 219.669120 28
0 585.023648 299.406976 608.265312 242.793344 29
0 590.153056 365.083680 606.977184 309.967840 31
0 567.216320 348.934112 591.016000 309.693728 32
0 590.636608 444.673280 606.078912 359.975680 36
0 538.844768 435.026720 575.657632 394.372320 35
0 464.288384 322.979200 494.240896 255.739520 34
0 506.087808 289.129152 534.490752 245.016128 20
