0 460.627136 356.045440 495.237184 284.545920 1
0 312.154496 405.902720 352.209024 288.261760 2
0 323.284064 244.968640 366.355616 158.472000 3
0 538.108416 484.684480 578.854144 406.096960 4
0 288.552544 312.043200 310.827936 184.152640 5
0 404.762816 351.701440 439.287104 261.180480 6
0 393.948064 385.588160 428.679776 296.093760 7
0 546.559840 431.173984 581.972640 382.765216 8
0 339.359424 172.157120 358.112576 106.909760 9
0 371.475648 265.435200 407.979072 192.003520 10
0 309.506336 173.768960 329.212384 84.707840 11
0 546.241408 390.377440 579.202432 349.276960 12
0 407.637664 224.980704 433.542496 162.214176 13
0 327.908768 135.223232 359.776352 77.304128 14
0 559.116672 324.101088 577.008768 288.979232 15
0 543.886880 349.940480 560.438240 284.234240 16
0 390.495040 288.187520 428.378560 224.168320 17
0 389.096352 200.473600 418.364768 136.247040 18
0 554.751712 295.161312 574.631968 257.115168 19
0 504.064320 287.632448 531.990720 240.334272 20
0 357.136384 146.721920 379.465216 77.395840 21
0 552.862336 360.161760 578.964864 322.009120 22
0 499.120544 339.236448 536.669536 277.301152 23
0 525.619584 433.392640 546.304896 318.490880 24
0 589.456704 448.123200 605.045696 358.813120 25
0 604.424704 425.220128 631.390976 385.364192 26
0 511.614656 285.632000 536.332864 214.243840 28
0 588.954272 282.462720 601.457248 214.818560 29
0 584.028160 334.874848 596.981760 291.348512 30
0 593.609632 367.390560 606.638688 319.283360 31
0 570.260480 382.720000 590.908160 309.841920 32
0 466.392800 330.313600 498.403360 256.763520 34
