0 460.669408 356.015360 495.686432 284.600320 1
0 311.731648 405.987840 352.210752 288.321280 2
0 323.214624 244.848320 366.518496 158.227520 3
0 538.039136 484.511040 578.910624 406.129600 4
0 288.564384 310.832960 310.825056 184.222400 5
0 405.074784 351.624320 439.286176 261.156480 6
0 393.947520 385.467200 428.780160 296.123840 7
0 546.001536 431.393152 582.020224 382.745728 8
0 339.374240 172.113600 358.111840 106.873920 9
0 371.654464 265.174400 408.263616 191.989120 10
0 309.570816 172.901440 329.844224 84.861120 11
0 546.249696 390.992864 579.251744 349.045536 12
0 407.492224 224.980672 433.575296 162.243648 13
0 328.215968 135.313152 359.653472 77.321728 14
0 558.883072 323.185568 576.940288 289.078112 15
0 543.903584 349.707520 560.416416 283.965440 16
0 390.659552 288.268480 428.116768 223.640640 17
0 389.077984 200.679040 418.297376 136.295040 18
0 554.778944 294.435776 574.582976 257.134144 19
0 503.997248 287.825504 531.980992 240.269216 20
0 357.604512 147.054080 379.250528 77.565440 21
0 552.687776 360.596768 579.317344 321.356512 22
0 498.890208 339.674432 536.601632 277.496768 23
0 525.652928 433.592640 546.356032 319.313600 24
0 589.495296 448.200640 605.049344 357.752640 25
0 604.188448 425.881632 631.360992 385.172448 26
0 511.455424 287.203840 536.068416 214.323200 28
0 588.915008 282.483200 601.460672 214.830080 29
0 584.020576 334.211712 596.989344 291.346048 30
0 593.548640 366.625952 606.699680 319.352928 31
0 569.875648 383.282560 591.081792 310.136960 32
