0 478.113376 370.559680 506.279584 284.010560 1
0 311.246368 405.036160 352.262112 287.256960 2
0 324.300192 258.953600 365.869408 159.474560 3
0 521.696576 487.977280 567.107264 413.854400 4
0 288.393472 309.985280 310.352128 181.646080 5
0 402.318176 350.927360 438.572704 260.183040 6
0 394.911328 375.880320 425.147552 286.042240 7
0 547.044576 422.300576 579.677984 375.886944 8
0 334.366176 174.700160 358.684704 105.482880 9
0 374.954880 262.778560 414.784640 191.434560 10
0 405.663424 435.899520 454.472256 346.894720 11
0 547.292864 389.619360 580.056896 352.787040 12
0 363.529888 210.000896 404.928352 159.745024 13
0 334.462560 144.776320 375.147680 73.768320 14
0 574.104800 388.252000 593.637920 334.841760 15
0 579.000192 265.720672 595.641728 216.049568 16
0 406.846496 296.482880 439.639264 231.215040 17
0 408.700640 229.110400 425.294880 145.863040 18
0 547.020608 315.186976 574.793152 259.676384 19
0 351.051712 119.844576 377.430848 65.941024 21
0 541.441856 363.038080 564.478144 313.389440 22
0 504.100832 351.567040 536.591648 274.542400 23
0 528.399168 427.055040 547.666112 322.213440 24
0 604.494912 430.463200 630.612928 374.839840 26
0 519.106272 305.314240 541.341728 221.272640 28
0 581.419808 324.263008 595.920352 261.082272 29
0 592.115584 381.094080 606.930816 311.394880 31
0 568.393088 350.469536 590.684032 311.601504 32
0 543.212512 469.108160 576.183328 394.793280 35
0 464.107648 324.061760 492.107392 256.600000 34
0 505.764288 291.184096 534.878272 245.254944 20
0 585.841856 431.269888 604.026944 380.159232 42
