0 460.209536 356.627200 494.678144 284.540160 1
0 310.354016 405.122240 353.002144 287.952960 2
0 322.937952 257.070720 365.183648 160.031360 3
0 537.766272 488.935680 582.840448 404.226560 4
0 288.379296 309.621760 310.701664 183.664640 5
0 400.437600 352.057920 439.851680 261.850560 6
0 393.748608 383.668800 429.066112 296.496320 7
0 546.515328 418.032672 580.107392 379.880928 8
0 339.075040 173.276160 357.918240 106.539520 9
0 371.131456 266.769280 407.086784 192.402560 10
0 313.331136 177.022720 332.355904 95.308800 11
0 546.994720 391.110496 576.993760 352.184224 12
0 394.106240 220.532288 425.531520 170.300352 13
0 327.183136 135.578656 358.461664 79.799264 14
0 559.435808 357.795456 577.319392 300.084864 15
0 540.251872 321.492416 559.097888 271.623744 16
0 391.963168 288.996160 427.413472 223.349440 17
0 385.950304 192.177856 417.014176 136.373824 18
0 555.141120 302.525472 574.536960 257.413088 19
0 502.613632 286.419392 530.942848 239.937088 20
0 353.261600 131.582336 378.711520 69.450624 21
0 542.062688 361.795936 565.888672 319.194784 22
0 498.354144 339.234240 534.718496 275.274560 23
0 524.321952 432.208000 545.089888 322.615680 24
0 600.875040 430.684608 630.876640 374.580032 26
0 516.536608 291.183040 539.193312 221.286720 28
0 588.027552 281.594240 601.573728 214.819200 29
0 585.944320 360.594976 597.378560 297.838304 30
0 592.226880 387.506560 606.531520 314.783360 31
0 574.766208 381.102720 590.890112 316.100480 32
