0 480.675168 353.343040 505.712032 287.226560 1
0 296.748864 391.748800 347.708096 287.164480 2
0 323.616288 249.262720 371.337952 160.474240 3
0 522.514208 486.951360 566.525152 416.444480 4
0 287.339744 316.289920 310.011936 184.757120 5
0 401.882880 349.132480 437.844480 259.174720 6
0 395.258016 377.296640 424.272224 283.793920 7
0 550.503072 416.868288 579.301728 378.751552 8
0 339.076288 173.130880 357.931072 106.983040 9
0 378.152384 257.488960 413.813056 191.487680 10
0 446.857632 399.362560 487.998048 326.341120 11
0 550.145568 389.420576 579.801312 352.235744 12
0 363.591232 206.073088 403.860928 160.385792 13
0 335.528224 144.521280 374.983136 76.167360 14
0 573.660288 385.229952 593.749632 336.038528 15
0 578.426688 265.688256 596.123072 215.904064 16
0 406.224992 316.915200 444.971168 234.530560 17
0 464.333696 280.099680 497.112704 219.399840 18
0 549.719136 316.881440 574.840224 259.049440 19
0 345.456000 104.853024 373.671040 63.957216 21
0 542.774656 368.359264 564.072064 319.935136 22
0 503.002272 348.576960 536.327008 274.447680 23
0 520.668096 424.991680 548.714304 319.105600 24
0 613.408544 432.728192 631.267296 373.428608 26
0 518.774400 301.104000 542.744960 219.173760 28
0 570.574944 351.784480 593.480096 302.438880 32
0 540.464096 468.381440 575.967264 395.046400 35
0 466.285952 321.446720 494.220928 255.561920 34
0 505.435968 291.514368 535.154112 243.820032 20
0 577.676800 432.627296 604.820480 379.706784 45
0 590.786976 355.782336 607.040864 312.165184 29
0 595.091968 442.181120 615.793152 345.400320 42
0 520.730528 425.242240 563.979872 318.762880 46
0 528.008608 401.022400 564.107872 319.443520 47
