0 460.501248 356.125440 496.861952 284.413440 1
0 309.680960 405.909760 352.044480 288.409600 2
0 326.290560 239.801280 368.197760 159.032640 3
0 537.645344 483.894400 578.599136 406.412160 4
0 288.195328 313.038080 310.168832 183.956480 5
0 405.264192 355.865920 439.715008 263.156160 6
0 393.939360 387.776320 429.208160 296.184000 7
0 547.756480 432.022720 582.537280 382.748480 8
0 339.334624 167.324384 358.229536 107.158816 9
0 372.219488 267.048960 406.454432 192.748800 10
0 309.436320 169.140160 329.731680 85.478720 11
0 546.217760 392.372224 579.543520 349.890816 12
0 408.573472 226.698560 433.943008 162.333120 13
0 328.099328 136.319520 362.783232 76.397280 14
0 558.892224 328.665856 578.977856 288.605184 15
0 543.709600 356.153920 559.969120 284.585920 16
0 391.181184 288.107744 428.189056 225.410336 17
0 388.647232 201.660800 419.858368 134.753920 18
0 554.917984 298.941440 574.383776 256.855040 19
0 503.846624 288.139584 531.459616 239.295936 20
0 361.578528 160.357440 385.539552 86.354880 21
0 558.255840 389.340800 587.967520 321.855360 22
0 499.124128 337.958944 536.968032 278.060256 23
0 525.414048 432.067520 546.779232 320.150080 24
0 590.123424 446.523200 605.217376 355.322560 25
0 606.647232 429.261408 630.284608 380.292512 26
0 511.550848 283.345600 534.678912 214.017600 28
0 589.326368 281.790080 601.315552 215.628160 29
0 583.947552 334.338880 597.237728 290.621120 30
0 592.766944 372.473664 608.038176 324.016576 31
0 569.997248 356.618880 590.974272 309.992320 32
