0 460.504672 355.956480 494.133408 284.942080 1
0 312.055648 406.160960 352.094112 288.210880 2
0 323.134592 245.545280 366.402688 159.680960 3
0 536.835904 490.485440 578.960576 406.347840 4
0 288.720608 314.194560 310.503712 184.365440 5
0 400.089120 351.347520 439.259360 260.749760 6
0 393.723488 385.973120 428.967072 296.055680 7
0 545.609344 430.784672 581.510016 381.205088 8
0 339.000160 172.315840 357.968800 107.022400 9
0 371.539456 265.895040 407.477504 191.904640 10
0 310.667200 176.531840 328.841280 91.169920 11
0 547.233952 391.215552 579.409248 350.154048 12
0 406.003872 223.518944 433.394528 162.994976 13
0 327.568416 136.999104 359.114464 78.304576 14
0 559.954400 325.139232 576.624160 288.770528 15
0 542.812160 328.402656 560.930560 283.370784 16
0 391.439296 288.832640 427.545664 223.619200 17
0 389.033184 199.165856 417.983776 136.246624 18
0 554.637536 295.722496 574.666784 257.370624 19
0 503.587712 287.775392 531.480448 240.451168 20
0 354.398336 147.063040 379.725184 73.889280 21
0 544.133280 368.652384 570.022240 320.585376 22
0 499.197760 342.627520 536.210880 276.183360 23
0 525.547840 436.121280 545.903040 320.417600 24
0 581.285696 453.792000 601.340864 390.502400 25
0 603.501952 427.444064 631.323008 377.878176 26
0 511.710080 291.433280 536.565120 215.263680 28
0 588.751104 281.733760 601.390336 215.447680 29
0 583.569472 338.852288 597.381568 292.300352 30
0 592.703488 389.240960 606.729472 318.337920 31
0 570.366528 382.584000 590.360512 310.025280 32
0 467.006240 332.354560 499.130080 256.062720 34
