0 460.915584 356.037760 497.183616 285.179520 1
0 309.887744 406.123840 352.175616 288.346560 2
0 326.925184 239.691840 368.238976 159.442880 3
0 537.645152 484.218880 578.804128 406.256640 4
0 288.405600 313.500800 310.675360 184.083840 5
0 404.827232 360.061440 441.364128 264.727040 6
0 390.711072 385.305600 429.296608 295.567360 7
0 547.559456 432.251520 582.610144 383.415680 8
0 339.404256 167.111168 358.136864 106.952192 9
0 372.100128 266.416320 406.080992 192.505920 10
0 309.490368 174.904960 328.919872 85.356160 11
0 545.899232 392.067712 578.283808 349.030528 12
0 409.005088 226.967360 433.871072 162.357440 13
0 328.539552 137.898304 364.239968 76.380096 14
0 558.974208 326.271040 579.037952 287.610560 15
0 543.637216 358.451520 559.974944 285.273280 16
0 389.601408 288.002496 430.550912 224.330304 17
0 390.510784 202.215360 419.461696 135.170880 18
0 554.905120 298.985344 574.422240 256.976256 19
0 503.895200 288.073184 531.591520 239.134496 20
0 362.436224 167.110400 385.544576 86.636800 21
0 556.849408 391.319040 587.854592 321.232640 22
0 499.559872 337.041536 537.444928 278.464384 23
0 525.185056 433.133760 546.320864 319.329600 24
0 589.884224 446.288960 605.404096 351.762880 25
0 608.909184 434.541696 630.093696 376.614784 26
0 511.890464 282.456640 534.521056 213.963200 28
0 589.507936 281.286720 601.375904 215.920320 29
0 584.045568 334.036160 597.085952 290.630720 30
0 592.929376 380.043200 608.259744 325.175360 31
0 569.887712 356.382784 591.286048 309.893056 32
