0 479.701504 366.420160 506.548736 285.751360 1
0 308.790976 406.269120 352.153664 289.857600 2
0 324.189536 236.901120 366.993824 158.077440 3
0 532.636576 484.496960 575.871584 412.689600 4
0 287.351776 305.991360 309.391904 179.560000 5
0 402.348928 349.042880 438.492032 258.075200 6
0 394.557792 380.053440 424.281248 288.077120 7
0 546.459904 421.434464 578.822656 375.278496 8
0 339.645152 171.389120 358.354208 107.074880 9
0 371.610016 265.031040 407.602784 191.544960 10
0 309.394624 271.179520 350.766656 176.628480 11
0 547.991136 388.247456 577.259424 351.674464 12
0 367.099296 218.278400 410.039904 161.996800 13
0 326.774496 140.908640 363.818784 79.059360 14
0 565.290048 405.923840 586.063552 318.169600 15
0 576.563328 270.328256 591.499392 221.865024 16
0 400.615136 288.709024 438.217504 225.817696 17
0 408.939296 226.933440 428.420064 144.452160 18
0 547.647584 317.449152 574.541216 258.856768 19
0 349.521280 123.377664 377.660800 64.199936 21
0 542.944928 362.447616 566.341472 318.036224 22
0 505.401024 353.067520 536.446016 275.170560 23
0 528.101376 430.418560 547.451904 324.426880 24
0 605.347488 429.889632 630.815072 374.480288 26
0 517.757856 302.317120 540.226144 220.251840 28
0 590.094208 279.034560 602.643072 205.509440 29
0 592.488512 362.922208 607.092928 305.235232 31
0 571.627488 362.702720 590.547232 309.916800 32
0 590.020512 449.872960 605.583968 359.143360 36
0 538.434048 433.175936 575.092992 393.043584 35
0 464.386304 323.017600 494.393856 256.935040 34
0 505.447904 290.006496 533.959456 245.384224 20
0 588.199520 339.008192 602.510240 295.234368 40
