0 478.478784 365.123200 504.060736 286.935680 1
0 297.905248 390.622720 348.009632 286.677760 2
0 323.674400 248.265600 369.532640 159.859840 3
0 521.126464 486.790400 566.664896 416.481280 4
0 287.354208 313.491200 309.928352 184.848640 5
0 401.291136 350.398080 438.068864 259.396480 6
0 394.611040 375.885440 424.371360 283.995520 7
0 549.190528 418.151360 579.530112 377.707840 8
0 338.827360 173.496960 358.240160 106.480000 9
0 377.901632 258.188800 413.261248 191.631360 10
0 440.797632 398.990720 480.062528 325.732480 11
0 547.712768 392.693888 579.786752 353.892992 12
0 363.629632 207.360576 403.877568 160.291264 13
0 334.881600 139.299520 374.420160 74.569280 14
0 573.100032 386.251200 594.117888 335.000640 15
0 578.647968 265.956384 596.212832 215.939296 16
0 406.764704 312.705280 444.286816 234.257920 17
0 463.125984 280.842976 494.548256 217.075744 18
0 549.839456 314.993024 574.799264 259.090816 19
0 344.386208 102.045600 372.512352 63.329120 21
0 542.878528 362.775200 566.804672 314.972000 22
0 502.598752 352.084480 536.396448 274.885120 23
0 520.269184 426.905280 546.937216 322.401600 24
0 612.552608 431.054784 631.193952 373.884736 26
0 518.882272 305.347520 541.880608 220.205120 28
0 570.180832 350.949312 593.140768 302.726208 32
0 541.766432 468.629120 576.108768 395.053440 35
0 466.010752 320.096640 494.819968 252.373120 34
0 504.774336 289.729472 534.091584 244.159808 20
0 577.111840 433.431200 604.588000 380.127840 45
0 593.137760 349.129728 607.008160 312.150272 29
0 594.374112 443.555520 614.363168 340.742720 42
