0 461.628576 358.099200 497.707104 286.380800 1
0 310.295360 406.530560 352.335040 288.613120 2
0 323.567008 260.368000 365.495392 161.187200 3
0 537.020608 487.364160 575.456832 412.427200 4
0 289.287616 306.680960 311.185984 183.094400 5
0 401.183136 353.878400 440.145504 262.449280 6
0 395.180384 387.096000 427.291296 293.362240 7
0 546.250144 422.416064 578.695776 375.423296 8
0 339.112448 174.558400 358.268672 106.879040 9
0 371.163808 265.971520 406.286432 192.227520 10
0 311.901632 182.468160 333.473088 105.798080 11
0 548.841568 387.091296 577.182112 350.595744 12
0 392.514368 220.494720 424.683712 170.371200 13
0 327.286848 133.602304 360.044992 78.934016 14
0 558.974176 364.215264 579.282464 301.310496 15
0 540.505120 315.544640 557.181920 242.079680 16
0 392.417952 286.195648 428.199008 223.200832 17
0 388.327968 174.742880 416.189152 134.223520 18
0 547.928896 313.541760 574.535104 257.783680 19
0 502.741920 287.528672 531.812960 240.632608 20
0 353.506080 126.759584 378.634720 69.341536 21
0 541.181728 357.663712 565.959392 317.020448 22
0 498.995040 352.262720 533.446560 275.551680 23
0 527.269568 430.593280 546.500672 323.873280 24
0 601.750752 432.315296 630.649888 374.330464 26
0 516.868128 299.345600 539.529952 220.799040 28
0 588.642464 282.297920 601.520736 214.976960 29
0 588.061376 359.530368 606.746944 308.972672 31
0 574.366784 382.100800 590.399936 311.683520 32
0 588.282944 413.471360 603.921856 327.504000 36
0 539.755840 430.836160 573.904320 393.779520 35
0 466.215904 296.042592 495.105056 255.898528 34
