0 464.245376 356.457280 501.814144 288.867520 1
0 309.124128 407.429120 352.440032 290.056960 2
0 323.580000 251.126080 366.386080 161.018560 3
0 537.943072 485.359360 576.510688 412.759040 4
0 287.324800 306.585920 308.567680 179.599040 5
0 403.455744 355.646080 439.881216 261.440640 6
0 394.667616 380.997760 424.652704 288.831360 7
0 546.373184 417.746752 579.006656 375.246528 8
0 339.010880 174.612800 357.976000 106.560960 9
0 371.547936 265.560320 406.731744 191.824640 10
0 312.074208 180.346240 334.021152 105.979520 11
0 548.775072 386.001664 576.814688 350.469376 12
0 388.640800 222.757056 421.298400 169.673024 13
0 327.430784 135.739872 360.050816 78.870048 14
0 561.771392 394.308800 583.203968 309.573440 15
0 543.686400 280.690400 567.170560 235.028000 16
0 393.277024 286.209664 433.345696 224.998016 17
0 390.410144 174.562048 416.183136 134.226432 18
0 547.154304 316.557248 574.526336 257.777472 19
0 503.140000 290.191392 533.332320 243.028448 20
0 352.494624 138.088640 376.028896 66.571840 21
0 542.697024 357.160256 566.570176 317.672384 22
0 499.326432 349.914240 531.743008 274.069120 23
0 528.596704 434.725120 546.668576 319.873280 24
0 606.208032 429.073024 630.728928 373.424256 26
0 517.520096 307.764800 540.685344 222.016960 28
0 588.735936 282.673600 601.468224 215.318080 29
0 588.781632 360.095168 607.072448 308.537152 31
0 572.354176 370.931488 590.555264 308.643552 32
0 590.105728 437.019840 606.703232 351.257920 36
0 538.635584 434.748224 575.919296 392.949696 35
0 466.654080 302.133728 495.030400 257.163552 34
0 503.286400 314.144320 533.592960 243.567040 38
