0 480.534688 353.152224 509.368672 294.430496 1
0 295.328128 392.008960 348.666752 286.539520 2
0 324.395136 246.075200 369.858944 161.149120 3
0 511.021408 488.570240 555.364512 414.695040 4
0 288.053568 311.324160 309.993152 184.755200 5
0 399.734272 349.098560 437.924608 258.989760 6
0 375.539840 381.318400 423.096960 287.361280 7
0 545.025248 414.559776 575.678752 374.987744 8
0 338.931840 173.758400 357.240960 108.061760 9
0 376.906368 257.974720 413.525632 191.777600 10
0 460.135488 412.412160 505.258432 338.421760 11
0 548.427776 389.731520 578.910464 354.269760 12
0 363.895712 204.745888 403.907168 160.356192 13
0 338.940640 146.469440 377.406240 78.525120 14
0 573.925472 385.960352 593.762208 336.081248 15
0 578.423456 266.035520 596.078944 216.369600 16
0 406.095552 313.433280 446.520128 234.079040 17
0 463.943936 281.679232 495.711744 218.433408 18
0 548.753824 315.037120 574.813536 258.758720 19
0 346.561344 102.786240 376.392896 58.442560 21
0 541.822656 367.444608 560.197184 315.471232 22
0 500.256800 341.685760 532.467680 269.977600 23
0 613.506560 439.508800 631.180800 374.164160 26
0 518.505696 302.972480 542.207264 219.529920 28
0 570.189088 353.470432 593.986272 301.373728 32
0 535.725088 477.588480 573.374432 392.954880 35
0 467.045376 322.189760 493.937664 257.519680 34
0 507.516992 319.930880 536.036288 244.071680 20
0 572.704480 437.835040 600.739360 385.432800 45
0 590.270400 360.267296 607.096640 310.936544 29
0 596.088256 442.924800 616.284224 352.072960 42
0 516.104480 415.230080 560.480480 316.929920 46
0 516.356320 415.403520 545.663520 326.556160 24
