0 479.125120 370.665600 506.359680 285.810560 1
0 309.494208 404.975360 352.200512 288.007680 2
0 324.237120 256.088960 366.668480 159.542400 3
0 522.833824 485.216640 567.984736 411.967360 4
0 288.295488 312.192640 310.420672 181.715840 5
0 401.610560 351.045440 438.848960 260.118720 6
0 395.387424 355.383680 424.853216 285.605760 7
0 543.251648 419.236864 578.413632 375.730176 8
0 336.064128 173.912640 358.252672 106.732480 9
0 372.012768 266.667840 411.669792 193.810880 10
0 387.796000 427.048320 445.153760 337.220480 11
0 547.511488 389.480224 579.725632 352.853216 12
0 363.733216 208.230464 404.902944 159.613376 13
0 333.264800 146.082240 372.006240 78.564160 14
0 573.966848 387.819744 593.635072 333.849376 15
0 579.791424 263.585504 595.778496 215.920416 16
0 406.607200 311.189440 441.948320 230.685760 17
0 408.986944 226.605440 427.130816 146.552960 18
0 547.070848 314.304032 574.628992 259.284448 19
0 350.989856 121.405664 377.308384 65.845536 21
0 540.976096 362.640256 564.497184 312.477824 22
0 504.492000 351.020160 536.119840 274.734720 23
0 528.636224 428.611200 547.290816 321.857920 24
0 604.732384 429.845120 630.580256 374.961280 26
0 518.561824 304.691520 541.079776 221.410240 28
0 582.279040 313.615040 596.251520 249.006400 29
0 590.827232 378.538560 606.867488 311.331520 31
0 567.660800 349.033376 590.238720 310.388064 32
0 584.842912 466.544000 603.854688 377.850240 36
0 543.056032 459.050560 576.361568 394.208960 35
0 464.273568 323.822720 491.310432 256.709760 34
0 505.237824 291.025568 534.996416 245.528672 20
