0 479.048704 365.192640 505.675776 286.314560 1
0 309.272160 406.793600 352.268960 288.238720 2
0 323.801472 252.845120 367.527808 159.449280 3
0 521.697760 486.689280 566.179360 416.152320 4
0 288.422048 315.021440 310.685792 185.708160 5
0 401.739712 347.679680 438.256448 258.296640 6
0 394.230944 377.528640 424.364896 285.250240 7
0 549.139936 418.547296 580.241184 376.399264 8
0 336.766816 173.764480 358.241184 105.435520 9
0 378.034464 261.158720 411.710176 191.838400 10
0 428.366208 405.327360 475.353472 324.020480 11
0 548.004768 392.141824 579.666272 354.626816 12
0 363.516032 205.819488 404.225408 160.131232 13
0 335.540992 143.490240 374.952448 74.155840 14
0 572.268800 386.859968 593.056000 332.921152 15
0 578.735808 266.643456 596.209472 215.317504 16
0 406.380832 313.638400 443.660768 231.310080 17
0 425.476704 267.994560 469.317536 186.702400 18
0 547.780096 316.140512 575.006464 259.632928 19
0 348.684160 117.665664 377.345920 65.517696 21
0 542.381728 363.603136 565.806432 314.720064 22
0 504.775936 360.325440 536.141824 275.184320 23
0 521.737504 424.211200 549.636576 325.701120 24
0 605.708096 429.196320 630.467264 375.480800 26
0 518.786144 305.755520 540.969376 220.878720 28
0 593.363744 385.438336 606.986976 322.210944 31
0 571.074944 354.080480 594.462336 305.058080 32
0 541.710464 467.922560 576.299136 394.879360 35
0 464.113024 325.541440 494.747776 255.578560 34
0 505.025504 291.381120 534.055456 245.114240 20
0 576.476448 454.400960 603.835872 383.672640 45
0 590.040416 356.723744 609.314464 311.651296 29
