0 460.319936 355.768640 495.068224 284.770240 1
0 310.365344 404.996160 352.939616 287.899840 2
0 322.948640 257.772160 364.952800 160.147840 3
0 537.504288 486.082240 580.016352 403.045440 4
0 288.405056 309.131200 310.673344 183.571520 5
0 400.408000 351.861760 439.799360 262.082560 6
0 394.159104 383.881280 428.967936 296.414400 7
0 544.684576 417.441088 579.501024 379.673792 8
0 338.988352 173.551040 357.899968 106.438720 9
0 370.975328 266.829120 407.063712 192.438720 10
0 313.497696 178.451200 333.249184 96.732160 11
0 547.091264 390.611104 576.805056 351.930976 12
0 394.195520 219.789312 425.553600 169.865728 13
0 327.161792 135.176352 358.810688 79.798368 14
0 559.019488 357.480000 577.029152 300.232640 15
0 540.261440 320.076352 558.973120 268.399808 16
0 391.540768 285.094976 427.373792 223.287744 17
0 385.782656 192.393504 416.921984 136.579296 18
0 555.243744 302.963392 574.507296 257.210688 19
0 502.792640 287.005536 531.466560 239.919264 20
0 353.227456 133.957760 378.686784 69.655680 21
0 541.799296 363.178048 565.202304 318.231232 22
0 498.485664 339.805440 534.434656 275.114240 23
0 524.937952 433.297280 545.069088 322.940800 24
0 601.081088 429.142208 630.913792 374.556992 26
0 516.597184 292.081280 539.324736 221.354880 28
0 588.009024 281.994240 601.594816 214.853120 29
0 586.874944 375.984000 597.937856 303.726720 30
0 594.960096 384.720640 606.584864 313.016320 31
0 574.638752 380.267584 590.766688 317.016256 32
0 465.627968 314.187936 497.904832 256.013664 34
