0 460.168288 356.737920 494.669472 284.542080 1
0 310.388960 405.099200 352.987680 287.963200 2
0 322.996384 256.857920 365.116256 159.981760 3
0 537.850400 489.020800 580.884960 405.257600 4
0 288.388128 309.664000 310.709472 183.649280 5
0 400.521024 351.962560 439.848896 261.826880 6
0 393.792384 383.690560 429.123456 296.507840 7
0 546.550592 417.733888 580.128448 379.736832 8
0 339.146400 173.278400 357.927520 106.539840 9
0 371.158944 266.793280 407.078496 192.328640 10
0 313.199744 176.831040 332.099456 95.207360 11
0 546.983776 390.874976 576.879264 352.021664 12
0 394.074208 220.448544 425.514912 170.281696 13
0 327.194912 134.277504 358.359008 79.820416 14
0 559.498400 358.030848 577.306720 300.079872 15
0 540.599584 321.605024 559.108576 271.988576 16
0 391.882304 288.789120 427.018176 223.327360 17
0 385.972736 192.062720 417.055744 136.348160 18
0 555.180000 302.524992 574.540320 257.460928 19
0 502.615808 286.517856 530.922752 239.944864 20
0 353.259008 131.914528 378.730752 69.448672 21
0 542.117312 361.687072 565.899328 319.020768 22
0 498.353728 338.377888 534.660032 275.274592 23
0 523.699680 431.595840 545.051680 322.338240 24
0 600.877280 430.784576 630.880800 374.569664 26
0 516.527296 291.538880 539.211584 221.304640 28
0 588.014240 281.613760 601.589600 214.774080 29
0 585.918944 373.994240 597.334816 297.276160 30
0 592.308736 387.435520 606.531584 314.952960 31
0 574.768032 381.039040 590.890848 315.967040 32
