0 479.401184 370.926080 506.238496 285.927680 1
0 309.374080 405.016960 352.187520 287.973760 2
0 324.223744 255.337920 366.597376 159.520320 3
0 523.272288 484.833920 568.012192 412.284800 4
0 288.295392 312.350720 310.431008 181.738240 5
0 401.545088 351.016320 438.854272 260.142720 6
0 395.349280 355.574080 424.844000 285.512640 7
0 543.335392 419.103392 578.375968 375.754848 8
0 336.453728 173.910400 358.296992 106.709120 9
0 371.974368 266.734720 411.385632 193.729920 10
0 384.312384 425.514560 444.190656 335.839680 11
0 547.566688 389.507808 579.729312 352.869152 12
0 363.779968 208.385824 404.904832 159.633376 13
0 332.360000 145.736960 371.889600 78.795520 14
0 573.910528 387.842112 593.661952 333.820608 15
0 579.793920 263.023840 595.792640 215.897120 16
0 406.658176 311.251200 442.107264 230.666240 17
0 408.913024 226.628800 427.157376 146.519360 18
0 547.099712 314.302944 574.593728 259.262496 19
0 350.938496 121.774240 377.405824 65.776480 21
0 540.940608 362.547040 564.544192 312.385440 22
0 504.453888 350.740480 536.156672 274.853120 23
0 528.646368 429.328640 547.281952 321.785600 24
0 604.722880 430.041312 630.580800 374.895648 26
0 518.574880 304.589440 541.091040 221.385600 28
0 582.332160 313.704960 596.485120 248.861440 29
0 590.886592 378.376320 606.878528 311.360640 31
0 567.616384 349.008064 590.230656 310.396736 32
0 585.046624 465.657280 603.812256 377.718080 36
0 542.403616 459.265280 576.385504 394.176000 35
0 464.266624 323.644160 491.231616 256.632320 34
0 504.906784 290.860800 534.967776 245.546240 20
