0 478.254720 369.051840 505.279360 285.857600 1
0 310.057088 406.526080 352.446592 288.254080 2
0 324.060256 258.639360 366.413984 159.068160 3
0 532.012672 484.279360 576.307328 415.085760 4
0 288.594656 313.437440 309.920544 181.772800 5
0 400.881920 351.425600 438.897920 259.093440 6
0 395.966464 375.997760 424.838656 286.948800 7
0 543.182912 416.596928 577.579968 375.676992 8
0 338.409376 173.559360 358.582624 106.601920 9
0 371.887488 261.536000 409.327232 191.886080 10
0 355.483648 370.712000 396.251392 248.933440 11
0 550.478976 390.932576 579.713664 353.573024 12
0 363.554240 210.359072 405.631040 159.855328 13
0 326.542048 140.181664 365.646112 79.450976 14
0 572.986656 384.840160 593.056224 333.828640 15
0 579.547360 264.400064 595.477280 215.286336 16
0 405.950080 309.462720 443.075200 229.184320 17
0 409.443072 228.378560 427.199488 144.845120 18
0 546.589568 316.929184 574.184832 259.178336 19
0 350.318976 125.164736 378.140544 64.764224 21
0 542.429760 366.558912 565.269440 317.491008 22
0 504.241664 353.118080 536.728576 274.797440 23
0 529.024256 434.945600 547.807744 321.475520 24
0 606.081152 430.272448 630.864768 374.801472 26
0 518.277664 303.294400 540.712416 219.890240 28
0 582.655072 297.959968 606.084768 243.122912 29
0 590.607680 365.071232 606.924480 310.128768 31
0 567.149664 348.341248 590.781856 310.314752 32
0 591.008768 445.252800 605.681152 360.626240 36
0 539.169152 434.448480 575.730048 394.338720 35
0 464.223680 322.416640 494.260800 256.293120 34
0 505.368448 289.337792 534.113152 245.008448 20
