0 478.912416 368.084480 506.646624 286.100480 1
0 311.009600 406.107840 352.555200 288.761920 2
0 323.384192 226.555520 364.645248 158.627200 3
0 532.915872 485.623680 575.634528 412.762240 4
0 287.392768 308.467200 309.481472 180.919040 5
0 402.282432 351.011840 438.166848 258.699520 6
0 395.599488 379.869120 425.034112 287.534400 7
0 545.958336 417.074720 578.159424 375.351520 8
0 339.444480 171.189440 358.507520 106.528320 9
0 371.939296 263.363520 406.980384 191.097920 10
0 325.469280 291.547520 374.702240 200.944000 11
0 549.608640 386.943744 577.615680 351.534336 12
0 365.327520 215.618400 409.039200 160.884640 13
0 326.793472 141.602880 363.524608 79.028160 14
0 565.179584 399.715840 586.857536 318.909440 15
0 579.514944 265.858048 594.657216 215.153152 16
0 403.188352 299.448960 441.595008 225.750400 17
0 409.673184 227.124800 428.185376 144.459200 18
0 547.650944 316.976832 574.146176 259.492928 19
0 349.884288 125.073568 377.448832 64.741472 21
0 542.442432 363.675648 566.038848 317.420032 22
0 504.702624 351.353600 536.651616 274.167040 23
0 528.315424 436.235840 547.263456 322.557120 24
0 605.460896 429.613824 630.851424 374.610176 26
0 517.980896 302.251840 540.714784 219.688640 28
0 592.078688 294.322240 604.453792 217.205440 29
0 592.516672 363.366080 607.115968 308.498240 31
0 572.522240 365.602496 591.375360 311.438144 32
0 590.560800 445.086400 605.585120 359.528000 36
0 538.889344 433.925536 575.275136 393.029984 35
0 464.464160 322.119360 493.197280 256.047680 34
0 505.821312 290.233568 534.642048 244.938272 20
0 589.617920 340.772064 602.255360 295.811616 40
