0 479.569536 366.858880 506.525824 285.482880 1
0 309.964448 405.248000 352.678752 288.805120 2
0 325.364608 241.674880 366.790272 160.371840 3
0 535.822272 485.314240 575.436608 412.200000 4
0 287.021344 305.642880 309.340896 179.725440 5
0 402.637312 351.481920 439.776768 258.368960 6
0 392.777856 381.555200 424.306304 288.826880 7
0 547.486048 417.636704 578.138272 375.194016 8
0 339.680064 172.062080 357.644736 106.865280 9
0 371.358336 266.000320 408.125824 192.224320 10
0 307.928160 244.979520 326.599840 141.330880 11
0 549.147040 386.861824 576.935520 351.499776 12
0 375.919008 209.062016 412.028512 165.515904 13
0 327.208224 140.646912 363.579616 79.555328 14
0 563.419232 400.559360 584.153248 312.180480 15
0 566.402304 269.769408 586.848256 230.507072 16
0 401.978976 281.436000 437.244064 224.222880 17
0 408.093760 226.963520 429.566400 140.263360 18
0 547.682464 317.607328 574.658656 257.888352 19
0 349.589760 123.439296 376.903680 65.061184 21
0 543.215264 360.090592 566.565216 318.672928 22
0 505.136352 355.086080 536.189728 279.331840 23
0 528.240032 428.700160 546.852448 322.817280 24
0 605.091648 427.628864 630.766272 374.245056 26
0 517.674400 301.346880 540.538720 220.676800 28
0 588.021312 280.945920 601.655488 213.909760 29
0 591.131616 361.899488 606.948384 302.659872 31
0 572.369376 366.358208 590.446624 308.598592 32
0 589.351520 445.502400 605.153440 356.598080 36
0 539.935584 433.988800 575.110816 391.945280 35
0 465.741216 322.330240 497.456224 257.408640 34
0 504.500672 291.450912 534.064448 243.944928 20
