0 478.807232 368.434880 505.819968 285.474880 1
0 309.348128 406.158720 352.374752 287.845760 2
0 324.064000 258.829440 365.253120 159.103360 3
0 530.497664 484.162240 574.325376 419.620160 4
0 288.491136 309.659520 310.061184 181.790080 5
0 401.733792 351.840000 438.782048 259.155200 6
0 396.110720 373.701120 424.631680 286.670080 7
0 541.602880 417.248448 577.586880 375.552832 8
0 337.607584 173.622400 358.265696 106.389120 9
0 372.106080 266.710720 409.170080 192.138560 10
0 369.278272 409.890240 414.191808 282.710080 11
0 551.285088 391.369824 579.752352 352.760736 12
0 363.620160 210.527040 405.375680 159.876800 13
0 326.746720 140.890656 366.940320 79.371744 14
0 573.027488 387.747936 593.535072 333.503904 15
0 579.401344 260.737792 595.427456 214.970368 16
0 406.228448 311.293760 443.399712 230.179520 17
0 409.290816 228.319360 427.159744 145.333120 18
0 545.293248 316.123392 574.231872 258.879488 19
0 349.966976 125.316128 378.274944 64.820192 21
0 542.022464 363.896544 565.246656 314.261536 22
0 504.690304 353.344640 536.555136 275.076480 23
0 529.072544 435.088640 548.265056 320.264960 24
0 606.383840 429.148800 630.883360 374.833280 26
0 518.391872 304.129600 540.797888 220.788160 28
0 585.330208 295.834464 603.066592 243.123616 29
0 590.406624 371.252576 606.932256 310.396064 31
0 567.252192 348.327168 590.478368 310.652672 32
0 587.112640 456.412160 605.579840 368.716800 36
0 538.811136 438.418400 575.958784 394.385440 35
0 464.255840 322.349440 495.012000 256.286080 34
0 505.227552 289.486912 533.911008 245.562048 20
0 580.062752 295.724544 591.925728 251.117056 41
