0 459.984064 356.695040 494.135616 284.828160 1
0 310.417856 405.224640 352.673344 287.561280 2
0 323.178880 256.679680 365.857920 159.751680 3
0 537.256512 491.640960 578.496448 407.185280 4
0 288.491616 310.870400 310.657184 183.808640 5
0 400.639552 352.216320 439.734208 261.692160 6
0 393.754848 385.734080 429.245472 296.347200 7
0 547.520064 421.060640 581.758656 380.036320 8
0 339.205984 172.523200 357.972896 106.642240 9
0 371.154048 266.629440 407.167872 191.974080 10
0 312.878880 178.899840 331.192800 95.011200 11
0 548.046944 389.874752 577.026976 352.027328 12
0 391.156992 221.151424 424.226048 167.926336 13
0 327.053952 135.440480 358.272128 79.532960 14
0 560.299744 358.597344 576.684576 297.164576 15
0 540.098752 323.028032 559.633728 275.867328 16
0 391.768320 287.783360 427.315200 222.966080 17
0 386.264224 190.989024 416.577376 136.355616 18
0 554.848000 302.675936 574.520320 257.532704 19
0 502.367136 287.252608 531.006304 239.521152 20
0 353.062784 125.555680 378.490496 69.184800 21
0 542.364416 361.743392 566.964224 319.717088 22
0 498.637056 338.265632 534.185984 275.558368 23
0 523.724992 428.380800 545.619008 320.661120 24
0 571.419136 477.191168 592.981504 415.178752 25
0 600.465120 431.004544 630.836000 374.662016 26
0 516.471872 290.332480 539.259328 220.986560 28
0 587.688032 281.686720 601.480608 214.918720 29
0 585.077344 356.965440 597.002656 292.413120 30
0 591.959520 388.223360 606.569760 315.658880 31
0 574.639008 383.504320 590.998112 314.140480 32
0 465.690368 321.274240 498.205952 256.325760 34
