0 478.723392 368.427520 505.943488 285.584640 1
0 308.877440 406.293760 352.309120 287.649280 2
0 324.126624 257.045760 365.255776 159.063040 3
0 528.924960 485.409280 572.797920 419.525120 4
0 288.473728 310.400960 310.058112 181.857600 5
0 402.234912 351.299840 438.616288 259.400960 6
0 396.005952 369.248320 424.664768 286.667200 7
0 542.093664 418.419008 577.675936 375.658432 8
0 337.515872 174.127040 358.256288 106.683200 9
0 372.383968 266.346880 409.706272 192.567680 10
0 370.485920 411.452160 420.081760 292.247040 11
0 550.534912 390.950368 579.647488 352.592672 12
0 363.592800 209.295328 405.316000 159.806752 13
0 326.779456 143.105504 368.164544 79.172896 14
0 573.110016 386.282944 593.506304 333.567296 15
0 579.193504 261.891328 595.356256 215.158272 16
0 405.799968 311.112960 443.208672 230.094080 17
0 409.374976 227.851840 427.183104 145.451200 18
0 545.509152 315.361280 574.394848 258.611200 19
0 350.055296 125.580160 378.260864 64.917120 21
0 542.004896 363.173088 565.246304 312.432672 22
0 504.613024 353.932160 536.638816 275.158400 23
0 529.209696 435.491520 548.337824 320.848960 24
0 605.745376 427.809696 630.762784 375.195744 26
0 518.314880 304.347200 540.786560 220.890560 28
0 581.431296 294.252928 600.047104 242.664832 29
0 590.324928 374.164064 606.926912 310.666656 31
0 567.171200 348.997760 590.460800 310.687360 32
0 585.930816 459.791040 604.927424 373.578560 36
0 538.699200 442.386688 576.256320 394.524672 35
0 464.008192 323.358400 493.200128 256.288320 34
0 504.930496 289.946880 533.981504 245.688320 20
