0 478.383136 367.572800 506.246624 285.808320 1
0 312.950496 406.783360 352.017184 288.428160 2
0 324.191136 254.999040 366.642784 159.360000 3
0 521.713504 488.672000 566.757536 415.178240 4
0 288.615808 312.596480 310.557312 182.589440 5
0 402.224256 351.347840 438.328704 258.998400 6
0 394.700256 378.145280 425.068064 285.519360 7
0 548.511872 418.619648 579.522688 376.045312 8
0 333.745024 174.879040 358.534016 105.547200 9
0 376.589536 262.532160 413.298464 191.979200 10
0 417.964800 436.908480 458.767360 342.100800 11
0 547.867264 390.383264 580.014976 353.930336 12
0 363.337088 211.203648 404.125312 160.097472 13
0 335.344224 142.239040 374.127776 74.513600 14
0 573.276608 389.539104 593.490752 335.122656 15
0 578.541088 266.423296 596.177632 215.563264 16
0 405.929568 313.848960 442.776992 231.118720 17
0 414.044896 260.134400 442.026784 166.634240 18
0 546.943264 315.671744 574.690016 259.914816 19
0 350.368768 120.473120 377.594112 65.078240 21
0 542.561504 362.498336 565.860896 314.886624 22
0 504.615296 357.457920 535.982464 274.772480 23
0 527.055200 429.507200 548.949920 324.521600 24
0 604.707968 429.361024 630.516352 374.763136 26
0 518.846496 306.764800 541.083104 220.889600 28
0 584.580512 346.456672 598.545248 290.001568 29
0 595.309856 381.042880 606.850784 311.298880 31
0 571.121280 355.687936 594.588800 311.619584 32
0 541.024640 468.516800 575.841920 394.501440 35
0 463.758560 324.402560 493.379360 256.726400 34
0 505.417920 290.953088 534.400320 245.082752 20
0 585.529216 429.763840 603.915904 380.674560 42
