0 460.714336 356.069760 497.261984 286.366080 1
0 309.793728 405.993600 352.261952 288.421760 2
0 327.357312 238.787200 369.310848 159.925120 3
0 538.024320 484.351040 578.869120 406.270400 4
0 288.550784 313.304000 310.636416 184.143680 5
0 404.826368 360.080000 442.351872 266.469760 6
0 390.360256 385.039040 429.309504 294.950720 7
0 547.939776 433.538496 582.901824 384.495424 8
0 339.419744 166.347840 358.052256 107.060160 9
0 372.237696 266.504320 405.830784 192.476800 10
0 309.441280 176.422720 328.856320 85.526720 11
0 545.074784 393.364064 578.465696 350.538656 12
0 408.891392 227.057280 433.864448 162.171520 13
0 328.846368 138.107776 364.649952 76.840064 14
0 559.285920 325.410048 579.887200 288.323072 15
0 543.627968 360.792320 559.973952 285.815040 16
0 389.729472 288.322880 429.941568 223.576000 17
0 391.092288 202.360640 419.401152 134.708160 18
0 554.848416 300.231456 574.542944 256.887264 19
0 503.869408 288.048160 531.560992 238.952160 20
0 363.289344 167.031040 385.428736 87.290880 21
0 558.307008 391.251840 587.090752 320.183680 22
0 499.428704 337.581376 537.425056 278.426304 23
0 525.022688 434.100800 545.762592 319.624640 24
0 589.882720 439.666880 605.587360 349.375040 25
0 609.172800 434.975168 630.189760 375.542592 26
0 511.848544 284.673920 534.776736 214.011520 28
0 589.318016 281.637440 601.477504 216.214720 29
0 584.082528 334.502080 597.138592 290.479680 30
0 592.902880 380.801088 608.466720 325.277632 31
0 570.462688 357.866176 591.377952 310.135104 32
