0 461.006560 356.069120 497.550880 285.804800 1
0 310.310560 406.229120 352.216160 288.492160 2
0 327.202496 239.782400 368.803904 159.792640 3
0 537.876000 484.768000 578.793440 406.415360 4
0 288.601984 313.158720 310.694016 184.209600 5
0 404.730272 359.141120 441.947488 265.658880 6
0 390.764160 385.403840 429.283200 295.109440 7
0 547.576928 432.436448 582.705312 383.989792 8
0 339.400448 166.348992 358.081792 106.964288 9
0 372.087392 266.864320 405.808288 192.485440 10
0 309.472352 176.720000 328.817568 85.338240 11
0 545.435040 392.537760 578.255200 349.708640 12
0 408.770592 227.051520 433.900768 162.202880 13
0 328.741920 138.000320 364.436960 76.472640 14
0 559.117408 325.595168 579.410592 287.779552 15
0 543.552128 359.122560 559.961472 285.577600 16
0 389.413568 288.216320 430.180672 223.627520 17
0 391.163936 202.296960 419.558624 134.929280 18
0 554.954976 300.017248 574.463264 256.940192 19
0 503.914624 288.017952 531.556736 239.077088 20
0 362.686112 166.744960 385.537888 86.992000 21
0 557.873600 391.039360 587.462720 320.699520 22
0 499.719488 337.202976 537.483712 278.457824 23
0 525.112384 433.807040 546.028736 320.000320 24
0 589.788768 443.822080 605.741472 350.577920 25
0 609.032544 433.300768 630.237856 375.945952 26
0 511.858272 282.957120 534.576288 213.954240 28
0 589.349440 281.459520 601.410240 215.988160 29
0 584.143488 334.057344 597.218432 290.553216 30
0 592.974112 381.053216 608.376288 325.222624 31
0 570.002208 355.812800 591.348192 310.038080 32
