0 479.466272 365.187520 503.951328 286.283840 1
0 298.587264 389.107520 349.008256 287.774400 2
0 323.573312 247.470720 369.515968 159.882880 3
0 520.758528 486.881920 566.683392 416.704640 4
0 287.407904 315.783360 309.907936 184.726080 5
0 401.537120 350.589760 437.977760 259.421120 6
0 395.189600 375.819520 424.468640 284.102400 7
0 549.304896 419.441888 579.722944 377.224992 8
0 338.805248 173.345280 358.409472 106.332160 9
0 377.827680 258.024320 412.773280 191.523200 10
0 441.592768 398.254400 479.897152 323.766720 11
0 547.583232 393.317792 579.697408 354.350688 12
0 363.599104 207.808928 403.851776 160.266592 13
0 334.994336 135.433504 374.197344 74.540256 14
0 572.897440 387.936416 594.060640 334.829664 15
0 578.635776 265.888448 596.195584 215.945792 16
0 406.386400 310.336320 445.022240 234.814400 17
0 457.726048 279.157504 493.262752 218.419456 18
0 549.845312 315.479872 574.774208 258.995648 19
0 344.155328 101.233920 372.461632 63.348480 21
0 542.814592 363.099104 566.753408 313.995296 22
0 503.160480 353.026240 536.377440 274.931520 23
0 520.035168 426.546560 549.407392 323.399040 24
0 612.666336 430.532192 631.118624 374.157728 26
0 518.872096 305.274560 541.784544 220.400960 28
0 569.952864 351.065312 593.189536 302.880288 32
0 541.725440 467.823680 576.183040 394.938560 35
0 466.605568 321.716800 495.517952 250.907840 34
0 504.711104 289.893696 534.108736 244.197824 20
0 577.172896 434.784608 604.109664 380.071072 45
0 593.283680 348.708928 607.008160 311.983552 29
0 594.539968 439.584320 614.755392 340.528320 42
