0 479.278752 364.533440 505.608288 286.208320 1
0 307.321824 406.591040 351.743776 289.375680 2
0 323.719424 251.752960 367.746816 159.430400 3
0 519.679904 486.414720 566.316896 416.131200 4
0 287.484192 314.474880 310.077408 184.995200 5
0 401.944672 347.624320 438.093728 258.107520 6
0 394.207456 379.298240 424.178464 285.559360 7
0 548.950336 419.803008 580.346304 376.702592 8
0 337.254048 173.152960 358.516832 105.449280 9
0 378.031840 259.656960 412.823840 191.874560 10
0 437.325344 404.261440 474.995936 320.579520 11
0 547.976896 392.334240 579.645504 354.507360 12
0 363.638176 205.897120 404.256864 160.083040 13
0 335.325856 134.601152 374.770784 74.193728 14
0 571.577984 386.804416 592.398976 332.220224 15
0 578.937504 266.334944 596.213856 215.431456 16
0 405.709440 310.146880 440.662400 229.823680 17
0 430.419296 276.257280 473.868704 197.015040 18
0 549.181344 315.824800 575.093856 259.535200 19
0 348.871968 108.425568 375.806432 64.917152 21
0 542.798272 363.221920 565.914688 315.411040 22
0 504.469216 357.180160 536.091424 275.380480 23
0 521.228512 423.526400 549.469728 325.222400 24
0 606.842080 429.133088 630.473760 375.065312 26
0 518.821888 306.869760 541.033472 221.088000 28
0 592.261280 394.099840 607.985760 325.481600 31
0 571.587680 350.731328 594.103200 304.050112 32
0 541.898112 468.126720 576.393088 394.865920 35
0 464.471232 323.113920 494.595648 255.485760 34
0 503.913216 290.038880 533.899264 244.201120 20
0 577.193376 451.840640 603.682144 382.787200 45
0 593.974144 353.527936 608.346496 311.827584 29
0 592.168640 420.616320 608.107840 326.992000 42
