0 460.666208 356.152320 496.768672 286.659840 1
0 309.951296 406.031360 352.260544 288.407040 2
0 327.379712 238.541120 369.269248 160.076480 3
0 538.199264 485.605120 579.016736 406.343680 4
0 288.343520 313.131520 310.482720 184.263680 5
0 405.170016 360.564480 442.664864 266.640640 6
0 390.364704 384.935040 429.317856 294.952320 7
0 547.419136 433.820384 582.929664 385.185056 8
0 339.402112 166.038880 358.096768 107.134880 9
0 372.193152 266.207360 405.853568 192.351360 10
0 309.405728 175.024640 328.734432 85.510400 11
0 545.057696 393.809120 578.768224 350.934560 12
0 408.815200 227.484800 433.831840 162.198400 13
0 328.823104 138.078944 364.652736 76.944416 14
0 559.441536 324.978688 580.063104 288.371712 15
0 543.579232 360.778240 560.002208 285.676800 16
0 389.561696 288.691520 429.542304 223.828160 17
0 390.913120 202.181760 419.255200 134.421120 18
0 554.769120 300.693888 574.600480 256.915072 19
0 503.907776 288.046016 531.689024 238.755904 20
0 363.406528 166.353600 385.369152 87.543360 21
0 558.465792 391.546560 587.066368 320.147520 22
0 499.358080 338.188832 537.189760 278.362848 23
0 525.048096 434.183040 545.752544 319.443840 24
0 589.747520 438.143360 605.329600 348.846720 25
0 609.257248 434.538656 630.261472 375.226464 26
0 467.038432 328.314240 498.438688 256.694400 27
0 511.881856 284.752320 534.786944 214.086720 28
0 589.209632 281.594880 601.500128 216.366080 29
0 584.322368 334.895680 597.020352 290.450880 30
0 592.954400 380.741184 608.532960 325.318336 31
0 570.705408 358.213600 591.429632 310.293280 32
