0 479.476640 366.428800 506.567520 285.644160 1
0 309.174272 406.242560 352.245248 290.095360 2
0 324.289280 241.043520 368.709120 158.576320 3
0 532.577344 484.028800 575.921856 412.042880 4
0 287.311456 305.010240 309.471904 179.620800 5
0 402.889376 348.897280 438.302304 258.037760 6
0 394.743552 380.900800 424.379648 288.333120 7
0 548.461536 420.211968 578.885664 374.906112 8
0 339.626720 171.391680 358.394400 107.024960 9
0 371.289088 265.217920 406.862592 191.464320 10
0 310.922208 272.023680 356.096032 178.396800 11
0 548.573824 388.484192 577.186176 353.935008 12
0 366.807168 220.542432 409.333632 161.331488 13
0 326.752000 141.357920 363.650560 79.151520 14
0 565.029728 406.748160 586.094752 318.787840 15
0 578.797120 268.797408 593.187520 219.758112 16
0 400.714880 287.745440 438.144640 225.726560 17
0 409.162944 227.253440 428.399936 144.955200 18
0 547.852896 317.700064 574.545824 258.909216 19
0 349.411648 123.851104 377.966272 64.311456 21
0 542.705728 362.662240 566.043072 318.004640 22
0 505.052704 352.541440 536.514016 274.731520 23
0 528.255232 433.824320 547.862528 322.471360 24
0 605.375616 430.082880 630.822784 374.631360 26
0 517.671360 302.973440 540.303680 220.302080 28
0 590.192896 281.128960 602.672384 206.522880 29
0 592.689856 363.400672 607.004224 304.827168 31
0 571.873600 365.824928 590.854080 310.253152 32
0 590.281632 446.925440 605.461088 359.480960 36
0 538.816000 434.008672 575.339520 392.891808 35
0 464.678144 322.932800 497.275136 256.980160 34
0 505.817024 290.748384 534.405696 245.631776 20
0 588.239968 339.467680 602.389152 295.508320 40
