0 479.057760 364.830080 505.734560 286.011520 1
0 308.871264 406.768320 352.221856 288.307520 2
0 323.776672 252.857600 367.601248 159.435520 3
0 521.256288 486.902080 566.268832 416.240320 4
0 288.243456 315.352960 310.641664 185.706880 5
0 401.730560 347.677120 438.237440 258.280000 6
0 394.195936 377.495360 424.370464 285.201600 7
0 549.052800 418.648384 580.224640 376.421056 8
0 336.841664 173.774720 358.212416 105.452160 9
0 378.126432 260.784320 411.689888 191.813440 10
0 430.364768 405.053440 475.635872 323.342080 11
0 547.972128 392.246016 579.705312 354.627584 12
0 363.538976 205.960448 404.251104 160.122112 13
0 335.568992 144.235840 374.778528 74.189760 14
0 572.120192 386.278720 592.952448 332.712640 15
0 578.737312 266.624608 596.206688 215.317152 16
0 406.197184 313.991040 442.307136 230.897280 17
0 425.973536 265.776640 470.290144 188.170240 18
0 547.814208 316.110400 575.045312 259.620800 19
0 348.726560 117.930848 377.327840 65.472672 21
0 542.424224 363.598368 565.829216 314.755552 22
0 504.719200 360.360640 536.152480 275.184960 23
0 521.878112 424.922240 549.612448 325.603200 24
0 605.864096 429.222336 630.528864 375.668544 26
0 518.812448 305.872000 540.969952 220.886400 28
0 593.323808 385.531360 607.051232 322.876960 31
0 571.072064 354.184768 594.559936 304.937152 32
0 541.810848 468.353600 576.298592 394.856640 35
0 464.188960 325.599360 494.528480 255.548800 34
0 504.904480 291.364096 534.038240 245.103104 20
0 576.450400 453.948160 603.876000 383.822080 45
0 590.270624 356.540800 609.350496 312.042880 29
