0 480.186592 364.880640 505.241888 286.001920 1
0 306.022112 406.838400 351.141408 289.637760 2
0 323.702528 248.261440 368.890112 159.433920 3
0 519.411232 486.985600 566.297568 416.187520 4
0 287.444288 314.749440 310.028992 185.013760 5
0 403.578496 348.021120 438.186624 258.232960 6
0 393.425184 379.580160 424.126176 285.902080 7
0 549.277920 419.986912 580.332320 376.746528 8
0 338.270272 173.146240 358.481088 105.317760 9
0 378.377312 259.006080 412.273568 191.629440 10
0 441.226048 401.998080 477.728192 323.545600 11
0 547.766688 393.346496 579.568992 354.698304 12
0 363.445664 204.997568 404.290656 160.215872 13
0 335.305920 132.072640 373.940800 73.855040 14
0 572.348288 387.237344 593.324672 332.966176 15
0 578.915136 266.176448 596.169664 215.610432 16
0 406.320960 307.585920 444.829120 231.256960 17
0 435.458144 284.869120 473.856416 200.766720 18
0 549.069760 315.796032 575.077440 259.467968 19
0 345.655584 102.350368 372.572896 64.423392 21
0 542.827360 363.587424 565.956000 315.119776 22
0 504.147776 357.607040 536.022464 275.427200 23
0 520.880096 425.934080 549.501984 324.012800 24
0 610.361792 426.711488 630.778688 374.001472 26
0 518.756448 307.030080 540.982432 221.012160 28
0 569.292800 348.983392 593.720320 303.124128 32
0 542.066112 467.962560 576.368448 395.126080 35
0 465.504032 324.589760 494.552288 255.305280 34
0 504.224160 290.053632 533.863520 243.799808 20
0 576.812832 442.622528 603.923168 381.499072 45
0 593.833280 346.170112 607.867840 311.866368 29
0 593.500128 434.930560 610.928672 331.379840 42
