0 459.173216 357.079680 495.436704 285.488000 1
0 310.458688 406.162880 352.436672 288.507200 2
0 327.595008 237.459840 371.607552 160.059520 3
0 539.849344 485.761600 578.741376 406.150080 4
0 286.380000 309.262080 308.300320 183.152640 5
0 405.234880 361.275840 443.165760 266.780480 6
0 390.834080 384.712640 429.200480 295.209280 7
0 545.071648 434.941952 582.938592 384.752128 8
0 339.714432 164.932928 358.208128 107.022272 9
0 372.377504 266.856960 405.793376 192.239360 10
0 309.249920 174.896640 327.845760 85.688320 11
0 545.326528 394.496832 579.643712 352.634048 12
0 407.434432 229.783040 434.225728 162.823680 13
0 329.103552 137.530528 363.023168 78.296672 14
0 559.402464 324.114560 581.455136 287.466880 15
0 543.502848 361.702400 560.029952 285.454080 16
0 388.290784 288.268480 425.194016 224.215360 17
0 391.157952 201.640000 419.393088 134.552000 18
0 554.301824 299.921504 575.086976 256.939936 19
0 504.335968 288.675744 533.143712 238.732896 20
0 363.838592 166.211200 385.074048 88.830080 21
0 557.478016 380.493600 587.036544 320.026080 22
0 499.070080 340.654816 536.158080 277.793824 23
0 525.360800 430.884160 545.864800 318.961600 24
0 588.619488 434.607680 604.680992 345.004480 25
0 609.935872 429.925152 630.727168 375.110368 26
0 467.500544 317.931200 499.044096 256.842560 27
0 511.801056 274.396448 534.454304 214.045152 28
0 589.651936 282.697920 602.582304 218.653760 29
0 583.394304 333.253792 597.159936 290.232928 30
0 593.178784 382.304576 608.706656 324.880064 31
0 570.373568 379.256320 591.612992 310.055680 32
