0 478.005152 368.489600 505.793888 286.930560 1
0 310.097696 406.369280 352.469984 288.381440 2
0 323.991968 250.227840 366.125152 159.136640 3
0 532.168416 484.402880 576.202784 414.684480 4
0 288.610208 312.728000 309.926752 181.756480 5
0 401.058144 351.386240 438.926496 258.760320 6
0 395.987104 377.629120 424.969056 286.638400 7
0 543.068448 416.347424 577.595872 375.625696 8
0 338.481280 173.568000 358.590080 106.615040 9
0 371.413248 261.204800 409.185792 191.592640 10
0 350.218848 363.357760 392.268192 242.704320 11
0 550.778496 390.878528 579.676544 353.647552 12
0 363.613536 210.148288 405.661344 159.749952 13
0 326.570688 140.485824 365.672512 79.438656 14
0 572.909344 384.440352 592.983776 334.005728 15
0 579.284576 264.945920 595.489184 215.128320 16
0 405.981632 308.128640 443.034688 228.959360 17
0 409.460544 228.579200 427.357376 145.031040 18
0 547.425600 316.649632 574.189760 259.131488 19
0 350.342624 124.916960 378.201376 64.777760 21
0 542.518112 366.438624 565.288608 317.603616 22
0 504.578432 352.783360 536.699008 274.644480 23
0 529.172160 433.554560 547.800640 320.732800 24
0 606.077856 430.289024 630.860384 374.851456 26
0 518.210016 304.124800 541.103904 219.844480 28
0 582.932384 298.770656 607.150176 243.341344 29
0 590.573536 364.923104 606.936864 310.028576 31
0 567.108544 348.300544 590.886976 310.205696 32
0 591.038304 440.355520 605.869216 360.631360 36
0 538.733952 434.432512 575.707008 394.358528 35
0 464.321536 322.088000 492.614144 256.182720 34
0 505.426592 288.921632 534.179168 245.039328 20
