0 0.518932 0.541763 0.0636454 0.185156
0 0.464327 0.388077 0.0350038 0.208916
0 0.545272 0.215012 0.0292086 0.100222
0 0.836164 0.580391 0.0302158 0.175278
0 0.496197 0.21201 0.0259736 0.162278
0 0.641638 0.535855 0.0575661 0.155645
0 0.656261 0.307479 0.0433687 0.116161
0 0.818553 0.383593 0.0305614 0.106537
0 0.635074 0.399895 0.0510376 0.109513
0 0.861335 0.502631 0.0257392 0.115932
0 0.66306 0.489644 0.0551534 0.151632
0 0.88196 0.439414 0.0292273 0.0789164
0 0.9327 0.616817 0.021558 0.153853
0 0.606821 0.359234 0.0448849 0.121942
0 0.58525 0.199943 0.0341312 0.132477
0 0.63127 0.263006 0.037167 0.108247
0 0.74652 0.505928 0.052924 0.128511
0 0.808798 0.485056 0.0542522 0.111423
0 0.533226 0.171751 0.039179 0.100539
0 0.545837 0.319913 0.0659025 0.144078
0 0.881952 0.6428 0.0552418 0.0829188
0 0.939758 0.557697 0.0215073 0.105096
0 0.891947 0.4872 0.0344574 0.0764844
0 0.877544 0.589867 0.0567352 0.085337
0 0.808101 0.407755 0.0423981 0.0788179
