0 0.519268 0.541976 0.0628337 0.186339
0 0.463717 0.387267 0.0349989 0.209426
0 0.545288 0.214992 0.0292385 0.0998458
0 0.836225 0.579787 0.0301495 0.17424
0 0.641649 0.53499 0.0575937 0.155544
0 0.49612 0.211843 0.025825 0.162021
0 0.745211 0.506981 0.0534584 0.131892
0 0.656301 0.308329 0.0435927 0.118169
0 0.818545 0.383617 0.0305944 0.106688
0 0.633682 0.400132 0.0493492 0.110496
0 0.86128 0.502854 0.025782 0.11632
0 0.662946 0.48918 0.0554856 0.150593
0 0.585825 0.19972 0.0333496 0.132283
0 0.881975 0.439881 0.0292134 0.0796942
0 0.932701 0.616625 0.0215536 0.15366
0 0.606848 0.358589 0.0449785 0.120945
0 0.631262 0.263022 0.0370535 0.10791
0 0.80874 0.484972 0.0542905 0.111721
0 0.533227 0.171432 0.0391437 0.0996935
0 0.54587 0.320165 0.0653099 0.14481
0 0.881063 0.642257 0.0569305 0.0833794
0 0.892107 0.487045 0.0348847 0.0771377
0 0.93981 0.557819 0.0214875 0.10525
0 0.877614 0.589373 0.057024 0.0847545
0 0.80787 0.407761 0.0429489 0.079089
