0 0.467916 0.391384 0.0349856 0.208429
0 0.519451 0.541024 0.0613242 0.183274
0 0.544956 0.214897 0.0298002 0.0995343
0 0.496883 0.21115 0.027053 0.158946
0 0.836049 0.582359 0.030336 0.179377
0 0.641089 0.539567 0.0583338 0.164282
0 0.93403 0.623578 0.0227461 0.158081
0 0.657291 0.304159 0.0408068 0.10755
0 0.818851 0.389184 0.0309738 0.115698
0 0.861223 0.501538 0.0255832 0.114639
0 0.662873 0.494223 0.0538439 0.164815
0 0.532332 0.16896 0.0389618 0.101977
0 0.88207 0.43936 0.0287159 0.0767065
0 0.584547 0.200385 0.0339053 0.136199
0 0.748985 0.506533 0.0516064 0.129175
0 0.630708 0.263494 0.0375675 0.105907
0 0.809431 0.485685 0.0557365 0.110848
0 0.60702 0.363441 0.0464337 0.130819
0 0.890127 0.488255 0.0325781 0.0760309
0 0.876009 0.589706 0.05434 0.0982842
0 0.642619 0.39694 0.0570871 0.106061
0 0.542049 0.314282 0.0596817 0.13504
0 0.938902 0.552237 0.0221485 0.0924486
0 0.885845 0.64332 0.0469236 0.083425
0 0.80757 0.410612 0.0426984 0.0835277
0 0.753641 0.440446 0.0489603 0.101725
0 0.967636 0.646003 0.0309063 0.118382
