0 0.519046 0.54194 0.0631365 0.185788
0 0.462881 0.389001 0.0346218 0.212801
0 0.641618 0.534186 0.0573675 0.154559
0 0.836268 0.580087 0.030364 0.175458
0 0.545276 0.215116 0.0291729 0.0998664
0 0.496139 0.21111 0.0257748 0.159586
0 0.656691 0.309854 0.0429762 0.121845
0 0.66291 0.49058 0.0556305 0.152377
0 0.818688 0.386508 0.0307949 0.112397
0 0.861268 0.502698 0.0257478 0.116456
0 0.585859 0.200102 0.033281 0.132695
0 0.632727 0.399989 0.0494376 0.110009
0 0.881903 0.439826 0.0292515 0.0796719
0 0.93282 0.617055 0.0213135 0.154322
0 0.606945 0.358058 0.0448969 0.120067
0 0.631187 0.263285 0.0368791 0.107092
0 0.808897 0.484033 0.0544285 0.110023
0 0.744106 0.506221 0.0526777 0.136351
0 0.546151 0.320783 0.0644995 0.146823
0 0.533009 0.171475 0.0385916 0.0995475
0 0.883186 0.641514 0.0527653 0.0850233
0 0.892199 0.486447 0.0349241 0.0774197
0 0.93968 0.556894 0.0218029 0.103059
0 0.808055 0.409067 0.0431133 0.0820933
0 0.877936 0.592694 0.055653 0.0908167
0 0.891435 0.546307 0.0410664 0.0991706
