0 0.519115 0.541062 0.0620592 0.184851
0 0.467545 0.392935 0.0350624 0.211442
0 0.835989 0.581655 0.0303339 0.17809
0 0.544986 0.214575 0.0297826 0.0996277
0 0.497039 0.209212 0.0270626 0.155237
0 0.640992 0.540062 0.0585365 0.164755
0 0.657215 0.304507 0.040804 0.108454
0 0.818836 0.390101 0.031098 0.116565
0 0.861299 0.501791 0.0256666 0.114905
0 0.66322 0.49301 0.0542215 0.162266
0 0.933876 0.620885 0.0225189 0.156428
0 0.584541 0.201364 0.0340719 0.137586
0 0.881991 0.43973 0.0289101 0.0780014
0 0.532128 0.168932 0.0387885 0.101585
0 0.630446 0.263574 0.0379376 0.106209
0 0.749338 0.506251 0.0509942 0.128109
0 0.809519 0.484829 0.0558292 0.108915
0 0.642733 0.397399 0.0559124 0.10756
0 0.890559 0.488508 0.033177 0.0767046
0 0.606582 0.364034 0.0455047 0.131575
0 0.876035 0.591991 0.0551479 0.100145
0 0.542686 0.314452 0.060842 0.133644
0 0.886365 0.644611 0.0462044 0.0814764
0 0.938747 0.553908 0.0227637 0.0960245
0 0.807671 0.411709 0.0420918 0.084377
0 0.967756 0.645523 0.031208 0.118994
0 0.753691 0.440992 0.0490875 0.102638
