0 0.518745 0.540887 0.0624244 0.184439
0 0.4677 0.392094 0.0352054 0.2095
0 0.836308 0.581281 0.0306942 0.177403
0 0.641256 0.540117 0.0578028 0.164524
0 0.54494 0.215158 0.0298433 0.0999513
0 0.497159 0.210445 0.0270456 0.158132
0 0.933981 0.629154 0.0228151 0.16327
0 0.662438 0.494086 0.0520489 0.168987
0 0.861266 0.499865 0.0255344 0.111096
0 0.818676 0.387919 0.030831 0.113123
0 0.657375 0.304316 0.0405909 0.107619
0 0.583959 0.200181 0.0350134 0.135846
0 0.74895 0.506462 0.051969 0.128374
0 0.607154 0.363617 0.0464252 0.131511
0 0.882027 0.43881 0.028368 0.0759574
0 0.53171 0.16957 0.0400715 0.103644
0 0.630439 0.264063 0.0380882 0.106925
0 0.809374 0.486083 0.0554027 0.111527
0 0.544449 0.319836 0.0641527 0.135642
0 0.889661 0.487704 0.0318966 0.0750397
0 0.643364 0.39828 0.0588472 0.103766
0 0.877716 0.586727 0.0539673 0.0943199
0 0.938293 0.550195 0.023354 0.0883192
0 0.884932 0.640729 0.0472996 0.0841341
0 0.807471 0.41189 0.0422333 0.0843553
0 0.753632 0.439632 0.0491921 0.100251
