0 0.519428 0.541315 0.0626593 0.186234
0 0.463311 0.390524 0.0341234 0.21595
0 0.496127 0.213482 0.0255699 0.165083
0 0.836274 0.579165 0.0305786 0.174495
0 0.545214 0.214361 0.0291622 0.0981637
0 0.658458 0.310376 0.040564 0.124428
0 0.64157 0.537789 0.0576067 0.159201
0 0.818763 0.387485 0.0307913 0.114182
0 0.662817 0.490076 0.0566472 0.153687
0 0.585902 0.199222 0.0332585 0.131489
0 0.632633 0.400134 0.0494304 0.110838
0 0.861353 0.50212 0.0261936 0.115824
0 0.881843 0.440659 0.0293911 0.0803391
0 0.932743 0.617158 0.0213554 0.153887
0 0.742433 0.505861 0.0545034 0.138596
0 0.606708 0.358569 0.0447522 0.120141
0 0.631153 0.263778 0.0366194 0.107854
0 0.545612 0.317525 0.0635674 0.140275
0 0.808658 0.486312 0.0549249 0.114189
0 0.533044 0.172983 0.0387644 0.102677
0 0.878893 0.589953 0.0563205 0.0915706
0 0.88376 0.641274 0.051409 0.085787
0 0.754741 0.451513 0.0474561 0.128042
0 0.939424 0.556101 0.02225 0.102197
0 0.892121 0.48642 0.0350174 0.0776095
0 0.808888 0.409225 0.0411259 0.0832557
