0 0.467474 0.390835 0.0356611 0.207173
0 0.519247 0.54103 0.0614844 0.183413
0 0.836371 0.581156 0.0307589 0.177141
0 0.545101 0.215293 0.0296612 0.0990173
0 0.640936 0.540836 0.0581257 0.164783
0 0.497137 0.209471 0.0271368 0.157949
0 0.933795 0.629769 0.022967 0.163074
0 0.662113 0.493403 0.0519996 0.167738
0 0.544144 0.318702 0.0636088 0.140584
0 0.861301 0.49972 0.0256721 0.110678
0 0.818669 0.387885 0.0308435 0.113075
0 0.584248 0.200417 0.034986 0.137672
0 0.657246 0.30422 0.0405573 0.108065
0 0.607204 0.363625 0.0466242 0.131682
0 0.748907 0.506216 0.0520575 0.128667
0 0.881995 0.438177 0.0283524 0.0752033
0 0.53141 0.170426 0.0401053 0.104608
0 0.630181 0.263979 0.0382725 0.107607
0 0.80932 0.485732 0.05547 0.110771
0 0.889534 0.487578 0.0316616 0.0748277
0 0.643162 0.398269 0.0586696 0.102892
0 0.938439 0.549951 0.0230206 0.0878149
0 0.878307 0.586142 0.0537338 0.0932484
0 0.885084 0.640548 0.0469326 0.0842956
0 0.807139 0.411944 0.0427149 0.0846046
0 0.753549 0.439873 0.0492835 0.100581
