0 0.46783 0.391389 0.0352306 0.208729
0 0.519814 0.540909 0.0606226 0.183135
0 0.49699 0.21167 0.0270762 0.160484
0 0.836063 0.582374 0.0303566 0.17961
0 0.544924 0.214978 0.0299355 0.0996223
0 0.641004 0.540682 0.0584822 0.166031
0 0.657256 0.304419 0.0408904 0.108456
0 0.818761 0.388478 0.0307682 0.114191
0 0.861303 0.501465 0.0254639 0.114236
0 0.934181 0.624883 0.0228985 0.15824
0 0.662598 0.493195 0.0533047 0.164563
0 0.882071 0.439449 0.0286635 0.076753
0 0.584201 0.200232 0.0346712 0.136234
0 0.748802 0.506405 0.0516196 0.126907
0 0.60726 0.364052 0.0468373 0.13187
0 0.53294 0.16935 0.0408394 0.102822
0 0.63059 0.263705 0.0376402 0.105812
0 0.809417 0.485157 0.0552661 0.109763
0 0.889825 0.487914 0.0319969 0.0753324
0 0.876392 0.588695 0.0543297 0.0966268
0 0.642746 0.397401 0.0571142 0.106144
0 0.542012 0.314739 0.0597515 0.135508
0 0.938972 0.55132 0.0219356 0.0899993
0 0.884792 0.641569 0.0483907 0.0833856
0 0.807503 0.411674 0.0419096 0.0844446
0 0.967411 0.646178 0.0311567 0.118456
0 0.753533 0.438978 0.0489351 0.0989674
