0 0.51864 0.54173 0.0643948 0.184437
0 0.464574 0.389487 0.0347257 0.210758
0 0.545271 0.214851 0.029162 0.100182
0 0.836169 0.579938 0.0301807 0.17442
0 0.496278 0.211597 0.0260454 0.161298
0 0.641636 0.535721 0.0575227 0.155953
0 0.656309 0.307362 0.0430571 0.114836
0 0.818555 0.383661 0.0305561 0.106579
0 0.861373 0.502813 0.0255871 0.116505
0 0.63541 0.399646 0.0512438 0.109019
0 0.663149 0.489832 0.0549923 0.151974
0 0.881975 0.439481 0.0292595 0.0786187
0 0.93273 0.616709 0.0215801 0.153911
0 0.60678 0.359297 0.0448015 0.122183
0 0.585148 0.200353 0.0342186 0.133048
0 0.631236 0.263165 0.0372179 0.108345
0 0.808798 0.486098 0.0543686 0.112967
0 0.746343 0.506689 0.0537892 0.129362
0 0.533358 0.171731 0.0392487 0.100364
0 0.545858 0.320213 0.0658457 0.144468
0 0.882604 0.642772 0.0538742 0.0816621
0 0.891859 0.48723 0.0343104 0.0761909
0 0.939642 0.558129 0.0217459 0.105876
0 0.877552 0.590779 0.0565298 0.0868444
0 0.808315 0.40779 0.0419529 0.0788082
0 0.890822 0.547441 0.0414753 0.0996703
