0 0.519254 0.541784 0.0629373 0.18606
0 0.464062 0.387779 0.0347776 0.210435
0 0.545285 0.215089 0.0291916 0.100353
0 0.836191 0.580132 0.0301682 0.174755
0 0.641549 0.535221 0.0577839 0.155998
0 0.496149 0.212143 0.0258877 0.161985
0 0.745584 0.506776 0.0545788 0.131088
0 0.656237 0.307678 0.043602 0.117014
0 0.634315 0.400119 0.0501543 0.109907
0 0.818556 0.38351 0.030542 0.106351
0 0.861274 0.502909 0.025733 0.116378
0 0.663045 0.489337 0.0552747 0.150728
0 0.585495 0.20005 0.0337216 0.13276
0 0.881976 0.439574 0.0292097 0.0792198
0 0.932712 0.61645 0.0215511 0.153215
0 0.606809 0.35859 0.0450338 0.12087
0 0.631263 0.263023 0.0371004 0.108047
0 0.808676 0.484726 0.0542453 0.110946
0 0.533094 0.171422 0.0389475 0.0997063
0 0.545761 0.319969 0.0656625 0.144356
0 0.881255 0.642411 0.0565265 0.0830824
0 0.892016 0.48717 0.0345987 0.0764155
0 0.939815 0.557654 0.0214352 0.1049
0 0.877572 0.589642 0.0571131 0.0849879
0 0.808045 0.407645 0.0423805 0.0787278
0 0.754091 0.444755 0.0489024 0.110212
