0 0.519483 0.542091 0.0629147 0.183113
0 0.464765 0.390197 0.0342632 0.212137
0 0.545251 0.214629 0.0291777 0.0994959
0 0.836087 0.579345 0.0302837 0.172518
0 0.641693 0.535248 0.0575487 0.155722
0 0.49653 0.211034 0.0265041 0.159171
0 0.634461 0.399401 0.0497292 0.109103
0 0.656237 0.307492 0.0427552 0.113924
0 0.818641 0.38372 0.0303539 0.106655
0 0.861306 0.503092 0.0256489 0.117111
0 0.663065 0.488804 0.0551147 0.149706
0 0.746332 0.507877 0.0540459 0.130872
0 0.606863 0.359594 0.0449516 0.122713
0 0.932873 0.61653 0.021328 0.153208
0 0.881911 0.439956 0.0292803 0.0797175
0 0.585157 0.200607 0.0342428 0.13333
0 0.631356 0.263484 0.0373297 0.10836
0 0.808867 0.486116 0.0545317 0.112862
0 0.53295 0.170419 0.0387362 0.0977102
0 0.545865 0.321372 0.0659185 0.146813
0 0.891723 0.487195 0.0340756 0.0759042
0 0.883449 0.642953 0.0521708 0.0812758
0 0.93961 0.55859 0.0217226 0.107155
0 0.877208 0.591388 0.0564924 0.0878073
0 0.751238 0.437377 0.0448066 0.0973885
0 0.808345 0.40775 0.0418903 0.0789013
0 0.890414 0.547089 0.0404528 0.0986112
0 0.938733 0.586413 0.0225397 0.15142
0 0.557004 0.172112 0.0271788 0.0975151
0 0.896675 0.55096 0.0390222 0.112622
0 0.0343154 0.313412 0.0324651 0.12307
0 0.910278 0.558472 0.0237305 0.134019
0 0.968186 0.648263 0.0296322 0.123487
0 0.0544825 0.251269 0.0289403 0.152198
0 0.00516904 0.661847 0.0103381 0.125458
0 0.891219 0.644572 0.0379921 0.0891063
0 0.880546 0.460626 0.0307913 0.067209
0 0.0693606 0.678493 0.0346477 0.154593
0 0.0733097 0.616039 0.0355842 0.164753
0 0.950522 0.40476 0.0202416 0.112717
0 0.873444 0.712818 0.0620278 0.161633
0 0.903549 0.545684 0.0301842 0.106267
0 0.0210627 0.404523 0.0249918 0.0923535
0 0.813753 0.403548 0.036681 0.0869811
