0 0.520342 0.540898 0.0608551 0.186352
0 0.464175 0.389968 0.0337587 0.21564
0 0.49631 0.213895 0.0255421 0.166117
0 0.659018 0.310225 0.0398264 0.124277
0 0.643648 0.538818 0.055938 0.160189
0 0.545087 0.214362 0.0292385 0.098139
0 0.836435 0.581364 0.0305723 0.179418
0 0.81877 0.388585 0.0310721 0.11657
0 0.544942 0.31807 0.062171 0.142264
0 0.585815 0.199184 0.0333085 0.129993
0 0.86127 0.502488 0.0262358 0.116338
0 0.662929 0.490378 0.0571529 0.152788
0 0.881936 0.440484 0.029594 0.0795647
0 0.932832 0.618678 0.0211828 0.156425
0 0.632258 0.400244 0.0488321 0.10975
0 0.606697 0.358271 0.0448402 0.120366
0 0.631154 0.264348 0.0366234 0.108207
0 0.80855 0.486765 0.055244 0.115079
0 0.740597 0.505107 0.0563166 0.140343
0 0.532645 0.173129 0.037821 0.102455
0 0.754528 0.455719 0.0472364 0.13528
0 0.885474 0.640743 0.0477333 0.0845926
0 0.879408 0.591946 0.0558189 0.0922307
0 0.938862 0.555599 0.023448 0.101989
0 0.892224 0.486549 0.0349653 0.0774191
0 0.808977 0.409679 0.0413276 0.0855207
0 0.891273 0.545985 0.0407898 0.0976741
0 0.557487 0.17701 0.0284391 0.106751
0 0.0346382 0.314668 0.0324659 0.125631
0 0.909741 0.560848 0.0244461 0.136778
0 0.968604 0.6455 0.0296567 0.117298
0 0.913247 0.564741 0.0186721 0.127992
0 0.881203 0.453812 0.0306532 0.0631732
0 0.0540873 0.251557 0.0287767 0.152456
0 0.873679 0.714071 0.0610374 0.163948
0 0.00513721 0.662886 0.0102744 0.127044
0 0.902455 0.550421 0.0355785 0.108141
0 0.073549 0.617756 0.035193 0.163848
0 0.0688617 0.671383 0.0349175 0.169037
0 0.0516908 0.394785 0.0189766 0.146107
0 0.931302 0.416865 0.0203022 0.125807
