0 0.51941 0.541233 0.0618426 0.186321
0 0.463616 0.390286 0.0339069 0.214876
0 0.496229 0.213946 0.0255179 0.166362
0 0.836285 0.580362 0.030553 0.177742
0 0.642584 0.537884 0.0568119 0.159696
0 0.658737 0.310744 0.0402757 0.125259
0 0.545124 0.21484 0.0291986 0.0990902
0 0.818893 0.388916 0.0310043 0.116991
0 0.662758 0.486836 0.0570785 0.147135
0 0.861308 0.502181 0.0261661 0.115945
0 0.585942 0.198949 0.0331821 0.129962
0 0.632189 0.400094 0.0484936 0.110182
0 0.881942 0.440853 0.0295582 0.0799971
0 0.93283 0.617884 0.0212435 0.155125
0 0.606718 0.358453 0.0448241 0.120292
0 0.545091 0.31807 0.0625 0.141955
0 0.808661 0.487407 0.0548948 0.116211
0 0.631186 0.263984 0.0365986 0.107641
0 0.532525 0.17309 0.0378561 0.102587
0 0.741831 0.505819 0.0559023 0.139866
0 0.8793 0.590834 0.0558822 0.092911
0 0.884 0.641146 0.0508316 0.0856688
0 0.754692 0.453187 0.0474056 0.131137
0 0.939309 0.555451 0.0225031 0.101384
0 0.892143 0.486332 0.0349209 0.0773401
0 0.808933 0.409678 0.0410213 0.0849237
0 0.891941 0.545759 0.040134 0.0983768
0 0.968908 0.644442 0.0308105 0.113032
0 0.55785 0.176499 0.0280047 0.105898
0 0.0346023 0.314578 0.0325006 0.125264
0 0.909984 0.560537 0.0241487 0.13739
0 0.913277 0.564061 0.0187252 0.129188
0 0.0541129 0.251108 0.028795 0.152001
0 0.00506331 0.662804 0.0101266 0.126701
0 0.901918 0.550326 0.0361752 0.109138
0 0.0735471 0.617884 0.0351784 0.163638
0 0.0688696 0.671328 0.0348929 0.169101
0 0.0516824 0.393568 0.0190731 0.147482
0 0.013684 0.677853 0.0207359 0.095003
0 0.876203 0.715051 0.0551147 0.167154
