0 0.520435 0.541033 0.0593332 0.185007
0 0.467867 0.391702 0.0347756 0.210604
0 0.64352 0.53886 0.0523415 0.162321
0 0.83656 0.583781 0.0305207 0.18574
0 0.54513 0.218324 0.0295426 0.105105
0 0.495987 0.225772 0.0261243 0.178289
0 0.820103 0.393922 0.0345257 0.119843
0 0.657189 0.301905 0.0391147 0.102075
0 0.86189 0.490419 0.027759 0.0942799
0 0.540188 0.326708 0.0648191 0.149681
0 0.8825 0.440446 0.0283522 0.0795503
0 0.531064 0.177435 0.0436488 0.113722
0 0.573564 0.168981 0.0381771 0.120728
0 0.629087 0.263884 0.0387268 0.104655
0 0.606666 0.360529 0.0473818 0.12533
0 0.657991 0.478824 0.0542744 0.150807
0 0.80786 0.480419 0.0534126 0.104049
0 0.639335 0.393821 0.0510232 0.0999041
0 0.937537 0.549432 0.0206005 0.104589
0 0.74777 0.507253 0.0514042 0.131716
0 0.929081 0.645061 0.0268566 0.114556
0 0.88771 0.491201 0.0261936 0.080218
0 0.885551 0.639869 0.0458367 0.0888438
0 0.908512 0.559875 0.030965 0.153258
0 0.806913 0.413629 0.0427532 0.0822627
0 0.749573 0.434723 0.0433931 0.0916065
0 0.873499 0.560719 0.0406925 0.117926
0 0.881486 0.535053 0.0251824 0.0643228
0 0.890498 0.586803 0.0290646 0.0743463
0 0.955819 0.639667 0.0243038 0.0939248
0 0.0315608 0.330683 0.0321072 0.102937
0 0.00532376 0.666954 0.0106461 0.124287
0 0.0335311 0.316227 0.033318 0.12716
0 0.925018 0.508241 0.01899 0.0876514
0 0.0533379 0.245123 0.0303567 0.144401
0 0.964335 0.645941 0.0297084 0.105348
0 0.0096216 0.740126 0.0191947 0.125389
0 0.755937 0.44401 0.0444055 0.0940363
0 0.0738882 0.618235 0.0349273 0.163052
0 0.0837294 0.528136 0.0295273 0.151266
0 0.0693527 0.680118 0.0344192 0.152423
