0 0.520358 0.541446 0.0603277 0.184441
0 0.468076 0.390391 0.0349394 0.209037
0 0.643526 0.541428 0.0512829 0.165381
0 0.836574 0.580221 0.0297895 0.179776
0 0.544684 0.218451 0.0302153 0.107859
0 0.65982 0.482126 0.0501602 0.156554
0 0.497181 0.218318 0.0265579 0.175959
0 0.819817 0.391897 0.0345514 0.118382
0 0.882606 0.439806 0.0282127 0.0786966
0 0.52984 0.168379 0.0404124 0.0994837
0 0.656966 0.302707 0.0399332 0.105071
0 0.862236 0.499026 0.0265953 0.111766
0 0.628885 0.265037 0.0385082 0.105353
0 0.638463 0.395036 0.0499437 0.103727
0 0.933125 0.635463 0.0250729 0.147329
0 0.605834 0.361848 0.0470517 0.127325
0 0.573988 0.17307 0.0364104 0.122754
0 0.808687 0.479913 0.0551232 0.102265
0 0.747956 0.505454 0.0523136 0.134002
0 0.887689 0.487248 0.0265243 0.0727966
0 0.936478 0.544027 0.0227322 0.0912938
0 0.540175 0.33018 0.0643957 0.145215
0 0.8777 0.58638 0.0554482 0.0966002
0 0.909437 0.550677 0.0280865 0.137986
0 0.882549 0.639549 0.0517159 0.0818063
0 0.806723 0.413098 0.0438172 0.0834441
0 0.751004 0.434767 0.0467803 0.0922733
0 0.887657 0.542368 0.0335617 0.0755695
0 0.904124 0.54897 0.0393276 0.138978
0 0.0354525 0.315492 0.0309052 0.129753
0 0.00579401 0.670675 0.011588 0.128637
0 0.0544068 0.237687 0.028945 0.149227
0 0.0697413 0.676264 0.0338407 0.159171
0 0.936498 0.462294 0.0177009 0.128078
0 0.0135715 0.677717 0.0197404 0.0941897
