0 0.519495 0.540965 0.0607986 0.18378
0 0.467155 0.391694 0.0354344 0.209696
0 0.641864 0.539672 0.0564765 0.1639
0 0.836281 0.58046 0.0310986 0.175496
0 0.545084 0.21537 0.0294485 0.0995354
0 0.93374 0.631268 0.0226841 0.160246
0 0.661855 0.490672 0.0510149 0.165082
0 0.543325 0.320195 0.064632 0.14284
0 0.497201 0.208172 0.0273267 0.15521
0 0.818569 0.386545 0.0310726 0.110287
0 0.861204 0.50031 0.0257809 0.112504
0 0.607426 0.362581 0.0468229 0.129286
0 0.656841 0.303926 0.0418823 0.107245
0 0.88208 0.438345 0.0283316 0.0750654
0 0.584742 0.199209 0.0361033 0.135781
0 0.531015 0.170212 0.0401662 0.103712
0 0.749048 0.503889 0.0510758 0.128842
0 0.809158 0.48534 0.0552221 0.110238
0 0.640368 0.398605 0.0566895 0.102582
0 0.629693 0.26457 0.0401878 0.105467
0 0.889663 0.488215 0.0317657 0.0748516
0 0.938476 0.549822 0.0228577 0.0881164
0 0.878422 0.587025 0.0539629 0.0918096
0 0.884782 0.640287 0.04734 0.0840702
0 0.806532 0.412076 0.0438825 0.0849971
0 0.752989 0.436786 0.048811 0.0963982
0 0.889389 0.550989 0.0332294 0.0994531
0 0.905491 0.556061 0.0321457 0.133513
0 0.00515902 0.665125 0.010317 0.121211
0 0.898233 0.557038 0.0438746 0.123017
0 0.928972 0.410802 0.0179649 0.143326
0 0.0541734 0.24254 0.0296946 0.156214
0 0.0737967 0.617081 0.0353301 0.166241
0 0.555331 0.170719 0.0248987 0.100156
0 0.0347319 0.312533 0.0311774 0.121763
0 0.069085 0.675019 0.0345499 0.164496
0 0.00959034 0.74215 0.0191682 0.121189
0 0.874934 0.714351 0.0573811 0.160062
0 0.0125073 0.672034 0.0201014 0.10099
0 0.966802 0.653503 0.0307493 0.126859
