0 0.519859 0.541499 0.0624299 0.187144
0 0.468546 0.384868 0.0354975 0.200874
0 0.538682 0.333107 0.0630495 0.165003
0 0.503972 0.240122 0.0329186 0.166248
0 0.643538 0.537441 0.0491275 0.160222
0 0.825669 0.406017 0.033201 0.124
0 0.544924 0.22108 0.02949 0.108707
0 0.572089 0.157218 0.0382793 0.120275
0 0.65867 0.484059 0.054602 0.156362
0 0.880951 0.450852 0.0317793 0.0960136
0 0.837871 0.583858 0.0305229 0.159754
0 0.532718 0.178841 0.0431751 0.116337
0 0.856933 0.451198 0.0234649 0.098194
0 0.863703 0.543619 0.0349569 0.102612
0 0.806663 0.4783 0.05159 0.102112
0 0.636056 0.392928 0.045168 0.102394
0 0.640268 0.299846 0.0446361 0.0780626
0 0.888396 0.518572 0.0235954 0.109044
0 0.806321 0.411425 0.0390537 0.0793679
0 0.607998 0.363037 0.0507236 0.132276
0 0.623517 0.265555 0.0429983 0.08598
0 0.910315 0.544846 0.0239361 0.111047
0 0.748333 0.506458 0.0512415 0.133315
0 0.751479 0.43532 0.0493647 0.0933441
0 0.935923 0.548141 0.0224768 0.125027
0 0.875515 0.630301 0.0494976 0.0857389
0 0.054489 0.248159 0.0295185 0.151807
0 0.886052 0.584575 0.0307707 0.0693715
0 0.0692212 0.663675 0.0359591 0.189332
0 0.0725779 0.613833 0.0366003 0.170215
0 0.870871 0.699944 0.0574511 0.137621
0 0.0362986 0.312336 0.0281303 0.13019
0 0.00457556 0.650881 0.00915111 0.115874
0 0.629963 0.248522 0.0345719 0.0728526
0 0.593718 0.360781 0.0237514 0.127581
0 0.0825541 0.521236 0.0305802 0.169399
0 0.00974521 0.740051 0.0194593 0.126182
0 0.878541 0.589323 0.0450004 0.0748755
0 0.0789342 0.572095 0.0312832 0.185921
