0 0.520524 0.54104 0.0597574 0.184551
0 0.468017 0.391552 0.0348625 0.21082
0 0.64395 0.541328 0.0503616 0.166557
0 0.836637 0.579689 0.0296928 0.179026
0 0.544945 0.21905 0.029883 0.106215
0 0.659663 0.482707 0.0504641 0.156684
0 0.497287 0.21856 0.0268936 0.17326
0 0.819655 0.391085 0.0338909 0.118298
0 0.656743 0.303093 0.0398487 0.106213
0 0.882574 0.439481 0.0282959 0.0776898
0 0.862358 0.497647 0.0263697 0.109878
0 0.529984 0.175337 0.0414469 0.113014
0 0.628775 0.2644 0.0384467 0.104915
0 0.638817 0.394085 0.0508204 0.102564
0 0.57394 0.171034 0.036731 0.120949
0 0.932606 0.638804 0.0271725 0.140575
0 0.539999 0.327347 0.0644385 0.147645
0 0.606065 0.361233 0.046958 0.126471
0 0.808832 0.480188 0.055466 0.102398
0 0.747701 0.505094 0.0524168 0.133082
0 0.887437 0.48802 0.0262898 0.0739726
0 0.877767 0.585914 0.0546253 0.0950328
0 0.937012 0.54375 0.0217331 0.0925045
0 0.883036 0.640458 0.0507845 0.084682
0 0.908952 0.551755 0.0290592 0.138576
0 0.806419 0.413357 0.0439507 0.0834797
0 0.751824 0.435693 0.048275 0.0941502
0 0.886604 0.539951 0.0347492 0.0691758
0 0.00579124 0.670352 0.0115825 0.127815
0 0.0697411 0.67656 0.0338182 0.15857
0 0.0352466 0.315754 0.0311728 0.129417
0 0.0544143 0.237433 0.0289135 0.148603
0 0.936219 0.461673 0.0176037 0.12651
0 0.0135596 0.676919 0.0197082 0.0938494
0 0.960774 0.645496 0.0247131 0.0932363
