0 0.518605 0.542904 0.0650919 0.185521
0 0.465318 0.383793 0.0341714 0.213418
0 0.639968 0.530301 0.0459184 0.166099
0 0.504741 0.246387 0.0322886 0.160087
0 0.661223 0.489348 0.0500189 0.171052
0 0.827708 0.413662 0.0342312 0.138201
0 0.539416 0.329084 0.0649382 0.161968
0 0.865848 0.545954 0.0339823 0.105488
0 0.544558 0.220053 0.028941 0.109187
0 0.531281 0.176854 0.0396549 0.111808
0 0.84037 0.574937 0.0250917 0.176978
0 0.806161 0.482343 0.0489815 0.114839
0 0.935751 0.523307 0.0241089 0.0883806
0 0.747417 0.436421 0.0379978 0.0940076
0 0.877099 0.449698 0.0413158 0.101947
0 0.567888 0.156758 0.0361103 0.123232
0 0.894578 0.541971 0.0295704 0.121319
0 0.909853 0.540376 0.0240169 0.119955
0 0.607318 0.360043 0.0492773 0.121524
0 0.633164 0.299443 0.04664 0.0831726
0 0.875251 0.407687 0.0371811 0.0869417
0 0.936411 0.629858 0.0207127 0.162942
0 0.646571 0.397056 0.0583469 0.0985368
0 0.754947 0.508222 0.0396879 0.12667
0 0.810989 0.425542 0.0399218 0.0925563
0 0.965228 0.640717 0.0330193 0.121158
0 0.868694 0.70798 0.0578171 0.148296
0 0.639414 0.25228 0.0354966 0.117305
0 0.00518503 0.664685 0.0103701 0.117863
0 0.00956056 0.742794 0.0190803 0.121331
0 0.787566 0.562821 0.0533791 0.175879
0 0.0698651 0.679913 0.0337582 0.153701
0 0.635562 0.392808 0.0374331 0.0936234
0 0.0542777 0.239157 0.0292775 0.148787
0 0.770305 0.445128 0.0216556 0.0753185
0 0.873816 0.424048 0.0383902 0.121596
0 0.0144433 0.683609 0.0202593 0.0824003
0 0.639076 0.276085 0.0372383 0.11017
