0 0.520131 0.541336 0.0620643 0.185892
0 0.468019 0.383468 0.0350139 0.197852
0 0.538597 0.331947 0.0622657 0.165987
0 0.643681 0.537225 0.049948 0.158514
0 0.504277 0.236339 0.0313405 0.171251
0 0.825702 0.403781 0.0331917 0.119177
0 0.54488 0.221472 0.0295662 0.10947
0 0.883142 0.446618 0.0276512 0.0882646
0 0.659004 0.482692 0.0537224 0.154634
0 0.572221 0.15713 0.0380231 0.121727
0 0.837887 0.585826 0.0288952 0.166169
0 0.857974 0.458709 0.0271321 0.0919779
0 0.532928 0.178061 0.0430758 0.115372
0 0.806858 0.475934 0.0514973 0.0973791
0 0.637385 0.390191 0.0482723 0.0998579
0 0.608586 0.363509 0.050919 0.131364
0 0.625161 0.264164 0.0411722 0.0870092
0 0.641491 0.300147 0.0447783 0.0777277
0 0.864716 0.545886 0.0325405 0.101573
0 0.887572 0.516563 0.0249699 0.10494
0 0.805983 0.411733 0.0385405 0.0800755
0 0.74663 0.506752 0.0499328 0.133086
0 0.910791 0.546592 0.0245296 0.112332
0 0.749671 0.433146 0.0453068 0.0883546
0 0.940178 0.543168 0.0146618 0.111445
0 0.873304 0.702663 0.0594574 0.148586
0 0.879474 0.583876 0.0438591 0.0681035
0 0.876355 0.635799 0.0492633 0.0851715
0 0.0691436 0.664001 0.036076 0.188748
0 0.0544969 0.248184 0.0293043 0.154418
0 0.0726138 0.614334 0.036514 0.169286
0 0.928513 0.542681 0.0175491 0.124593
0 0.00456965 0.651788 0.0091393 0.116555
0 0.0365987 0.314876 0.0280294 0.135714
0 0.0827936 0.52093 0.0303066 0.170051
0 0.596077 0.362076 0.027169 0.129465
0 0.00975009 0.740879 0.0194653 0.124845
0 0.628264 0.251944 0.037513 0.0794366
0 0.876576 0.62175 0.0504702 0.0560277
