0 0.518822 0.542025 0.063579 0.185801
0 0.46311 0.388418 0.0349593 0.211858
0 0.54525 0.214812 0.0292173 0.0997389
0 0.836251 0.580925 0.0302754 0.177134
0 0.641689 0.535297 0.0574252 0.15631
0 0.496172 0.210899 0.0258699 0.159714
0 0.745004 0.508117 0.0529741 0.135436
0 0.656774 0.309543 0.0427998 0.121196
0 0.818601 0.384175 0.0306217 0.107838
0 0.662845 0.488465 0.0557531 0.14867
0 0.861226 0.50292 0.0257855 0.116605
0 0.63285 0.40008 0.0490149 0.109854
0 0.585823 0.200164 0.0334018 0.13288
0 0.881945 0.439632 0.0292755 0.0794492
0 0.932703 0.616743 0.0215241 0.153589
0 0.606923 0.358618 0.0449499 0.120984
0 0.631244 0.263508 0.0369346 0.108213
0 0.808844 0.483735 0.0543701 0.109127
0 0.546227 0.320746 0.0649456 0.146527
0 0.53335 0.171386 0.039198 0.0991094
0 0.882512 0.64184 0.0540609 0.0838618
0 0.892214 0.486562 0.0350113 0.0776623
0 0.939744 0.557368 0.021624 0.104243
0 0.877607 0.592858 0.0558986 0.090403
0 0.808049 0.407959 0.0425319 0.0794655
0 0.75437 0.443859 0.0483829 0.109617
0 0.891086 0.54641 0.0415477 0.0990466
0 0.556643 0.175157 0.0301977 0.103558
0 0.938801 0.576794 0.0224462 0.135097
0 0.968501 0.645675 0.0302086 0.116782
0 0.890335 0.643598 0.0398167 0.0913768
0 0.0344161 0.313453 0.0324681 0.123429
0 0.91069 0.560192 0.0227781 0.135899
0 0.901057 0.550472 0.0354126 0.108885
0 0.00506627 0.661761 0.0101325 0.125544
0 0.054532 0.251169 0.0289776 0.151656
0 0.930503 0.410579 0.0191448 0.121744
0 0.0732717 0.61659 0.0356784 0.164481
0 0.0693937 0.677923 0.0346255 0.155539
0 0.873969 0.712756 0.0607624 0.162125
0 0.950459 0.40498 0.0192162 0.112086
0 0.880307 0.465461 0.0310036 0.068792
0 0.0206413 0.404063 0.0256761 0.0920569
