0 0.520578 0.541433 0.0610374 0.187787
0 0.468871 0.384775 0.0359321 0.200794
0 0.503574 0.243726 0.0326459 0.164435
0 0.538893 0.334809 0.0628641 0.16633
0 0.643646 0.535042 0.0485945 0.157784
0 0.544944 0.221058 0.0292576 0.108545
0 0.838927 0.587684 0.0288746 0.168627
0 0.825702 0.413657 0.0336224 0.141482
0 0.571898 0.156644 0.0379568 0.118337
0 0.658785 0.482841 0.0548176 0.153839
0 0.532901 0.181144 0.0434977 0.120564
0 0.856244 0.441545 0.0236744 0.110952
0 0.879816 0.450414 0.0342191 0.0972317
0 0.80645 0.483604 0.0507418 0.114087
0 0.864199 0.546378 0.0362749 0.106361
0 0.635922 0.392358 0.0448629 0.102835
0 0.888395 0.517862 0.0251311 0.106713
0 0.640098 0.300512 0.0448412 0.0787332
0 0.80641 0.412005 0.0391441 0.0790166
0 0.748866 0.50806 0.0514832 0.133956
0 0.606864 0.36261 0.0492535 0.132598
0 0.621168 0.262667 0.0429463 0.0811521
0 0.910237 0.545272 0.0240871 0.118848
0 0.936059 0.545887 0.0221798 0.129226
0 0.87083 0.701173 0.0571468 0.148429
0 0.751869 0.434647 0.0492775 0.0913145
0 0.877599 0.627387 0.0495427 0.0764525
0 0.0543778 0.248704 0.029384 0.151976
0 0.0692264 0.663243 0.0358825 0.190255
0 0.883799 0.582536 0.0371689 0.0686566
0 0.0726247 0.614831 0.0363974 0.168236
0 0.0363451 0.31284 0.0280472 0.130831
0 0.00459435 0.651242 0.0091887 0.116418
0 0.634374 0.244293 0.0255938 0.0650825
0 0.0826796 0.520194 0.0303544 0.170426
0 0.00976025 0.740217 0.0194915 0.126088
0 0.823446 0.400857 0.0410282 0.120474
0 0.59455 0.360701 0.0259412 0.127418
