0 0.519332 0.541237 0.0630201 0.186946
0 0.467892 0.386615 0.0347836 0.204899
0 0.538618 0.331141 0.0631533 0.166539
0 0.503045 0.233646 0.0287407 0.174609
0 0.643044 0.539859 0.0522107 0.161872
0 0.826131 0.402211 0.0339203 0.119852
0 0.544723 0.22037 0.0296314 0.109174
0 0.572254 0.157088 0.0384741 0.122538
0 0.65871 0.481721 0.0531264 0.154141
0 0.882763 0.448705 0.0281044 0.092332
0 0.835858 0.580864 0.0324898 0.170722
0 0.858322 0.469808 0.0280556 0.0893733
0 0.533407 0.179023 0.0438874 0.119378
0 0.807212 0.47763 0.0514839 0.0988083
0 0.606762 0.361818 0.0489405 0.129111
0 0.887827 0.515765 0.0249825 0.104629
0 0.637419 0.39204 0.0486021 0.103267
0 0.910763 0.546844 0.0234696 0.115932
0 0.640447 0.298796 0.0446081 0.0797213
0 0.86575 0.542311 0.0361355 0.094893
0 0.805424 0.411808 0.0387457 0.0813525
0 0.938707 0.551072 0.0178636 0.122202
0 0.910191 0.714037 0.0251877 0.137055
0 0.62448 0.264317 0.0416504 0.0884369
0 0.746787 0.50737 0.050292 0.134801
0 0.882649 0.624474 0.0445217 0.0602988
0 0.924229 0.530179 0.0166069 0.147666
0 0.74829 0.430185 0.0425818 0.0833727
0 0.881147 0.706056 0.043148 0.136622
0 0.88176 0.581815 0.0396481 0.0674136
0 0.0544427 0.238649 0.0292528 0.15708
0 0.0691217 0.664401 0.0361071 0.186551
0 0.0726311 0.614999 0.036283 0.167189
0 0.894095 0.628551 0.0274353 0.0646293
0 0.00452155 0.652393 0.0090431 0.116351
0 0.595093 0.360829 0.0263372 0.128023
0 0.626999 0.252915 0.0399858 0.0828291
0 0.0828584 0.521497 0.0303816 0.169093
0 0.0097232 0.740624 0.0194195 0.12502
0 0.0365572 0.315141 0.0280608 0.137202
0 0.938379 0.490296 0.0180073 0.183918
0 0.869348 0.552789 0.0431183 0.104075
0 0.937005 0.460997 0.0180908 0.122675
