0 0.520748 0.541095 0.0593307 0.184631
0 0.468064 0.391157 0.0349512 0.210124
0 0.64404 0.540933 0.0502571 0.165339
0 0.544922 0.218688 0.0299139 0.106395
0 0.836687 0.579664 0.0297327 0.179132
0 0.659547 0.482482 0.0507578 0.156396
0 0.497293 0.218133 0.0268912 0.174236
0 0.819731 0.391312 0.0340301 0.118851
0 0.882563 0.439515 0.0283024 0.0778298
0 0.530385 0.168338 0.0408856 0.0995953
0 0.656784 0.303317 0.0397462 0.10659
0 0.862264 0.49857 0.0262317 0.111265
0 0.628788 0.264614 0.0384417 0.105155
0 0.638293 0.39427 0.049949 0.102396
0 0.573984 0.171688 0.0367626 0.121913
0 0.539925 0.32807 0.0644392 0.147415
0 0.932748 0.638537 0.0267816 0.142151
0 0.808618 0.48014 0.0553728 0.102749
0 0.606054 0.361283 0.0470532 0.126531
0 0.747809 0.505463 0.0525797 0.134
0 0.88755 0.487644 0.0262516 0.0731038
0 0.936553 0.545155 0.0226952 0.0937556
0 0.877796 0.58701 0.0549824 0.0961288
0 0.882846 0.640523 0.0512585 0.0840921
0 0.908738 0.550339 0.0296002 0.1363
0 0.806517 0.413377 0.0438592 0.0836267
0 0.751984 0.436568 0.0486894 0.0959626
0 0.88718 0.541707 0.0341871 0.0724598
0 0.00579118 0.670348 0.0115824 0.127803
0 0.069741 0.676561 0.0338171 0.158569
0 0.0352468 0.31575 0.0311745 0.129451
0 0.054413 0.237481 0.0289144 0.148643
0 0.936403 0.461935 0.0177939 0.127185
0 0.0135618 0.676925 0.0197061 0.0938335
