0 0.467887 0.391523 0.0350977 0.209016
0 0.519902 0.540877 0.0604658 0.183134
0 0.496947 0.21134 0.0270697 0.16
0 0.83599 0.582368 0.0302109 0.179428
0 0.544942 0.215209 0.0298386 0.100062
0 0.641219 0.539892 0.0581038 0.164979
0 0.934404 0.625184 0.0223362 0.158816
0 0.657313 0.304305 0.0407626 0.10818
0 0.81881 0.388931 0.0308938 0.115113
0 0.861331 0.501605 0.0253735 0.114483
0 0.662632 0.493857 0.0533573 0.165327
0 0.882074 0.439431 0.0287149 0.0767769
0 0.748772 0.50646 0.0517211 0.126772
0 0.532582 0.169151 0.0397794 0.102576
0 0.584429 0.200143 0.0342421 0.136114
0 0.630572 0.263735 0.0376635 0.105976
0 0.607132 0.363731 0.0466043 0.131231
0 0.809395 0.485622 0.0556724 0.110698
0 0.889964 0.488208 0.0322935 0.0760315
0 0.875894 0.589417 0.0543505 0.0976465
0 0.542037 0.314666 0.0597574 0.135646
0 0.642792 0.397148 0.0574266 0.105996
0 0.939084 0.551895 0.0218497 0.0915837
0 0.885139 0.64238 0.0479431 0.0838106
0 0.967507 0.646019 0.0311841 0.118645
0 0.807629 0.410566 0.0425388 0.0833383
0 0.753554 0.439788 0.0489235 0.100436
0 0.890028 0.550423 0.0341015 0.101836
0 0.898591 0.554422 0.0417092 0.116242
0 0.554617 0.171125 0.0307475 0.101035
0 0.00511388 0.663378 0.0102174 0.11965
0 0.0540271 0.249895 0.0295094 0.154326
0 0.907383 0.552849 0.0290699 0.132834
0 0.00958144 0.74147 0.0191326 0.121692
0 0.0341536 0.312979 0.0318767 0.123183
0 0.0735506 0.61687 0.0358666 0.16653
0 0.875444 0.714527 0.0579361 0.161496
0 0.813966 0.405354 0.0370972 0.0907413
0 0.0690129 0.672588 0.034833 0.168512
0 0.0128383 0.675241 0.0193929 0.0944811
0 0.0293853 0.341976 0.028999 0.0730364
