0 0.520322 0.541139 0.0606082 0.183609
0 0.468146 0.38999 0.034985 0.208146
0 0.643124 0.541948 0.0524463 0.165498
0 0.836832 0.5826 0.0306069 0.18325
0 0.544857 0.216933 0.0301186 0.105
0 0.660229 0.480227 0.0498652 0.152585
0 0.539286 0.324446 0.06523 0.152291
0 0.819684 0.39096 0.0335784 0.118663
0 0.861723 0.495545 0.0262146 0.106373
0 0.93288 0.632772 0.0243572 0.153187
0 0.639198 0.394163 0.0525814 0.104394
0 0.882442 0.43904 0.0282207 0.0768853
0 0.657341 0.302263 0.0395962 0.10509
0 0.605521 0.362434 0.0469265 0.129356
0 0.628934 0.264957 0.0386164 0.106791
0 0.575044 0.172853 0.0340685 0.121622
0 0.748422 0.50765 0.0517138 0.136761
0 0.496382 0.206795 0.025367 0.153139
0 0.808778 0.481297 0.0553129 0.103979
0 0.531135 0.168775 0.0421431 0.0989434
0 0.935996 0.538977 0.023315 0.0808844
0 0.884243 0.638994 0.0483312 0.0830843
0 0.910984 0.553926 0.0253004 0.143955
0 0.887595 0.486584 0.0266307 0.0721303
0 0.806836 0.413499 0.0430992 0.0838787
0 0.752787 0.435722 0.0493395 0.0959511
0 0.878846 0.585342 0.052404 0.0845387
0 0.499549 0.247359 0.0279587 0.107862
0 0.88823 0.539372 0.0334394 0.0784294
0 0.936905 0.462467 0.0190559 0.129188
0 0.00583646 0.670012 0.0116729 0.126952
0 0.0697247 0.677883 0.0339297 0.155962
0 0.0351644 0.314792 0.0309658 0.126269
0 0.884106 0.452802 0.0285736 0.0653296
0 0.0539937 0.236984 0.0295102 0.144176
0 0.0137223 0.677224 0.0199189 0.0939264
0 0.875318 0.712219 0.0564164 0.158004
0 0.974725 0.917249 0.0334293 0.165503
