0 0.519281 0.54085 0.0617225 0.184808
0 0.467727 0.392424 0.0347636 0.211222
0 0.50005 0.230174 0.0271282 0.176905
0 0.643032 0.539494 0.0529223 0.161393
0 0.82259 0.400982 0.0344094 0.128852
0 0.837099 0.584944 0.0312111 0.185606
0 0.54473 0.218665 0.0300485 0.105782
0 0.653938 0.301294 0.0429833 0.0932525
0 0.629053 0.262461 0.0381391 0.0988775
0 0.861247 0.475396 0.0277027 0.0767932
0 0.538222 0.324261 0.0619375 0.152398
0 0.573179 0.16402 0.0401537 0.123176
0 0.607859 0.359918 0.0489054 0.12656
0 0.882265 0.44199 0.0288208 0.0830551
0 0.807134 0.480211 0.0512341 0.103774
0 0.53253 0.179593 0.0425228 0.119256
0 0.656758 0.481338 0.0568064 0.155056
0 0.639035 0.394642 0.0498962 0.100659
0 0.936365 0.560691 0.0214548 0.13006
0 0.886131 0.490551 0.0236492 0.0847495
0 0.906606 0.553265 0.0336594 0.142392
0 0.745459 0.50553 0.0516262 0.131694
0 0.92054 0.696281 0.031716 0.152272
0 0.807253 0.412224 0.040949 0.0793904
0 0.868505 0.552225 0.0395403 0.116072
0 0.749015 0.433519 0.0395723 0.0898937
0 0.88473 0.637223 0.0469602 0.0823655
0 0.0318858 0.325606 0.0323399 0.110964
0 0.884666 0.58727 0.0394531 0.0759831
0 0.95146 0.643845 0.0274716 0.1102
0 0.00502796 0.663482 0.0100543 0.120781
0 0.0529033 0.240282 0.0300876 0.133585
0 0.00962627 0.740058 0.0191911 0.125281
0 0.0838379 0.530079 0.0291522 0.147798
0 0.0738082 0.618115 0.035198 0.163582
0 0.0687626 0.670067 0.0368465 0.168871
0 0.756578 0.440151 0.0420702 0.0876488
