0 0.520141 0.54168 0.0609344 0.184465
0 0.467937 0.387846 0.035142 0.202627
0 0.64357 0.542234 0.0515936 0.165852
0 0.545074 0.21623 0.0295371 0.103062
0 0.836974 0.583226 0.0306129 0.184195
0 0.659958 0.480523 0.0498541 0.153863
0 0.860893 0.495559 0.0255589 0.105385
0 0.638926 0.395361 0.0525357 0.103403
0 0.933287 0.632143 0.0237221 0.156795
0 0.882182 0.439125 0.0286194 0.0775719
0 0.818933 0.390155 0.0324394 0.116678
0 0.656996 0.303362 0.0411428 0.10772
0 0.538605 0.320186 0.0653858 0.151643
0 0.605546 0.362906 0.0469629 0.130712
0 0.628885 0.265189 0.0383496 0.107074
0 0.575994 0.176005 0.0335799 0.125221
0 0.531078 0.170482 0.041984 0.102123
0 0.808505 0.480765 0.05441 0.102931
0 0.748471 0.507893 0.0518235 0.13701
0 0.49638 0.20515 0.0256197 0.150406
0 0.936104 0.54086 0.0240456 0.0821828
0 0.884221 0.640475 0.0486545 0.086834
0 0.888038 0.487493 0.0285288 0.0737624
0 0.912143 0.555915 0.0227839 0.143034
0 0.807373 0.411593 0.0424238 0.0826705
0 0.75236 0.4345 0.0497648 0.0945862
0 0.887366 0.539789 0.0367138 0.0807469
0 0.879249 0.585899 0.0535504 0.0833656
0 0.499494 0.25126 0.0282604 0.107717
0 0.967601 0.65199 0.029792 0.110994
0 0.937878 0.463434 0.0197212 0.130504
0 0.498593 0.221123 0.0281788 0.15191
0 0.00581122 0.670001 0.0116224 0.126973
0 0.06972 0.67779 0.033937 0.1561
0 0.875703 0.712421 0.0556566 0.15874
0 0.0351713 0.314777 0.0309531 0.126368
0 0.814525 0.406231 0.0390426 0.0951279
0 0.0539871 0.236956 0.0294859 0.14404
0 0.01373 0.67735 0.0198659 0.0939562
0 0.974734 0.917194 0.0334706 0.165612
0 0.880178 0.628962 0.0529751 0.0593336
0 0.880803 0.565001 0.0493599 0.111033
