0 0.520602 0.540826 0.0596419 0.184033
0 0.46791 0.391749 0.034774 0.211287
0 0.644024 0.541596 0.0505447 0.166379
0 0.836508 0.58217 0.0298121 0.182824
0 0.544864 0.218511 0.0299013 0.10622
0 0.497014 0.218164 0.0269088 0.172168
0 0.659421 0.48135 0.051061 0.154184
0 0.819169 0.39064 0.0335514 0.117332
0 0.861981 0.492861 0.0271177 0.100267
0 0.530294 0.173833 0.041515 0.11091
0 0.656833 0.303158 0.0395396 0.106564
0 0.882568 0.439484 0.0281591 0.0776853
0 0.573631 0.171775 0.0374202 0.125362
0 0.628669 0.264535 0.0384615 0.105041
0 0.639453 0.394481 0.0520138 0.102114
0 0.931435 0.639469 0.0274616 0.123484
0 0.808949 0.480308 0.0554583 0.103529
0 0.887548 0.489956 0.0259267 0.077805
0 0.606178 0.360966 0.0470583 0.12556
0 0.747822 0.505404 0.0526477 0.133626
0 0.885216 0.639337 0.046204 0.0847182
0 0.540751 0.32769 0.0627683 0.140963
0 0.937294 0.544852 0.0212505 0.0940043
0 0.908379 0.549808 0.0303274 0.131656
0 0.877933 0.582471 0.0530083 0.101101
0 0.806676 0.413419 0.0431955 0.0829779
0 0.750727 0.434537 0.0457665 0.0917608
0 0.550403 0.329713 0.0439983 0.137028
0 0.879754 0.540268 0.0447914 0.0654978
0 0.00564389 0.668391 0.011282 0.123981
0 0.876972 0.563161 0.0483238 0.105766
0 0.0698418 0.678179 0.0336662 0.15499
0 0.960283 0.648194 0.0248294 0.104475
0 0.815891 0.402963 0.0391834 0.102495
0 0.0541047 0.237164 0.0292974 0.146503
0 0.93574 0.461552 0.0175784 0.125431
0 0.0350685 0.314991 0.0312718 0.128639
0 0.014009 0.677632 0.0201352 0.0928488
