0 0.519978 0.541077 0.0622085 0.187275
0 0.467893 0.386767 0.0349142 0.205523
0 0.538411 0.331748 0.0631215 0.166589
0 0.643526 0.538203 0.0513249 0.159417
0 0.503519 0.231741 0.0297335 0.171237
0 0.544684 0.220715 0.0295341 0.110099
0 0.826002 0.403814 0.0333237 0.120846
0 0.882891 0.447284 0.0280194 0.0897337
0 0.658782 0.481611 0.0538297 0.15364
0 0.572326 0.157029 0.0384357 0.122879
0 0.858032 0.466891 0.0285537 0.0870456
0 0.533268 0.179458 0.0434298 0.120147
0 0.807257 0.476177 0.0522005 0.0957841
0 0.638504 0.391147 0.0501573 0.104021
0 0.888056 0.517726 0.0256279 0.107161
0 0.607046 0.362686 0.0487732 0.130136
0 0.625147 0.263367 0.0417971 0.0896122
0 0.641463 0.299476 0.0450701 0.0778024
0 0.864972 0.54341 0.0351086 0.0992975
0 0.835607 0.582489 0.0320129 0.164535
0 0.910858 0.54595 0.0237793 0.11585
0 0.805813 0.412663 0.0395683 0.079135
0 0.746939 0.509552 0.0510067 0.138883
0 0.938275 0.548991 0.0185787 0.124518
0 0.749063 0.431355 0.0435542 0.0848785
0 0.879648 0.626235 0.0465568 0.0599406
0 0.874458 0.705216 0.0582797 0.140752
0 0.879326 0.584758 0.04436 0.0741719
0 0.929588 0.536697 0.0232275 0.141673
0 0.0544416 0.238643 0.0292533 0.157052
0 0.0691216 0.664408 0.0361066 0.18654
0 0.0726349 0.614992 0.0362776 0.167191
0 0.00452265 0.652392 0.00904531 0.116332
0 0.0828649 0.521404 0.0303714 0.1693
0 0.00972301 0.740625 0.0194191 0.125013
0 0.596105 0.36158 0.0276698 0.12863
0 0.0365569 0.315142 0.0280542 0.13721
0 0.937786 0.502247 0.01745 0.207413
