0 0.520151 0.541695 0.0609059 0.184507
0 0.467937 0.387858 0.0351504 0.202643
0 0.643579 0.542214 0.0515762 0.165816
0 0.545072 0.216264 0.0295379 0.103145
0 0.836972 0.583257 0.0306043 0.184178
0 0.659959 0.480521 0.0498519 0.153853
0 0.860906 0.495536 0.0255322 0.105335
0 0.638931 0.395371 0.0525308 0.10343
0 0.93331 0.632153 0.0237438 0.157577
0 0.88218 0.43915 0.0286278 0.0776033
0 0.81893 0.390167 0.0324368 0.1167
0 0.657014 0.303364 0.0411154 0.107702
0 0.60556 0.362897 0.0469524 0.130688
0 0.538569 0.320267 0.0654425 0.151397
0 0.628885 0.265188 0.0383457 0.107076
0 0.576003 0.175884 0.0336171 0.12506
0 0.531102 0.17047 0.0420201 0.102091
0 0.808522 0.480835 0.0544252 0.103048
0 0.748467 0.507863 0.0518263 0.136964
0 0.496387 0.205149 0.025634 0.150428
0 0.936041 0.540959 0.0241444 0.0824106
0 0.884253 0.640454 0.0485985 0.0867716
0 0.88803 0.487519 0.0285072 0.0738068
0 0.912215 0.554962 0.0228539 0.142101
0 0.807345 0.411615 0.0424742 0.0827063
0 0.75236 0.434511 0.0497698 0.0945964
0 0.887347 0.539865 0.0367634 0.0808211
0 0.879267 0.585917 0.0535618 0.0833941
0 0.499479 0.251045 0.0282982 0.107696
0 0.967571 0.651842 0.0297607 0.11066
0 0.937852 0.463376 0.019692 0.130389
0 0.498595 0.221059 0.0281982 0.151992
0 0.00582141 0.670061 0.0116428 0.126981
0 0.0697183 0.677779 0.0339419 0.156138
0 0.0351525 0.31473 0.0309908 0.126272
0 0.87567 0.712469 0.0557209 0.15881
0 0.814527 0.406251 0.0390236 0.0951923
0 0.0539955 0.236995 0.0294917 0.144175
0 0.0137806 0.677382 0.0199445 0.0939591
0 0.974736 0.91719 0.0334892 0.165619
0 0.880834 0.564942 0.0493225 0.111168
0 0.880175 0.62861 0.0529795 0.0586
0 0.884589 0.46723 0.0291948 0.051136
