0 0.519413 0.540982 0.0632282 0.188176
0 0.467856 0.388065 0.0347925 0.207393
0 0.538837 0.332063 0.063299 0.169209
0 0.643042 0.539274 0.0524235 0.161834
0 0.502559 0.232907 0.0283926 0.173541
0 0.826262 0.40482 0.0337345 0.124928
0 0.544729 0.219979 0.0297072 0.108755
0 0.835652 0.579074 0.0331203 0.171526
0 0.572266 0.156993 0.0385874 0.12252
0 0.882728 0.447503 0.0280293 0.0897577
0 0.65806 0.481347 0.0544042 0.15317
0 0.533561 0.182622 0.0442986 0.126355
0 0.858504 0.471482 0.0283594 0.0852785
0 0.887474 0.512947 0.0235562 0.102033
0 0.807225 0.476127 0.0516138 0.0953917
0 0.607021 0.361489 0.0489986 0.127482
0 0.9108 0.54837 0.0240375 0.120581
0 0.637516 0.3925 0.0489353 0.102783
0 0.937849 0.55251 0.0198341 0.119548
0 0.638896 0.297781 0.0460079 0.0785061
0 0.805569 0.41196 0.0392295 0.0816914
0 0.884116 0.62763 0.0441494 0.0656585
0 0.625397 0.263298 0.0418218 0.0938465
0 0.866405 0.546912 0.0367355 0.10193
0 0.924384 0.522497 0.0169712 0.135788
0 0.746552 0.508307 0.0502794 0.136319
0 0.747975 0.429922 0.0421802 0.0830851
0 0.88276 0.705178 0.041388 0.138211
0 0.883636 0.581764 0.0356093 0.0661503
0 0.913425 0.711061 0.0257362 0.129492
0 0.891779 0.630239 0.0327336 0.0673339
0 0.0544623 0.238269 0.029247 0.156427
0 0.069121 0.664503 0.0361676 0.185497
0 0.0726145 0.615192 0.036304 0.16762
0 0.0045446 0.652719 0.0090892 0.115383
0 0.00973796 0.740412 0.0194385 0.125019
0 0.0828717 0.521472 0.0304544 0.169287
0 0.0366711 0.315297 0.0280403 0.137876
0 0.595553 0.360452 0.0269751 0.127108
0 0.938575 0.481253 0.0174358 0.165636
