0 0.518511 0.543022 0.065699 0.188377
0 0.465484 0.376923 0.0340376 0.197812
0 0.648179 0.277096 0.0351003 0.14965
0 0.660831 0.487619 0.0507284 0.170938
0 0.638612 0.525324 0.047259 0.157027
0 0.827802 0.409658 0.0342803 0.133503
0 0.500828 0.273543 0.0278505 0.170318
0 0.544297 0.22047 0.0289272 0.109376
0 0.86597 0.5488 0.0338667 0.111067
0 0.540908 0.325472 0.0661414 0.15293
0 0.530674 0.179392 0.0393882 0.115331
0 0.809251 0.478737 0.0460213 0.103892
0 0.568463 0.155662 0.0384465 0.127048
0 0.877177 0.451978 0.041349 0.103142
0 0.840869 0.583327 0.0248539 0.175309
0 0.608369 0.361984 0.0509207 0.125957
0 0.649898 0.395522 0.0565586 0.0967674
0 0.93579 0.523217 0.0233509 0.0922211
0 0.62533 0.302189 0.0458072 0.0782341
0 0.895407 0.545286 0.0291988 0.124464
0 0.752351 0.441601 0.0432731 0.104423
0 0.909808 0.540618 0.0244 0.120791
0 0.934461 0.642113 0.0213524 0.181378
0 0.889827 0.391414 0.0304466 0.0564316
0 0.809754 0.425694 0.042219 0.0876333
0 0.763346 0.513367 0.0404261 0.136265
0 0.869649 0.706299 0.0568808 0.145243
0 0.964615 0.640852 0.0323202 0.116731
0 0.892018 0.400424 0.0340405 0.0685055
0 0.00470066 0.661873 0.00938954 0.118113
0 0.00968357 0.743659 0.0193003 0.123658
0 0.0691464 0.661538 0.0362885 0.185946
0 0.0547119 0.233425 0.029261 0.158876
0 0.0722382 0.619143 0.0363994 0.166069
0 0.0839394 0.529016 0.0287875 0.154821
0 0.561897 0.173573 0.0287538 0.110412
0 0.89305 0.423378 0.0331863 0.106634
