0 0.520484 0.54114 0.0598221 0.183961
0 0.467916 0.392313 0.0347471 0.211729
0 0.643911 0.541288 0.0506918 0.166341
0 0.836654 0.580924 0.0299652 0.180457
0 0.544795 0.218698 0.0300308 0.106854
0 0.497167 0.219254 0.0268546 0.174087
0 0.659327 0.481941 0.0511168 0.155045
0 0.81927 0.390519 0.033387 0.11705
0 0.862159 0.496863 0.0270726 0.107759
0 0.656791 0.303223 0.0396519 0.106143
0 0.882565 0.440035 0.0281914 0.0785051
0 0.53027 0.174218 0.0421736 0.110207
0 0.628764 0.26451 0.0384978 0.105024
0 0.638979 0.394664 0.0513615 0.103765
0 0.573786 0.172612 0.0368978 0.123935
0 0.931795 0.637349 0.0278076 0.127752
0 0.606134 0.361053 0.0470329 0.12606
0 0.808811 0.480538 0.0554565 0.103332
0 0.540502 0.327816 0.0637526 0.144707
0 0.747716 0.505243 0.0523953 0.133287
0 0.887375 0.489385 0.0255257 0.0763792
0 0.883909 0.640452 0.0486881 0.0856985
0 0.937083 0.543426 0.0214241 0.0916607
0 0.877421 0.583147 0.053644 0.0978027
0 0.908748 0.548453 0.0293697 0.133328
0 0.80665 0.413186 0.043442 0.083188
0 0.751258 0.43495 0.047081 0.0926163
0 0.883973 0.539004 0.0376225 0.063917
0 0.00584507 0.670569 0.0116901 0.127874
0 0.03524 0.315565 0.0312941 0.129695
0 0.815993 0.402784 0.0390938 0.102525
0 0.936562 0.461649 0.0188206 0.126121
0 0.0544118 0.237362 0.0289388 0.148046
0 0.0697734 0.676873 0.033796 0.157844
0 0.0137126 0.67756 0.0199746 0.0939275
0 0.960587 0.648031 0.0242027 0.100969
0 0.883375 0.552009 0.039925 0.0878637
