0 0.52027 0.541434 0.0606175 0.184251
0 0.468145 0.389909 0.035031 0.208188
0 0.643189 0.542089 0.0522416 0.166067
0 0.836697 0.582426 0.0308475 0.183475
0 0.544973 0.216615 0.0298094 0.104047
0 0.660223 0.480429 0.0498079 0.15309
0 0.539146 0.324704 0.065473 0.152022
0 0.861428 0.495407 0.0259346 0.10484
0 0.819479 0.391493 0.0334064 0.118145
0 0.932832 0.633631 0.0244824 0.156482
0 0.65749 0.30222 0.0392704 0.105255
0 0.882434 0.439209 0.0282299 0.0774592
0 0.639177 0.39422 0.0526514 0.105144
0 0.605522 0.362402 0.0465853 0.129289
0 0.62886 0.264921 0.0385305 0.106673
0 0.575043 0.173537 0.0341085 0.120674
0 0.496203 0.204416 0.0253402 0.149028
0 0.531323 0.169467 0.042489 0.103441
0 0.74858 0.507762 0.0517885 0.13718
0 0.808681 0.480023 0.0546539 0.100849
0 0.936307 0.538619 0.0228955 0.0800725
0 0.910648 0.554205 0.0258886 0.144896
0 0.883514 0.639456 0.0499405 0.0838433
0 0.887468 0.485729 0.0269049 0.0706915
0 0.75215 0.433388 0.0490378 0.0896303
0 0.806679 0.413254 0.0429223 0.0833902
0 0.878782 0.585068 0.0524799 0.0839188
0 0.888207 0.538511 0.033751 0.0790148
0 0.500137 0.244953 0.0286318 0.0996577
0 0.49873 0.228383 0.0276077 0.108415
0 0.936925 0.46268 0.0190033 0.129612
0 0.00582085 0.67005 0.0116417 0.126957
0 0.883965 0.450985 0.0287746 0.0695671
0 0.06972 0.677799 0.0339394 0.156091
0 0.816003 0.402219 0.0392561 0.10389
0 0.0351583 0.314731 0.0309808 0.126253
0 0.967535 0.6504 0.030036 0.103623
0 0.0539904 0.236962 0.0294947 0.144111
0 0.974719 0.917326 0.0334046 0.165347
0 0.0137821 0.677383 0.0199462 0.0939468
0 0.87542 0.711984 0.0561251 0.15739
