0 0.519898 0.541551 0.0624968 0.186925
0 0.468219 0.383776 0.0350782 0.198333
0 0.538442 0.331984 0.0628851 0.16545
0 0.504131 0.238468 0.0322286 0.16909
0 0.643938 0.53686 0.0493557 0.159886
0 0.825801 0.406035 0.0332474 0.123969
0 0.54487 0.221018 0.0295706 0.10859
0 0.572059 0.157048 0.0381634 0.121004
0 0.658791 0.482602 0.0543434 0.153629
0 0.837621 0.584034 0.0304417 0.162176
0 0.857198 0.455289 0.0257917 0.0955085
0 0.882739 0.449358 0.0285567 0.0942594
0 0.53279 0.178791 0.0430319 0.116711
0 0.806652 0.476631 0.0516493 0.0985384
0 0.636282 0.391668 0.0455259 0.102474
0 0.606819 0.362804 0.0489471 0.129614
0 0.624886 0.264278 0.0414352 0.0874548
0 0.640813 0.299722 0.0449579 0.0775598
0 0.888557 0.518218 0.0234566 0.108465
0 0.806127 0.411821 0.0390354 0.0800779
0 0.864147 0.54431 0.0334148 0.10281
0 0.747743 0.505297 0.0517861 0.131183
0 0.874539 0.626711 0.0517412 0.0809224
0 0.9106 0.543724 0.0237543 0.107545
0 0.750947 0.435458 0.0482199 0.0933723
0 0.872358 0.698199 0.060244 0.142645
0 0.938302 0.549883 0.0181469 0.128847
0 0.886254 0.586847 0.0307384 0.073656
0 0.0544742 0.248251 0.0294968 0.151983
0 0.0691843 0.663609 0.0360449 0.189549
0 0.0725787 0.613538 0.0365912 0.170694
0 0.876953 0.595573 0.0490652 0.0767482
0 0.0362987 0.312123 0.0281258 0.129825
0 0.00456829 0.650864 0.00913658 0.115912
0 0.0825942 0.521523 0.0304803 0.168435
0 0.628638 0.255159 0.0363317 0.0879806
0 0.00974 0.740077 0.0194472 0.126134
0 0.594398 0.361838 0.0249897 0.128897
0 0.934896 0.554544 0.0235607 0.127651
0 0.0789035 0.572279 0.0313526 0.18617
