0 0.519953 0.541667 0.0623076 0.185999
0 0.468078 0.381572 0.0349918 0.193327
0 0.538554 0.331701 0.0625134 0.165537
0 0.643679 0.5377 0.0499259 0.159288
0 0.504218 0.237548 0.0315906 0.172149
0 0.825811 0.404081 0.0328171 0.119414
0 0.54488 0.221559 0.0295845 0.109664
0 0.658836 0.482716 0.0540182 0.154346
0 0.572249 0.157047 0.0380592 0.121575
0 0.883279 0.447423 0.0274725 0.0897715
0 0.837953 0.584331 0.0291401 0.163595
0 0.858125 0.456995 0.0259155 0.0925296
0 0.532992 0.178237 0.0430298 0.115483
0 0.608528 0.363607 0.05079 0.131443
0 0.625104 0.26429 0.0410322 0.0870797
0 0.806797 0.4764 0.0514391 0.0982264
0 0.637264 0.390165 0.0476959 0.100147
0 0.864369 0.545942 0.0325973 0.104332
0 0.641415 0.300053 0.044823 0.0776463
0 0.887798 0.517255 0.0245083 0.106517
0 0.805984 0.411767 0.0385323 0.0802504
0 0.746762 0.506664 0.0501736 0.132706
0 0.749772 0.433422 0.0457214 0.0889037
0 0.910746 0.546972 0.0243099 0.112022
0 0.873286 0.701041 0.0599631 0.146283
0 0.875201 0.629924 0.0506628 0.0793449
0 0.93947 0.54706 0.015665 0.121378
0 0.882996 0.584891 0.037014 0.0700448
0 0.0545011 0.248181 0.0293071 0.154419
0 0.0691445 0.66399 0.0360744 0.188719
0 0.0726059 0.61438 0.0365204 0.169196
0 0.00456867 0.651786 0.00913735 0.116555
0 0.0365997 0.314867 0.0280304 0.135698
0 0.876078 0.592869 0.0509697 0.071906
0 0.0827897 0.520995 0.0303142 0.169961
0 0.00974938 0.740873 0.019464 0.124848
0 0.932311 0.546867 0.0242893 0.130471
0 0.596003 0.362175 0.0270061 0.129632
0 0.628261 0.252456 0.0374254 0.0803107
