0 0.520191 0.541578 0.0614921 0.18554
0 0.504607 0.245131 0.0333898 0.164582
0 0.539373 0.333708 0.0622486 0.168743
0 0.468188 0.384311 0.0343576 0.203924
0 0.641962 0.536924 0.0472036 0.168311
0 0.825844 0.413038 0.033992 0.14217
0 0.658862 0.48663 0.0542125 0.161518
0 0.5451 0.22112 0.0290587 0.109033
0 0.864883 0.544235 0.0362568 0.103135
0 0.838657 0.586399 0.0296413 0.16771
0 0.636589 0.393073 0.0449541 0.102449
0 0.571338 0.158509 0.0368391 0.119362
0 0.878441 0.450253 0.0372288 0.0958846
0 0.8587 0.434042 0.0279219 0.11389
0 0.806683 0.482816 0.0511113 0.112857
0 0.533899 0.179911 0.0446612 0.117739
0 0.606638 0.360102 0.0490317 0.123345
0 0.891113 0.529468 0.028508 0.117833
0 0.749947 0.503939 0.0494161 0.129037
0 0.80682 0.412314 0.0383465 0.0779274
0 0.90942 0.541124 0.02482 0.119963
0 0.871051 0.702242 0.059235 0.158595
0 0.747085 0.431274 0.0390899 0.0844712
0 0.935362 0.537406 0.0240135 0.114328
0 0.639568 0.298941 0.0465062 0.0786116
0 0.879242 0.629244 0.0481802 0.0796803
0 0.635102 0.241069 0.0242493 0.0603966
0 0.00492669 0.662909 0.00985338 0.115619
0 0.00955019 0.742187 0.0190447 0.121463
0 0.882662 0.580142 0.0409939 0.0624572
0 0.932762 0.608981 0.0221161 0.16148
0 0.62672 0.254158 0.0370955 0.0636646
0 0.069821 0.679575 0.033574 0.154202
0 0.0542412 0.238477 0.0292245 0.147341
0 0.883304 0.594202 0.0387024 0.0724381
0 0.75517 0.440228 0.0485142 0.0835912
0 0.625908 0.275109 0.0374209 0.0880982
0 0.655692 0.380308 0.0216169 0.0990151
0 0.0146775 0.683168 0.0199746 0.0806378
0 0.0841996 0.526545 0.0280312 0.156266
0 0.651575 0.377392 0.0298589 0.103476
