0 0.518859 0.542821 0.0646501 0.185504
0 0.465337 0.384116 0.0340856 0.213905
0 0.639865 0.530307 0.046196 0.166207
0 0.661147 0.489765 0.0503464 0.171813
0 0.827777 0.413085 0.0342604 0.137703
0 0.504806 0.244153 0.0323994 0.148285
0 0.865891 0.545938 0.033882 0.104945
0 0.544644 0.219977 0.0289116 0.109277
0 0.538069 0.327765 0.0672615 0.158479
0 0.840741 0.578159 0.0245327 0.187433
0 0.531278 0.176321 0.0395826 0.111282
0 0.935715 0.523647 0.024205 0.0894314
0 0.747265 0.437325 0.037633 0.0981914
0 0.568347 0.154954 0.0367392 0.122043
0 0.607527 0.360383 0.0487232 0.122556
0 0.894532 0.540834 0.02966 0.119009
0 0.87798 0.44988 0.0412455 0.100945
0 0.909914 0.539822 0.0239109 0.118721
0 0.876757 0.410054 0.040613 0.0924484
0 0.936256 0.628189 0.0205042 0.15856
0 0.754681 0.5135 0.0393427 0.13473
0 0.806203 0.481267 0.0491436 0.111596
0 0.646225 0.396849 0.0570912 0.0984111
0 0.810912 0.428103 0.0405125 0.0956385
0 0.63407 0.301397 0.0484364 0.0828427
0 0.868915 0.707799 0.0575109 0.150298
0 0.965118 0.640505 0.0333062 0.120496
0 0.642373 0.249513 0.0370908 0.105094
0 0.00518502 0.664685 0.01037 0.117863
0 0.00956056 0.742794 0.0190803 0.121331
0 0.874837 0.423913 0.0407558 0.122802
0 0.789013 0.564414 0.0556946 0.181722
0 0.0698661 0.679914 0.0337561 0.153698
0 0.643748 0.27651 0.0370638 0.0923961
0 0.0542787 0.239156 0.0292763 0.148786
0 0.891316 0.557404 0.0293352 0.0897825
0 0.633656 0.391979 0.0331589 0.0943939
0 0.879052 0.626657 0.0447428 0.0716529
0 0.0144431 0.68361 0.0202594 0.0823995
0 0.879616 0.644024 0.0405956 0.0807182
