0 0.520064 0.541105 0.0617741 0.187071
0 0.467909 0.386083 0.0349109 0.203561
0 0.538702 0.331923 0.062363 0.167042
0 0.643449 0.537997 0.0510714 0.159286
0 0.504294 0.231878 0.0301846 0.168284
0 0.82608 0.403844 0.0337046 0.120315
0 0.544944 0.221694 0.0294865 0.110351
0 0.658883 0.482146 0.0539683 0.154601
0 0.882913 0.446245 0.0280559 0.0876135
0 0.572297 0.157474 0.0382746 0.121903
0 0.858317 0.462489 0.0274538 0.0878159
0 0.533013 0.178833 0.0434068 0.117404
0 0.835734 0.584356 0.0315508 0.167649
0 0.806959 0.477206 0.0518623 0.0991346
0 0.62523 0.263546 0.0415022 0.0883116
0 0.636446 0.391876 0.0468705 0.102857
0 0.607102 0.363139 0.0485664 0.131104
0 0.641675 0.299919 0.0445993 0.0776167
0 0.887607 0.516508 0.0250557 0.103708
0 0.805753 0.411913 0.0385004 0.080331
0 0.746792 0.507456 0.0504658 0.135247
0 0.86499 0.545549 0.034219 0.102059
0 0.939363 0.548364 0.0162794 0.124986
0 0.910554 0.54738 0.0241552 0.112551
0 0.748935 0.432054 0.0434598 0.0858861
0 0.87431 0.699454 0.060014 0.145873
0 0.878666 0.585724 0.0458462 0.0732656
0 0.880524 0.638072 0.0518081 0.0818778
0 0.0544348 0.247993 0.029389 0.155972
0 0.0691404 0.663557 0.0361003 0.189355
0 0.0725169 0.614881 0.0365384 0.168436
0 0.928387 0.538606 0.0193587 0.132786
0 0.00457648 0.652024 0.00915296 0.116798
0 0.934242 0.544357 0.0270134 0.13038
0 0.0366745 0.314683 0.0279306 0.136167
0 0.0097589 0.741263 0.0194794 0.124739
0 0.596684 0.362212 0.0283561 0.129722
0 0.0828165 0.521044 0.0304685 0.169771
0 0.936715 0.48231 0.0164875 0.166774
