0 0.51948 0.541034 0.0612713 0.183586
0 0.467839 0.391444 0.0351378 0.208755
0 0.497015 0.211587 0.0270971 0.16021
0 0.8361 0.582527 0.0302833 0.1801
0 0.544951 0.215063 0.029901 0.0996312
0 0.641133 0.540532 0.058222 0.16567
0 0.657286 0.304306 0.0408121 0.108227
0 0.818724 0.387827 0.0307373 0.112997
0 0.861285 0.501021 0.0253902 0.113284
0 0.934171 0.626067 0.0229879 0.159464
0 0.662507 0.492844 0.0531227 0.16445
0 0.882057 0.439674 0.0285523 0.0772779
0 0.584126 0.200444 0.0348498 0.136356
0 0.607194 0.364314 0.0468396 0.132507
0 0.748816 0.506471 0.0517044 0.127085
0 0.532873 0.169438 0.0408808 0.103219
0 0.809398 0.484911 0.0551781 0.109353
0 0.630584 0.263753 0.0376711 0.105853
0 0.889772 0.487788 0.03197 0.0752255
0 0.544567 0.31869 0.0643879 0.134943
0 0.876773 0.58814 0.0540545 0.0951896
0 0.642875 0.397725 0.056973 0.106706
0 0.938796 0.550615 0.022307 0.0884005
0 0.884919 0.641293 0.0477629 0.0842111
0 0.807668 0.409994 0.0425148 0.082431
0 0.753608 0.439474 0.0490912 0.0999813
0 0.967377 0.646975 0.0312924 0.119398
0 0.889553 0.549693 0.0333428 0.100573
0 0.899204 0.555126 0.0413891 0.116892
0 0.549564 0.170819 0.0380611 0.101406
0 0.55537 0.17044 0.0265147 0.0992395
0 0.00513103 0.663604 0.010252 0.120062
0 0.0540025 0.24995 0.0294961 0.154514
0 0.906764 0.552817 0.0300061 0.132094
0 0.910558 0.559014 0.0221436 0.128321
0 0.00958814 0.741521 0.019149 0.121615
0 0.034188 0.31302 0.0317835 0.123198
0 0.875499 0.714809 0.0578537 0.161433
0 0.0735973 0.616711 0.0358011 0.166722
0 0.813701 0.405015 0.0371208 0.0901308
0 0.0690116 0.672722 0.0348326 0.168224
0 0.633496 0.395671 0.041119 0.107752
0 0.012919 0.675324 0.0195157 0.0948325
0 0.0293558 0.342131 0.0289234 0.0728474
