0 0.467699 0.393721 0.0346979 0.21448
0 0.519803 0.540813 0.0607235 0.184691
0 0.643114 0.539224 0.0529709 0.162588
0 0.836986 0.584579 0.0305746 0.18621
0 0.545064 0.217891 0.0297975 0.104218
0 0.496875 0.22245 0.0262552 0.163734
0 0.820497 0.39584 0.0349308 0.122987
0 0.882569 0.44083 0.0282399 0.08103
0 0.656846 0.302782 0.0393672 0.104033
0 0.86109 0.481584 0.0292471 0.079577
0 0.573461 0.168386 0.0383976 0.122375
0 0.531768 0.177919 0.0435024 0.115243
0 0.62906 0.26358 0.0384365 0.103721
0 0.607412 0.360729 0.0481532 0.125635
0 0.656988 0.479015 0.0565261 0.152695
0 0.807621 0.480068 0.0521954 0.102929
0 0.937608 0.552631 0.020303 0.110677
0 0.539637 0.325741 0.0663924 0.153027
0 0.639205 0.394027 0.0504254 0.100201
0 0.746786 0.507891 0.0516411 0.135311
0 0.887692 0.491952 0.0258085 0.0811944
0 0.907669 0.559867 0.0330101 0.153998
0 0.926553 0.651546 0.0285157 0.109024
0 0.883582 0.637674 0.0496574 0.0839122
0 0.748295 0.433649 0.0395834 0.0892695
0 0.871426 0.556975 0.0419687 0.117645
0 0.807161 0.414237 0.0421885 0.0813818
0 0.0318851 0.32562 0.0323372 0.110937
0 0.890411 0.586472 0.0300797 0.0767884
0 0.953175 0.636723 0.0214024 0.0919045
0 0.00502761 0.66348 0.0100536 0.120774
0 0.0528994 0.240277 0.0300806 0.133535
0 0.00962627 0.740061 0.0191911 0.125279
0 0.0838372 0.530094 0.0291538 0.147767
0 0.757988 0.442328 0.0398531 0.0882801
0 0.92497 0.513128 0.018766 0.0887433
0 0.881788 0.53088 0.0242363 0.060893
0 0.0687621 0.67008 0.0368463 0.168841
0 0.0738093 0.618113 0.0351967 0.16356
0 0.884512 0.526873 0.0206615 0.052604
