0 0.467699 0.393304 0.0347555 0.213655
0 0.519343 0.541116 0.0616953 0.183973
0 0.498926 0.230509 0.0274791 0.178486
0 0.642742 0.538386 0.0536423 0.160274
0 0.837028 0.583247 0.0309365 0.182502
0 0.820709 0.396568 0.0339611 0.124847
0 0.54467 0.218937 0.0298773 0.106734
0 0.607202 0.360179 0.04789 0.126268
0 0.882657 0.441697 0.0283478 0.0827728
0 0.656351 0.302423 0.040032 0.102074
0 0.573271 0.166706 0.0393585 0.123128
0 0.861429 0.477981 0.0270706 0.077069
0 0.53182 0.179804 0.042358 0.120508
0 0.629382 0.263661 0.0378746 0.104042
0 0.656632 0.480703 0.0570313 0.154876
0 0.80729 0.479978 0.0519162 0.103522
0 0.638294 0.395032 0.0495949 0.103101
0 0.937083 0.556408 0.0210667 0.120482
0 0.539048 0.323282 0.0631418 0.151763
0 0.870008 0.553715 0.0401539 0.11478
0 0.906458 0.559906 0.0349659 0.15613
0 0.886906 0.493791 0.0246068 0.0844859
0 0.745259 0.507524 0.0519479 0.135793
0 0.807526 0.41402 0.0423336 0.0823393
0 0.883615 0.637592 0.0493981 0.0838332
0 0.749363 0.433838 0.0407793 0.0898626
0 0.922921 0.675454 0.0325494 0.129962
0 0.887444 0.586339 0.035638 0.0762651
0 0.0318856 0.325612 0.0323389 0.110952
0 0.00502773 0.663479 0.0100539 0.120776
0 0.0529035 0.240283 0.0300873 0.133579
0 0.00962624 0.74006 0.019191 0.125281
0 0.952705 0.642609 0.024181 0.104139
0 0.755475 0.440513 0.0445763 0.0895442
0 0.0838403 0.530081 0.0291482 0.147802
0 0.0738079 0.618114 0.0351969 0.163571
0 0.0687625 0.670068 0.0368468 0.168864
