0 0.519949 0.54088 0.061001 0.184115
0 0.4676 0.388971 0.0357933 0.203918
0 0.643102 0.541835 0.0526317 0.166956
0 0.53872 0.320226 0.0629777 0.154963
0 0.836464 0.582245 0.0305721 0.181647
0 0.545242 0.214061 0.0290167 0.0973005
0 0.66058 0.479461 0.0492188 0.149326
0 0.933744 0.63331 0.0233637 0.15675
0 0.860863 0.501168 0.0255879 0.115033
0 0.657583 0.303936 0.0408568 0.108352
0 0.818072 0.389043 0.0327187 0.114461
0 0.882027 0.438638 0.028398 0.0754006
0 0.496616 0.205559 0.0267019 0.1487
0 0.640121 0.396408 0.0548008 0.10348
0 0.607096 0.363477 0.047315 0.130927
0 0.808549 0.483204 0.0543751 0.109482
0 0.628756 0.263895 0.0412862 0.107958
0 0.531653 0.170938 0.0424224 0.105685
0 0.748789 0.506809 0.0515194 0.134074
0 0.93738 0.543676 0.023436 0.0805975
0 0.886444 0.638786 0.0441284 0.0855015
0 0.889311 0.490087 0.0310993 0.0779649
0 0.579275 0.186485 0.0359323 0.134773
0 0.878582 0.586024 0.0535034 0.0903202
0 0.808209 0.410518 0.0414588 0.0815867
0 0.752806 0.434738 0.0485828 0.0933758
0 0.911706 0.560606 0.0224974 0.127566
0 0.974967 0.917264 0.032756 0.165473
0 0.00508618 0.665445 0.0101622 0.120959
0 0.905512 0.530314 0.0332388 0.0751087
0 0.889695 0.545389 0.0341643 0.0854828
0 0.00958852 0.741774 0.0191588 0.121426
0 0.05383 0.249825 0.0293166 0.15143
0 0.873786 0.716762 0.0594837 0.166047
0 0.0737918 0.616893 0.035427 0.166538
0 0.904968 0.549695 0.0349871 0.0954978
0 0.0344956 0.31329 0.0309927 0.122966
0 0.0129823 0.67425 0.0197938 0.0975705
0 0.0690216 0.674406 0.0345874 0.165533
0 0.885549 0.580783 0.039101 0.0704184
0 0.965029 0.655418 0.0315549 0.116593
