0 0.520158 0.542095 0.061559 0.184767
0 0.465642 0.385556 0.033783 0.214741
0 0.50461 0.245336 0.0333452 0.164064
0 0.539177 0.332428 0.0634003 0.16464
0 0.640646 0.530885 0.0458094 0.164797
0 0.82677 0.414999 0.0338146 0.141353
0 0.659818 0.490006 0.0519471 0.170015
0 0.865907 0.5449 0.0349938 0.102898
0 0.544864 0.221142 0.0294577 0.10778
0 0.839341 0.584807 0.0278565 0.17513
0 0.806408 0.486704 0.0512762 0.120672
0 0.879607 0.452151 0.0354053 0.0990215
0 0.569789 0.157487 0.0355707 0.121813
0 0.638164 0.392898 0.0495102 0.101167
0 0.607003 0.360268 0.0487827 0.122989
0 0.533748 0.178756 0.0442138 0.114932
0 0.859866 0.41762 0.0323784 0.109657
0 0.893357 0.537585 0.0280906 0.121659
0 0.640665 0.298481 0.0427815 0.0810861
0 0.909177 0.541546 0.0247417 0.127895
0 0.871153 0.702518 0.0592608 0.155731
0 0.750172 0.507582 0.052692 0.126018
0 0.752519 0.432875 0.0487185 0.0849586
0 0.808598 0.415882 0.0387314 0.0803204
0 0.93518 0.520033 0.0250059 0.0789175
0 0.627228 0.267439 0.0398687 0.0987619
0 0.936069 0.623461 0.0183786 0.126189
0 0.00485638 0.662876 0.00971276 0.116138
0 0.00959887 0.742697 0.0191401 0.121088
0 0.879044 0.628382 0.0476009 0.0721247
0 0.637564 0.237974 0.0231127 0.0606847
0 0.658683 0.384652 0.0305412 0.0976173
0 0.652087 0.383412 0.0442137 0.0983675
0 0.627765 0.249137 0.0399099 0.0674383
0 0.054166 0.239877 0.0290386 0.150458
0 0.0698926 0.67928 0.0337281 0.154451
0 0.961475 0.640625 0.0356928 0.116224
0 0.883527 0.585151 0.0387306 0.0725698
0 0.898883 0.55388 0.0201794 0.153172
0 0.0151135 0.68397 0.0209206 0.0817299
0 0.87222 0.643651 0.0564388 0.0677976
