0 0.467235 0.39161 0.0352569 0.209272
0 0.519571 0.540688 0.0609396 0.182975
0 0.643018 0.540019 0.0539053 0.164145
0 0.837027 0.581508 0.0314392 0.176964
0 0.545017 0.214786 0.0293259 0.098953
0 0.933779 0.631488 0.0230046 0.155451
0 0.661082 0.483771 0.0497952 0.153668
0 0.861368 0.499211 0.0257988 0.110358
0 0.817967 0.389116 0.0321659 0.114802
0 0.657179 0.303943 0.0415672 0.10752
0 0.60734 0.361967 0.0466003 0.127216
0 0.496477 0.206038 0.0259654 0.149597
0 0.881993 0.437728 0.028516 0.0736178
0 0.64084 0.397961 0.0552655 0.10209
0 0.530827 0.169728 0.040521 0.102208
0 0.748765 0.504173 0.0511368 0.130458
0 0.542942 0.321019 0.0637984 0.147003
0 0.584653 0.193945 0.0361934 0.126538
0 0.809109 0.487404 0.0548716 0.115495
0 0.628914 0.264044 0.0411129 0.105618
0 0.88961 0.489004 0.0314431 0.0760537
0 0.885573 0.639772 0.045532 0.0857054
0 0.93753 0.547597 0.0243322 0.0850511
0 0.807309 0.410737 0.0428215 0.0826459
0 0.878967 0.589144 0.0527418 0.0854236
0 0.752296 0.435081 0.0485088 0.0928491
0 0.890005 0.552623 0.0344364 0.101603
0 0.903328 0.556463 0.0361708 0.129038
0 0.897048 0.556607 0.0462422 0.118965
0 0.498742 0.22886 0.0286089 0.115738
0 0.974998 0.917418 0.0328262 0.165163
0 0.00512919 0.6651 0.0102523 0.120234
0 0.557098 0.171905 0.0255493 0.100908
0 0.753126 0.452705 0.0498268 0.116432
0 0.0542373 0.241025 0.0299047 0.154373
0 0.909357 0.55605 0.026318 0.135567
0 0.928643 0.410777 0.0182272 0.143968
0 0.0737804 0.617341 0.0355479 0.16652
0 0.00960542 0.742106 0.0191935 0.121191
0 0.0126448 0.672487 0.0199644 0.0984866
0 0.0690664 0.674756 0.0345153 0.164635
0 0.028731 0.343834 0.0278723 0.0722109
0 0.034259 0.312279 0.0312476 0.120852
0 0.813568 0.405853 0.037834 0.09053
