0 0.520346 0.541394 0.0611171 0.185461
0 0.467118 0.383732 0.0344183 0.20544
0 0.53932 0.333552 0.0623787 0.168689
0 0.504476 0.245394 0.0332227 0.16475
0 0.640593 0.535463 0.0461105 0.166765
0 0.826045 0.412303 0.0333968 0.140028
0 0.658917 0.488251 0.0540297 0.165937
0 0.544983 0.220883 0.0294622 0.108013
0 0.865414 0.5446 0.0356419 0.102918
0 0.635737 0.393042 0.0429007 0.102207
0 0.838723 0.587018 0.0294849 0.170687
0 0.85859 0.430471 0.0312296 0.118826
0 0.807084 0.483117 0.0516102 0.113499
0 0.571115 0.158243 0.0361427 0.120534
0 0.534311 0.179202 0.0454202 0.116588
0 0.878069 0.451036 0.0382107 0.0971189
0 0.606711 0.360173 0.049134 0.122973
0 0.891792 0.533394 0.0289396 0.121283
0 0.749494 0.503057 0.0491989 0.126435
0 0.909431 0.540949 0.0243426 0.125301
0 0.639802 0.299182 0.0461901 0.0795229
0 0.807358 0.413335 0.0385224 0.0787333
0 0.869952 0.704406 0.0581375 0.150086
0 0.747664 0.431633 0.0393495 0.0845445
0 0.935229 0.538805 0.024831 0.117397
0 0.879454 0.629292 0.0475369 0.0755389
0 0.933999 0.615118 0.0208256 0.147786
0 0.660151 0.379375 0.0247473 0.0991432
0 0.00492571 0.662907 0.00985143 0.115625
0 0.00954999 0.742186 0.0190445 0.121476
0 0.633497 0.242151 0.0285652 0.0647113
0 0.654393 0.383419 0.0368559 0.101545
0 0.629628 0.255057 0.0335294 0.0737379
0 0.0698227 0.679578 0.0335762 0.154187
0 0.884414 0.581172 0.0371323 0.0654923
0 0.0542409 0.238466 0.0292207 0.147332
0 0.755017 0.438828 0.0502927 0.0831503
0 0.0146781 0.683169 0.0199814 0.0806408
0 0.0841998 0.526597 0.0280326 0.156155
0 0.881429 0.638002 0.0408673 0.0713508
