0 0.519799 0.541244 0.0624571 0.186868
0 0.467912 0.385886 0.0348566 0.203121
0 0.538749 0.332025 0.0623356 0.164896
0 0.504368 0.233223 0.0304112 0.169107
0 0.64354 0.537665 0.0509227 0.158692
0 0.826006 0.4033 0.0335339 0.11888
0 0.544908 0.221686 0.0295044 0.11
0 0.572311 0.157074 0.0382229 0.121502
0 0.658778 0.482084 0.0542605 0.154436
0 0.88294 0.446565 0.0279873 0.0878996
0 0.858115 0.461936 0.0278694 0.0889328
0 0.532907 0.177919 0.0432812 0.115546
0 0.836644 0.585886 0.0297939 0.168812
0 0.806923 0.47702 0.0517609 0.0989804
0 0.636247 0.391853 0.0465668 0.102046
0 0.625269 0.263392 0.0415135 0.0877322
0 0.607127 0.363089 0.04846 0.131048
0 0.641693 0.30018 0.0443962 0.0778078
0 0.887519 0.516521 0.0250649 0.103546
0 0.805883 0.412034 0.0386116 0.0803995
0 0.747011 0.507692 0.0507454 0.135425
0 0.865131 0.544779 0.033387 0.100394
0 0.910603 0.54826 0.0242069 0.113763
0 0.748858 0.432019 0.0435154 0.0861934
0 0.939776 0.547121 0.0155085 0.125334
0 0.878034 0.585364 0.0470074 0.0721939
0 0.874268 0.701065 0.0597637 0.144514
0 0.879253 0.639411 0.0543835 0.084059
0 0.054415 0.248015 0.0294319 0.15486
0 0.0690981 0.66398 0.0360793 0.188557
0 0.0726617 0.614554 0.0363801 0.168986
0 0.929424 0.538956 0.0202484 0.134624
0 0.0365618 0.314832 0.0281072 0.135379
0 0.00461155 0.651588 0.00922309 0.116168
0 0.596518 0.362126 0.0278885 0.129614
0 0.00974882 0.740806 0.0194588 0.12519
0 0.0827292 0.520583 0.030575 0.170512
0 0.933929 0.541922 0.0271822 0.127504
0 0.936468 0.488754 0.0160259 0.180125
