0 0.519129 0.543099 0.0641005 0.18466
0 0.465191 0.385014 0.0341732 0.215142
0 0.504679 0.244739 0.0330544 0.161405
0 0.640491 0.529107 0.0450064 0.165043
0 0.539792 0.329424 0.0634565 0.160141
0 0.827641 0.4156 0.0346245 0.142055
0 0.660913 0.489468 0.0500584 0.170001
0 0.806019 0.488815 0.0497536 0.127725
0 0.544619 0.220695 0.0292521 0.109833
0 0.865753 0.545196 0.0341102 0.105022
0 0.633774 0.30127 0.0467743 0.0839723
0 0.606801 0.360618 0.0487612 0.121551
0 0.87806 0.450263 0.0393486 0.101728
0 0.869443 0.415059 0.0319378 0.10217
0 0.935376 0.522757 0.0246075 0.0873195
0 0.840077 0.577637 0.0256996 0.174573
0 0.531786 0.177734 0.0406889 0.1134
0 0.894134 0.54252 0.0296581 0.124116
0 0.74757 0.435957 0.037909 0.0909997
0 0.568692 0.154822 0.0342585 0.119854
0 0.909868 0.540126 0.024066 0.120229
0 0.755748 0.514018 0.0493379 0.134433
0 0.936205 0.631209 0.0213363 0.170191
0 0.64252 0.394948 0.0521761 0.0959209
0 0.810236 0.421117 0.0392536 0.0847981
0 0.869276 0.706025 0.0577673 0.149667
0 0.96518 0.641032 0.0329396 0.122596
0 0.630343 0.238363 0.0334857 0.0563739
0 0.00496475 0.663015 0.00992427 0.115407
0 0.00953096 0.74272 0.0190063 0.121412
0 0.634335 0.231952 0.029365 0.0579202
0 0.0699105 0.680409 0.0336494 0.153
0 0.0543077 0.239257 0.0289429 0.150372
0 0.765036 0.437419 0.0325972 0.0706387
0 0.814896 0.427188 0.0358918 0.0944024
0 0.0142458 0.682006 0.0201024 0.0830108
0 0.0844116 0.528931 0.0277924 0.151462
