0 0.519103 0.541824 0.0630309 0.185965
0 0.463259 0.388567 0.0350809 0.21191
0 0.545267 0.214807 0.02923 0.0996915
0 0.836232 0.579744 0.0301714 0.174447
0 0.641612 0.534987 0.0575614 0.155808
0 0.496159 0.211174 0.0258666 0.160363
0 0.745007 0.50783 0.0529145 0.133881
0 0.656388 0.30889 0.0433892 0.119527
0 0.818551 0.383733 0.0305803 0.10697
0 0.662905 0.488778 0.0555933 0.149195
0 0.633284 0.399901 0.0489981 0.109885
0 0.861263 0.502937 0.0258097 0.116614
0 0.585799 0.199901 0.0333168 0.132476
0 0.881971 0.439999 0.0292267 0.0799763
0 0.932682 0.617127 0.0215573 0.15448
0 0.606886 0.358476 0.044981 0.120805
0 0.631187 0.263186 0.0370625 0.107929
0 0.80862 0.484153 0.0540161 0.110233
0 0.546104 0.320668 0.0649057 0.146068
0 0.533286 0.171391 0.0391062 0.0992277
0 0.881485 0.642136 0.0561691 0.0842694
0 0.89221 0.486945 0.0350025 0.0775272
0 0.939742 0.557233 0.0216399 0.10402
0 0.807971 0.407798 0.042777 0.0792859
0 0.877744 0.589424 0.0568878 0.0850369
0 0.754208 0.443582 0.0487392 0.108337
0 0.890953 0.546525 0.0418546 0.0989902
0 0.556778 0.175183 0.0298958 0.103732
0 0.968605 0.64556 0.0303624 0.117779
0 0.0344157 0.313454 0.0324694 0.123426
0 0.910721 0.560153 0.0227367 0.136599
0 0.890589 0.643923 0.0394407 0.0919118
0 0.900874 0.550587 0.03541 0.109385
0 0.874104 0.713483 0.0606514 0.162896
0 0.00506622 0.661762 0.0101324 0.125546
0 0.0545319 0.251169 0.0289782 0.151655
0 0.073271 0.616591 0.0356807 0.164484
0 0.0693936 0.677923 0.0346258 0.15554
0 0.930589 0.410437 0.019282 0.12119
0 0.950485 0.40491 0.0189701 0.112504
0 0.0206394 0.404052 0.0256758 0.0920425
