0 0.519989 0.541247 0.0621735 0.186679
0 0.46792 0.386284 0.0348696 0.204033
0 0.538665 0.33205 0.0621591 0.16559
0 0.504433 0.23408 0.0305546 0.169464
0 0.643641 0.537464 0.0506949 0.158524
0 0.825935 0.402959 0.0334335 0.118039
0 0.544905 0.221988 0.029505 0.110737
0 0.572306 0.157055 0.0382042 0.121619
0 0.883049 0.446282 0.0277809 0.087583
0 0.658814 0.482041 0.0541649 0.153577
0 0.858139 0.461512 0.028059 0.0907576
0 0.837195 0.587202 0.0292397 0.169248
0 0.532946 0.177899 0.0431011 0.1153
0 0.806944 0.47605 0.0516376 0.0970178
0 0.636222 0.391449 0.0464304 0.102576
0 0.625249 0.263526 0.0414557 0.0877671
0 0.607169 0.363145 0.048447 0.131144
0 0.641623 0.299994 0.0444281 0.0775307
0 0.805938 0.412035 0.0385636 0.0803676
0 0.887374 0.516325 0.025119 0.103074
0 0.747013 0.507811 0.050756 0.135498
0 0.865091 0.545421 0.0329251 0.0999265
0 0.91077 0.545993 0.024556 0.111334
0 0.939742 0.54503 0.0155933 0.119842
0 0.749609 0.43309 0.0449978 0.0882909
0 0.878047 0.585341 0.0469925 0.0718739
0 0.874442 0.701191 0.0583843 0.143702
0 0.879712 0.645474 0.0535492 0.0967945
0 0.0544354 0.248294 0.0293046 0.154798
0 0.0691099 0.664025 0.0360164 0.188692
0 0.0726687 0.614618 0.036359 0.168726
0 0.928507 0.541068 0.0179821 0.133374
0 0.00459184 0.651283 0.00918368 0.116984
0 0.036596 0.314798 0.0280575 0.135572
0 0.596533 0.362175 0.0278147 0.129746
0 0.0827204 0.520698 0.0305583 0.170233
0 0.0097553 0.740875 0.0194733 0.124961
0 0.936366 0.482438 0.0159025 0.167549
0 0.93316 0.542057 0.0262827 0.125446
