0 0.467878 0.385928 0.0351175 0.197902
0 0.520058 0.540758 0.0613399 0.18496
0 0.643598 0.542161 0.0515601 0.166134
0 0.836626 0.583292 0.0308395 0.183998
0 0.54521 0.215287 0.0291504 0.100309
0 0.659777 0.480622 0.0499174 0.152996
0 0.639104 0.395179 0.0529173 0.102965
0 0.860923 0.499442 0.0259381 0.113206
0 0.933261 0.634357 0.0235804 0.160719
0 0.538327 0.318272 0.0639679 0.149051
0 0.882073 0.438824 0.0286293 0.0765379
0 0.817933 0.388138 0.0332388 0.111897
0 0.606514 0.362485 0.0466674 0.129564
0 0.628892 0.265384 0.0386003 0.107755
0 0.657138 0.304166 0.0410274 0.108204
0 0.496349 0.203213 0.0258584 0.146091
0 0.80844 0.482215 0.0542632 0.107351
0 0.531808 0.1705 0.0426041 0.103484
0 0.577983 0.181942 0.035606 0.132953
0 0.748382 0.50926 0.0519176 0.139347
0 0.888699 0.487016 0.0294064 0.0723105
0 0.937171 0.541863 0.0230776 0.0808863
0 0.884668 0.640757 0.0478161 0.0868548
0 0.878961 0.586391 0.0542919 0.0886215
0 0.912044 0.556749 0.022932 0.143595
0 0.807492 0.410306 0.0422001 0.0801255
0 0.752325 0.433788 0.0494396 0.0928237
0 0.889461 0.547156 0.0341801 0.0871652
0 0.499203 0.24719 0.0279634 0.0964016
0 0.912227 0.532297 0.0227341 0.0944059
0 0.00595107 0.669306 0.0118966 0.124734
0 0.069823 0.67784 0.033739 0.156964
0 0.964945 0.655894 0.0325531 0.118289
0 0.936524 0.460094 0.0164047 0.12168
0 0.0541382 0.237062 0.0291513 0.147895
0 0.0130036 0.675288 0.0201286 0.0982612
0 0.0352629 0.314703 0.0311549 0.126743
0 0.0736831 0.618565 0.0350794 0.163626
0 0.813785 0.405685 0.0387766 0.0901539
0 0.974858 0.917328 0.0334058 0.165345
0 0.874686 0.71399 0.0577095 0.161387
