0 0.5199 0.540759 0.0622301 0.187067
0 0.467879 0.387181 0.0349039 0.205951
0 0.538412 0.332303 0.0630468 0.166272
0 0.643702 0.537809 0.0509905 0.158502
0 0.503669 0.231737 0.0299351 0.171363
0 0.54481 0.220674 0.0293893 0.109956
0 0.826065 0.405279 0.0333685 0.123212
0 0.572337 0.157535 0.038401 0.122869
0 0.658828 0.48179 0.0537378 0.154282
0 0.882956 0.446944 0.0280075 0.0891033
0 0.85837 0.465975 0.0278999 0.0862009
0 0.533314 0.179201 0.0432527 0.119651
0 0.807171 0.47584 0.0522043 0.094869
0 0.638706 0.390314 0.0503645 0.103316
0 0.625239 0.263853 0.0414925 0.0890475
0 0.887965 0.517558 0.0254353 0.106171
0 0.607177 0.362795 0.0486984 0.130673
0 0.641669 0.299576 0.0448015 0.0777911
0 0.865584 0.545888 0.0352537 0.100496
0 0.91065 0.54622 0.0238323 0.11474
0 0.805893 0.412263 0.0395962 0.0782111
0 0.746965 0.509276 0.0510252 0.138237
0 0.938728 0.548367 0.017528 0.12628
0 0.838364 0.58264 0.0272354 0.16592
0 0.748525 0.431719 0.0430971 0.0849383
0 0.879055 0.626166 0.0474605 0.0595441
0 0.935549 0.544895 0.0245583 0.130414
0 0.925902 0.534771 0.0175896 0.142741
0 0.879061 0.586077 0.0447817 0.0754396
0 0.0544352 0.248005 0.0294001 0.156256
0 0.0691316 0.663619 0.0360914 0.189152
0 0.875501 0.705533 0.0593605 0.142185
0 0.0725423 0.614792 0.0365021 0.168226
0 0.00457349 0.651967 0.00914698 0.116865
0 0.0366549 0.31486 0.0279645 0.136519
0 0.596642 0.362029 0.0282441 0.129591
0 0.877759 0.615708 0.0482994 0.0545991
0 0.0097608 0.741246 0.0194843 0.124759
0 0.0828116 0.521128 0.0304886 0.169602
0 0.937515 0.500647 0.0171139 0.203718
