0 0.518525 0.543027 0.0656776 0.188348
0 0.465491 0.376734 0.0340157 0.1975
0 0.648186 0.277119 0.0351301 0.149661
0 0.660829 0.487629 0.0507294 0.171012
0 0.638626 0.525395 0.0472342 0.157168
0 0.827802 0.409642 0.0342886 0.133486
0 0.500823 0.273555 0.0278343 0.170379
0 0.544304 0.220497 0.0289208 0.109452
0 0.865975 0.548795 0.0338684 0.111042
0 0.540895 0.325353 0.0662007 0.152567
0 0.530668 0.179286 0.0394031 0.115105
0 0.809251 0.478919 0.0460254 0.10427
0 0.877186 0.451988 0.0413036 0.103181
0 0.568464 0.155637 0.0384491 0.127001
0 0.840875 0.583438 0.0248409 0.175287
0 0.608351 0.362038 0.0509111 0.126108
0 0.649957 0.395479 0.0565314 0.0968308
0 0.935785 0.523236 0.0233664 0.0922327
0 0.625269 0.302097 0.045889 0.0780882
0 0.89541 0.545305 0.0291905 0.124514
0 0.752283 0.441667 0.0432259 0.104548
0 0.909816 0.540589 0.0243859 0.120755
0 0.934439 0.642227 0.0213952 0.181627
0 0.890955 0.391839 0.0315374 0.056784
0 0.809755 0.425696 0.0422507 0.0876406
0 0.763435 0.513303 0.0403204 0.136255
0 0.869655 0.706267 0.0568493 0.14525
0 0.964613 0.640824 0.0322941 0.116694
0 0.892006 0.400769 0.0340248 0.0691861
0 0.00470067 0.661873 0.00938954 0.118113
0 0.00968358 0.743659 0.0193003 0.123658
0 0.0691464 0.661538 0.0362885 0.185946
0 0.0547119 0.233425 0.0292611 0.158876
0 0.0722379 0.619144 0.0363996 0.16607
0 0.0839393 0.529014 0.0287879 0.154824
0 0.562553 0.173091 0.0299854 0.110338
