0 0.518828 0.542874 0.0646607 0.185616
0 0.465338 0.384259 0.034127 0.214243
0 0.504758 0.247982 0.032251 0.163589
0 0.640155 0.530115 0.0455511 0.165283
0 0.661124 0.489581 0.0501538 0.17154
0 0.540212 0.329541 0.0634402 0.162728
0 0.827643 0.414369 0.0341461 0.139452
0 0.865896 0.545892 0.033944 0.105187
0 0.544576 0.220512 0.0291681 0.109685
0 0.806047 0.484288 0.0491921 0.119109
0 0.531152 0.178103 0.0395386 0.114052
0 0.840277 0.575499 0.0251694 0.178705
0 0.935728 0.52285 0.0241081 0.0875242
0 0.877637 0.449554 0.0398874 0.101803
0 0.56778 0.156744 0.0359689 0.122894
0 0.632985 0.300348 0.0465533 0.0840552
0 0.747446 0.436899 0.0381991 0.0944798
0 0.606734 0.361038 0.0486891 0.121789
0 0.894386 0.541842 0.0295396 0.122092
0 0.874073 0.410412 0.0364719 0.0923352
0 0.909841 0.540855 0.0239559 0.121339
0 0.936568 0.62882 0.0207556 0.163042
0 0.646583 0.397783 0.0584635 0.0988874
0 0.754996 0.508069 0.0426785 0.125464
0 0.811103 0.424526 0.0394732 0.0908369
0 0.639232 0.256082 0.0352766 0.123498
0 0.965218 0.64074 0.033057 0.121054
0 0.868795 0.707809 0.0578448 0.148435
0 0.00518495 0.664684 0.0103699 0.117863
0 0.00956065 0.742794 0.0190805 0.121332
0 0.635556 0.394524 0.0377601 0.0948595
0 0.0698645 0.679915 0.0337602 0.153702
0 0.0542752 0.239144 0.0292766 0.148759
0 0.0144435 0.683607 0.0202595 0.082401
0 0.87364 0.428828 0.0377926 0.126051
0 0.769125 0.442625 0.0235778 0.0768365
