0 0.519807 0.542283 0.0621787 0.185055
0 0.465454 0.385441 0.034017 0.214597
0 0.504644 0.245143 0.0334213 0.163655
0 0.539175 0.332224 0.0634879 0.164065
0 0.640408 0.530422 0.0456101 0.164447
0 0.8268 0.415345 0.0337322 0.141945
0 0.65972 0.490144 0.0520527 0.170407
0 0.865884 0.544948 0.0349296 0.103068
0 0.544889 0.221223 0.0295858 0.108019
0 0.839323 0.584223 0.0279499 0.175069
0 0.806431 0.487829 0.051206 0.123316
0 0.879608 0.452003 0.0356 0.0994843
0 0.569844 0.157336 0.0357338 0.121582
0 0.533729 0.17884 0.0441385 0.115179
0 0.606991 0.360334 0.048734 0.122699
0 0.639697 0.39288 0.0523752 0.100856
0 0.860331 0.426647 0.0340225 0.128051
0 0.8933 0.538966 0.0285404 0.122545
0 0.640629 0.298398 0.0425779 0.0810069
0 0.750727 0.509352 0.0539658 0.129349
0 0.909214 0.540256 0.0246227 0.124712
0 0.871122 0.701648 0.0595011 0.156155
0 0.751854 0.433099 0.0476374 0.0853572
0 0.808908 0.416942 0.0391281 0.0823041
0 0.93518 0.519937 0.0251218 0.0783715
0 0.62637 0.268143 0.0383027 0.0975211
0 0.936366 0.614612 0.019162 0.137311
0 0.00489349 0.662804 0.00978698 0.116217
0 0.879275 0.6279 0.0472706 0.0707531
0 0.00959079 0.742793 0.0191257 0.120998
0 0.646424 0.384744 0.0550503 0.0982389
0 0.638321 0.237667 0.021811 0.06019
0 0.0541844 0.240088 0.0290214 0.151053
0 0.0698797 0.67923 0.0337554 0.154556
0 0.883784 0.585991 0.0382508 0.0740079
0 0.898175 0.552386 0.0209865 0.148715
0 0.96221 0.641153 0.0363575 0.117667
0 0.654496 0.385631 0.0381188 0.0989923
0 0.0149404 0.684169 0.0206198 0.0811647
0 0.871944 0.643971 0.0570202 0.067012
