0 0.467097 0.3918 0.0353445 0.210003
0 0.519231 0.540789 0.0613709 0.183735
0 0.642192 0.539015 0.0556901 0.162748
0 0.545056 0.215435 0.0292446 0.0996288
0 0.836229 0.580429 0.0312317 0.175059
0 0.933836 0.629498 0.0225182 0.155689
0 0.661658 0.49009 0.0505434 0.164186
0 0.607479 0.362532 0.0467816 0.128648
0 0.543108 0.320272 0.0640492 0.142053
0 0.818553 0.386234 0.0310711 0.109526
0 0.496654 0.207032 0.0262625 0.152923
0 0.861101 0.501058 0.0255075 0.11334
0 0.656835 0.303925 0.0420492 0.107432
0 0.584452 0.199685 0.0367419 0.13634
0 0.882082 0.438179 0.028376 0.0743026
0 0.641259 0.39818 0.0545847 0.101994
0 0.530964 0.169957 0.0402441 0.102681
0 0.80922 0.48525 0.0548157 0.110183
0 0.749108 0.503227 0.0506715 0.128538
0 0.629644 0.264314 0.0403543 0.104791
0 0.889723 0.488762 0.0319146 0.0756626
0 0.885537 0.64004 0.0457851 0.0849787
0 0.938308 0.549676 0.0231205 0.0878336
0 0.878561 0.586808 0.0541084 0.090673
0 0.80701 0.411749 0.0431114 0.084168
0 0.751816 0.434597 0.0471567 0.0901994
0 0.889307 0.552146 0.0336296 0.100857
0 0.905346 0.557072 0.0322987 0.133831
0 0.899514 0.557272 0.0426559 0.118094
0 0.00521311 0.664896 0.0104262 0.121007
0 0.0541908 0.242659 0.0297174 0.156521
0 0.55463 0.171121 0.0254361 0.101027
0 0.928897 0.411258 0.0180157 0.144365
0 0.0738013 0.617196 0.0353675 0.166092
0 0.874587 0.714166 0.0580971 0.159527
0 0.0690947 0.675031 0.0345416 0.16438
0 0.00958583 0.742243 0.0191601 0.1211
0 0.0346786 0.312907 0.0311854 0.122596
0 0.0121731 0.671091 0.0200323 0.102441
