0 0.518689 0.543427 0.065169 0.187603
0 0.465441 0.377237 0.034243 0.198938
0 0.638825 0.52405 0.0469032 0.15557
0 0.647404 0.263419 0.0373176 0.134698
0 0.660863 0.487555 0.050549 0.169381
0 0.827659 0.410872 0.034726 0.134622
0 0.544442 0.219883 0.0287269 0.108412
0 0.865908 0.548903 0.0336073 0.11107
0 0.608138 0.361815 0.0504606 0.125732
0 0.568381 0.15587 0.0380445 0.125036
0 0.531184 0.177506 0.0393919 0.11233
0 0.505375 0.245869 0.0272997 0.135485
0 0.841062 0.581727 0.0243991 0.17625
0 0.934904 0.524514 0.0250229 0.0922695
0 0.877535 0.45205 0.0412086 0.100964
0 0.89518 0.544008 0.0294377 0.122547
0 0.807658 0.483762 0.0466463 0.116073
0 0.90967 0.542725 0.0244507 0.124735
0 0.934924 0.637618 0.021325 0.174969
0 0.648456 0.396355 0.0577912 0.0965028
0 0.75087 0.44036 0.0461139 0.104654
0 0.881307 0.400475 0.0367878 0.0771741
0 0.629845 0.300266 0.0471538 0.0769348
0 0.809641 0.425079 0.0409738 0.0860653
0 0.759125 0.515966 0.0373142 0.139752
0 0.539902 0.323682 0.066765 0.147556
0 0.964342 0.64092 0.0324642 0.11625
0 0.00470098 0.661868 0.00939018 0.118106
0 0.00968342 0.743656 0.0192999 0.123656
0 0.069145 0.661545 0.0362853 0.185932
0 0.868703 0.705741 0.0581303 0.144111
0 0.0547079 0.233409 0.0292504 0.158862
0 0.0722418 0.619139 0.0363931 0.166026
0 0.562133 0.173243 0.0290358 0.108427
0 0.0839425 0.529049 0.0287757 0.154753
