0 0.519875 0.541531 0.0625586 0.186969
0 0.468272 0.384169 0.0351751 0.199528
0 0.538404 0.33206 0.0629026 0.165635
0 0.504155 0.238775 0.0323034 0.168158
0 0.64381 0.537436 0.0496068 0.16037
0 0.825741 0.406654 0.033165 0.125144
0 0.544994 0.221471 0.0291052 0.109771
0 0.572079 0.157097 0.0381815 0.120626
0 0.65861 0.48308 0.0546568 0.154565
0 0.837326 0.582584 0.0308346 0.15839
0 0.882338 0.449432 0.0292961 0.0939781
0 0.857505 0.454076 0.0242595 0.0955998
0 0.532795 0.178842 0.0431086 0.116595
0 0.806523 0.476607 0.0515495 0.0985246
0 0.635947 0.392646 0.0451513 0.102792
0 0.863665 0.543136 0.0345802 0.102092
0 0.606776 0.362361 0.0489345 0.129351
0 0.888543 0.518469 0.0231502 0.108334
0 0.640618 0.29977 0.0448366 0.0774536
0 0.624581 0.264563 0.0420179 0.0871933
0 0.806227 0.411601 0.0390324 0.0795047
0 0.747659 0.505458 0.0516962 0.131563
0 0.875037 0.628473 0.0508381 0.0829371
0 0.910521 0.544711 0.0236715 0.110335
0 0.750741 0.435254 0.0479353 0.0931314
0 0.869958 0.697644 0.0608423 0.137047
0 0.936848 0.549628 0.020784 0.127012
0 0.885721 0.586395 0.0315807 0.0727905
0 0.0544878 0.248163 0.0295237 0.151914
0 0.0691841 0.663627 0.0360482 0.189518
0 0.0725722 0.613457 0.036622 0.170737
0 0.0362914 0.312359 0.0281412 0.130265
0 0.876535 0.595251 0.0496613 0.0743721
0 0.00456884 0.650861 0.00913768 0.115858
0 0.082596 0.52149 0.0304917 0.168515
0 0.628906 0.254284 0.0359417 0.0858986
0 0.594081 0.361352 0.0244156 0.128487
0 0.00974621 0.740042 0.0194616 0.126153
0 0.0789144 0.57231 0.0313515 0.186481
