0 0.519916 0.541027 0.0621398 0.187184
0 0.467881 0.386519 0.0349491 0.203904
0 0.538639 0.332015 0.0625683 0.167278
0 0.503894 0.231849 0.0302626 0.171316
0 0.643604 0.538076 0.0508791 0.159209
0 0.544732 0.221302 0.0295017 0.109977
0 0.825962 0.403514 0.0332055 0.119198
0 0.658856 0.481702 0.0540031 0.153946
0 0.572304 0.157919 0.0384235 0.123539
0 0.882911 0.446806 0.0280828 0.0887219
0 0.858169 0.464201 0.0281139 0.0861711
0 0.533406 0.178706 0.0434763 0.118477
0 0.836218 0.58291 0.0306358 0.167314
0 0.608617 0.363517 0.0510321 0.132091
0 0.625219 0.263765 0.0415357 0.0893746
0 0.638354 0.390947 0.0488031 0.102372
0 0.641736 0.299455 0.0447653 0.0778905
0 0.807075 0.475449 0.0519668 0.0949842
0 0.887797 0.517151 0.0255547 0.105237
0 0.865582 0.546201 0.0351303 0.102222
0 0.910692 0.546721 0.0239406 0.114284
0 0.806041 0.412435 0.0398354 0.0783406
0 0.938421 0.547369 0.0181101 0.122897
0 0.746838 0.509423 0.0507635 0.138435
0 0.74842 0.431825 0.0430342 0.0852345
0 0.935157 0.544831 0.0254248 0.126381
0 0.87803 0.586889 0.046678 0.0768966
0 0.926643 0.535234 0.0170925 0.138665
0 0.876481 0.62869 0.048946 0.0654876
0 0.0544378 0.247911 0.0294018 0.155925
0 0.877286 0.603321 0.0491264 0.0778132
0 0.0691315 0.663614 0.0360888 0.189159
0 0.875981 0.701305 0.0600151 0.143752
0 0.0725355 0.614813 0.0365095 0.168188
0 0.00456078 0.652013 0.00912157 0.11678
0 0.0366719 0.314734 0.0279222 0.136219
0 0.00975939 0.741227 0.0194814 0.124778
0 0.0828143 0.521076 0.0304681 0.169698
0 0.596594 0.362323 0.0280766 0.130148
0 0.937491 0.499498 0.0171604 0.201352
