0 0.518822 0.542869 0.0646784 0.185592
0 0.465334 0.384252 0.0341339 0.214197
0 0.504752 0.247938 0.0322636 0.163509
0 0.640147 0.530088 0.0455679 0.165206
0 0.661132 0.489605 0.0501495 0.171599
0 0.540171 0.32949 0.0634568 0.162533
0 0.827639 0.414374 0.0341522 0.139454
0 0.865894 0.545865 0.0339416 0.10516
0 0.544579 0.220515 0.0291666 0.109694
0 0.806047 0.484316 0.049197 0.119171
0 0.531148 0.178113 0.0395363 0.114047
0 0.840274 0.575435 0.025177 0.178618
0 0.935727 0.522837 0.02411 0.0875037
0 0.877639 0.449563 0.0399109 0.101775
0 0.567773 0.156799 0.0359586 0.122991
0 0.632982 0.300352 0.0465565 0.0840398
0 0.747423 0.436907 0.0381588 0.0945202
0 0.606719 0.361025 0.0487183 0.121787
0 0.894384 0.541831 0.0295307 0.122078
0 0.87412 0.410228 0.0365051 0.0919827
0 0.909842 0.540878 0.0239532 0.121405
0 0.936568 0.628854 0.0207558 0.163086
0 0.646542 0.397757 0.0584515 0.098929
0 0.755005 0.508081 0.0427496 0.125496
0 0.811135 0.424674 0.0394442 0.0910878
0 0.639278 0.256243 0.0352732 0.12378
0 0.96522 0.640756 0.0330571 0.12108
0 0.868786 0.707723 0.0578327 0.148189
0 0.00518543 0.664684 0.0103709 0.117855
0 0.00956042 0.742793 0.01908 0.121333
0 0.63561 0.394512 0.0379066 0.0948278
0 0.0698659 0.679917 0.0337558 0.153689
0 0.0542765 0.239224 0.0292796 0.148912
0 0.0144454 0.683618 0.0202601 0.0823883
0 0.873662 0.428861 0.0378252 0.12601
0 0.769178 0.442705 0.023497 0.0767331
