0 0.520386 0.541209 0.0611528 0.18853
0 0.46897 0.384779 0.0359741 0.20153
0 0.503796 0.243911 0.0330896 0.163663
0 0.642667 0.536199 0.0482409 0.161096
0 0.53893 0.334888 0.0629309 0.166579
0 0.544975 0.221443 0.029287 0.109121
0 0.659083 0.485452 0.0542068 0.159587
0 0.825573 0.414277 0.0335918 0.14365
0 0.571873 0.157053 0.0379335 0.120193
0 0.856817 0.438968 0.0246189 0.116277
0 0.838843 0.586934 0.0291639 0.167833
0 0.532949 0.181721 0.0434616 0.122044
0 0.879391 0.45075 0.0349068 0.0974375
0 0.806621 0.483115 0.050753 0.113041
0 0.63635 0.392481 0.0456116 0.102828
0 0.864564 0.545919 0.0364538 0.105557
0 0.806179 0.412441 0.0397323 0.078938
0 0.889338 0.523914 0.0263634 0.117451
0 0.606706 0.362625 0.0499732 0.130841
0 0.639838 0.299932 0.0456988 0.0791393
0 0.749604 0.507584 0.0512525 0.134593
0 0.909887 0.547924 0.0239014 0.12861
0 0.87098 0.701511 0.0580025 0.150988
0 0.751483 0.434986 0.04972 0.0921762
0 0.935667 0.545603 0.0228626 0.128639
0 0.8782 0.62699 0.0484817 0.0779123
0 0.62871 0.246497 0.0359531 0.0600525
0 0.0543527 0.248709 0.0293762 0.151847
0 0.633453 0.242887 0.0286343 0.0653789
0 0.0692182 0.663317 0.0358816 0.190111
0 0.0726458 0.614896 0.0363536 0.168113
0 0.0363264 0.312912 0.0280802 0.131022
0 0.00459939 0.65124 0.00919878 0.116373
0 0.880674 0.583529 0.0434437 0.0705937
0 0.622222 0.261551 0.0417419 0.0788949
0 0.0826959 0.520255 0.0303226 0.170237
0 0.00976041 0.740224 0.0194914 0.126028
0 0.823548 0.400802 0.0403256 0.122348
