0 0.519481 0.540672 0.0614745 0.184272
0 0.467846 0.388934 0.0347543 0.205475
0 0.500152 0.231588 0.0270635 0.178553
0 0.539024 0.327677 0.0622698 0.15383
0 0.82512 0.406643 0.0343086 0.134906
0 0.643563 0.538424 0.0519593 0.159912
0 0.836791 0.580618 0.031971 0.175804
0 0.544767 0.219585 0.0298863 0.10726
0 0.572896 0.161529 0.0396673 0.126116
0 0.860806 0.474237 0.0277498 0.0807931
0 0.882306 0.442461 0.0283136 0.0831481
0 0.651258 0.300045 0.0396045 0.0839195
0 0.80745 0.478694 0.0520113 0.100145
0 0.656831 0.481301 0.056514 0.154127
0 0.628443 0.261554 0.0387459 0.102771
0 0.608388 0.359829 0.0500883 0.125853
0 0.532909 0.178943 0.0435299 0.117404
0 0.638818 0.392741 0.0495096 0.0991884
0 0.90719 0.554468 0.0318039 0.1406
0 0.918189 0.702663 0.03074 0.145472
0 0.885142 0.494302 0.0215149 0.0912319
0 0.868517 0.542828 0.0387072 0.0974946
0 0.745307 0.507628 0.0524502 0.135067
0 0.935392 0.560506 0.0221531 0.132615
0 0.885274 0.633908 0.0459311 0.0762596
0 0.806247 0.412173 0.0405783 0.0799376
0 0.748496 0.431055 0.0381883 0.0847804
0 0.880851 0.588236 0.0442459 0.0741631
0 0.975202 0.9184 0.0322169 0.163201
0 0.0320294 0.325569 0.032697 0.112024
0 0.00502825 0.663807 0.0100565 0.120993
0 0.949926 0.643705 0.0293902 0.112362
0 0.0529321 0.240667 0.0303373 0.134093
0 0.00964456 0.739787 0.0192221 0.125597
0 0.083847 0.530243 0.0291479 0.147712
0 0.0687608 0.670496 0.0368736 0.167982
0 0.0738109 0.617827 0.0352194 0.164332
