0 0.520541 0.541001 0.0597534 0.183885
0 0.467911 0.392554 0.0347872 0.21218
0 0.643853 0.54162 0.0507014 0.167206
0 0.836629 0.581838 0.0300153 0.181812
0 0.544787 0.218772 0.0300549 0.106859
0 0.497041 0.218577 0.0268826 0.173598
0 0.659391 0.481612 0.0509821 0.154639
0 0.819231 0.390403 0.0333012 0.116861
0 0.862027 0.494365 0.0271494 0.102899
0 0.656912 0.303259 0.0394194 0.106632
0 0.88258 0.440046 0.0281702 0.0786902
0 0.530423 0.173502 0.0417614 0.109426
0 0.62878 0.264496 0.0384947 0.105094
0 0.639486 0.394829 0.0520264 0.103037
0 0.573757 0.172716 0.0368755 0.124476
0 0.931616 0.638392 0.0277527 0.126105
0 0.540484 0.327366 0.0637597 0.144434
0 0.808806 0.480337 0.0554163 0.103207
0 0.606171 0.361125 0.047 0.126029
0 0.887409 0.489188 0.0255172 0.0761409
0 0.747781 0.505067 0.0524788 0.133023
0 0.884783 0.63991 0.0469013 0.0851597
0 0.937056 0.544291 0.0214401 0.0927923
0 0.908042 0.547584 0.0308733 0.126995
0 0.8781 0.58243 0.0529398 0.0994227
0 0.80672 0.413099 0.043119 0.0830361
0 0.751357 0.435284 0.0472128 0.0933699
0 0.882561 0.539625 0.0407017 0.0651632
0 0.00584875 0.670579 0.0116975 0.12788
0 0.0352577 0.315613 0.031286 0.129861
0 0.815837 0.403216 0.0390719 0.101903
0 0.0544111 0.237348 0.0289435 0.148093
0 0.936278 0.46177 0.0184299 0.126571
0 0.0697737 0.676862 0.0337979 0.157867
0 0.960641 0.646774 0.024286 0.100545
0 0.877652 0.562272 0.0485596 0.101982
0 0.0137112 0.677563 0.0199699 0.0939418
0 0.966727 0.647835 0.0255958 0.0980786
