0 0.519359 0.540814 0.061598 0.184731
0 0.467696 0.393036 0.0347695 0.211792
0 0.500094 0.230788 0.0271937 0.178125
0 0.642917 0.539637 0.0531526 0.161502
0 0.823083 0.403356 0.0348984 0.132593
0 0.837108 0.583833 0.031327 0.183773
0 0.544745 0.218744 0.030056 0.105952
0 0.539057 0.326136 0.0628438 0.152037
0 0.653272 0.30131 0.0431997 0.0914232
0 0.628895 0.262182 0.0380075 0.0979076
0 0.860848 0.475472 0.0285589 0.0778219
0 0.572912 0.163804 0.0400727 0.124332
0 0.607963 0.359817 0.049065 0.126872
0 0.882254 0.441624 0.0287227 0.0826413
0 0.532602 0.179782 0.0426591 0.11943
0 0.80723 0.480212 0.0513962 0.103478
0 0.656862 0.48132 0.0565886 0.154794
0 0.639053 0.394391 0.0500111 0.099683
0 0.936298 0.560949 0.0213947 0.131277
0 0.88587 0.49025 0.0227825 0.0850367
0 0.906699 0.552529 0.0333004 0.140874
0 0.745696 0.50551 0.0518873 0.131572
0 0.807326 0.41238 0.0408958 0.0800357
0 0.868629 0.551886 0.0393845 0.115551
0 0.919734 0.699493 0.0321766 0.15472
0 0.748778 0.433409 0.0391008 0.0897298
0 0.884827 0.63566 0.0466868 0.0784411
0 0.031886 0.325607 0.0323399 0.110963
0 0.883182 0.587622 0.0416763 0.0758723
0 0.00502766 0.663481 0.0100537 0.120778
0 0.951324 0.64432 0.0281433 0.111551
0 0.0529028 0.240278 0.0300862 0.133575
0 0.00962625 0.74006 0.0191911 0.125282
0 0.0838383 0.530081 0.0291508 0.147793
0 0.0738081 0.618117 0.0351972 0.163579
0 0.0687623 0.670068 0.0368468 0.168869
0 0.756747 0.440301 0.0419355 0.0870976
