0 0.519386 0.542466 0.063131 0.185386
0 0.465256 0.385442 0.034372 0.214574
0 0.504648 0.245134 0.0334897 0.163331
0 0.640378 0.528328 0.045221 0.16392
0 0.539224 0.329743 0.0633846 0.160351
0 0.826992 0.41622 0.033806 0.14304
0 0.544902 0.221957 0.0292324 0.110659
0 0.86609 0.54579 0.0343323 0.104296
0 0.660243 0.490322 0.0518793 0.170965
0 0.839242 0.583493 0.028072 0.178288
0 0.806178 0.488785 0.0504719 0.127311
0 0.60696 0.360515 0.0489722 0.123779
0 0.532052 0.177317 0.0407742 0.112086
0 0.87924 0.452746 0.0361187 0.101912
0 0.569533 0.155761 0.0351973 0.117778
0 0.752326 0.514326 0.0555246 0.137399
0 0.863521 0.421577 0.0348063 0.123204
0 0.893797 0.541607 0.0296019 0.125124
0 0.934785 0.520906 0.0255938 0.0808992
0 0.64142 0.393702 0.0564246 0.0981458
0 0.748013 0.432442 0.0387727 0.0850237
0 0.909352 0.539381 0.0243797 0.122101
0 0.639138 0.297766 0.0409931 0.083365
0 0.809087 0.417442 0.039776 0.0820566
0 0.871113 0.703705 0.0582791 0.149392
0 0.936399 0.627484 0.0208084 0.170112
0 0.625467 0.27575 0.0358036 0.106901
0 0.640373 0.232503 0.020185 0.0544564
0 0.964659 0.642856 0.0337173 0.122896
0 0.00490103 0.662394 0.00979558 0.115558
0 0.00952864 0.742753 0.0190001 0.121078
0 0.87994 0.627342 0.0464938 0.0674693
0 0.0543663 0.238873 0.0290566 0.148627
0 0.0698955 0.680394 0.0337275 0.153189
0 0.0142272 0.682415 0.0202337 0.0824561
0 0.0843834 0.528666 0.0278244 0.151623
