0 0.520271 0.540675 0.0606844 0.18485
0 0.467888 0.388072 0.0346762 0.204359
0 0.500351 0.232961 0.0268541 0.180229
0 0.826272 0.406178 0.0344974 0.134048
0 0.538264 0.327571 0.0610222 0.157991
0 0.643699 0.539161 0.0516382 0.160544
0 0.544836 0.220748 0.0295141 0.108954
0 0.836693 0.581075 0.0320595 0.173429
0 0.882592 0.445856 0.0280815 0.0887067
0 0.572544 0.159888 0.0391079 0.12444
0 0.533453 0.180003 0.0450643 0.118188
0 0.85915 0.473288 0.0297228 0.082092
0 0.628482 0.260714 0.0370733 0.0999516
0 0.807566 0.477623 0.0522753 0.0992938
0 0.656586 0.48128 0.0568825 0.153997
0 0.909386 0.552334 0.0269001 0.138144
0 0.867664 0.542976 0.0380871 0.0966708
0 0.60757 0.35936 0.0493011 0.124588
0 0.916814 0.704563 0.0292992 0.142355
0 0.885906 0.504836 0.0209975 0.094433
0 0.936347 0.556529 0.0213074 0.127259
0 0.7454 0.507994 0.0523472 0.135894
0 0.638905 0.392768 0.0491077 0.102128
0 0.645634 0.297053 0.042461 0.0802666
0 0.884744 0.633715 0.0455957 0.0769793
0 0.80631 0.411852 0.0398918 0.0826916
0 0.747723 0.430027 0.0372634 0.0825694
0 0.880091 0.584866 0.0423511 0.0693706
0 0.0312951 0.332036 0.031545 0.101798
0 0.975178 0.918232 0.0320415 0.163537
0 0.874673 0.701146 0.0576042 0.133818
0 0.00508822 0.663634 0.0101764 0.11931
0 0.0528899 0.242865 0.0298268 0.134375
0 0.00959169 0.739107 0.0191245 0.126676
0 0.083732 0.529689 0.0293409 0.148368
0 0.0332832 0.316467 0.0333268 0.127514
0 0.068824 0.66918 0.0367304 0.171321
0 0.0737734 0.618468 0.0352206 0.1635
0 0.019038 0.408269 0.0308303 0.09397
0 0.0513035 0.400484 0.0193179 0.15308
