0 0.518848 0.543033 0.0649421 0.188001
0 0.465459 0.37897 0.0340075 0.20184
0 0.649875 0.279118 0.0323018 0.149096
0 0.498902 0.278902 0.0270262 0.170773
0 0.660792 0.486945 0.0510838 0.170708
0 0.827838 0.410462 0.0344234 0.135146
0 0.638956 0.524828 0.0464671 0.156418
0 0.540354 0.326148 0.0665362 0.154672
0 0.544279 0.22132 0.0287743 0.111116
0 0.86607 0.549433 0.0340626 0.112202
0 0.530178 0.178799 0.0389804 0.113563
0 0.877258 0.452091 0.0408821 0.103115
0 0.568506 0.155988 0.0386372 0.126421
0 0.623614 0.301122 0.0449307 0.0794119
0 0.608273 0.361338 0.0506063 0.1257
0 0.810285 0.478708 0.0458039 0.099833
0 0.840986 0.581049 0.02439 0.176621
0 0.934896 0.52278 0.0251346 0.0935683
0 0.895604 0.545311 0.0291714 0.124082
0 0.767801 0.513754 0.0378408 0.142825
0 0.651512 0.394702 0.0563775 0.0961464
0 0.934125 0.643246 0.0218861 0.182552
0 0.909798 0.539526 0.0243645 0.121572
0 0.893112 0.391169 0.0295412 0.0563007
0 0.752891 0.44403 0.0438302 0.107055
0 0.810189 0.423155 0.0417633 0.0861952
0 0.869635 0.70699 0.0569916 0.143091
0 0.964507 0.641275 0.0325381 0.116619
0 0.00969951 0.743511 0.0193307 0.123948
0 0.00469916 0.662035 0.00938599 0.118698
0 0.0691458 0.661807 0.0362582 0.18521
0 0.0546702 0.233407 0.029277 0.158918
0 0.761477 0.440888 0.0385516 0.093988
0 0.0725266 0.618372 0.0360677 0.164766
0 0.561722 0.174714 0.0283881 0.109626
0 0.0840667 0.529322 0.028468 0.153798
0 0.895208 0.429047 0.0332918 0.117701
