0 0.519501 0.540914 0.062107 0.184419
0 0.467902 0.387578 0.034709 0.202917
0 0.500228 0.233237 0.0267115 0.181789
0 0.539361 0.328352 0.0615648 0.155606
0 0.825311 0.405658 0.0342716 0.132925
0 0.6438 0.538187 0.0514935 0.159731
0 0.544771 0.219928 0.0297127 0.107628
0 0.836824 0.579733 0.031846 0.172166
0 0.572825 0.160747 0.0397843 0.125014
0 0.882382 0.44389 0.0282345 0.0849005
0 0.859182 0.473576 0.0300335 0.0816922
0 0.628372 0.262803 0.0376345 0.103943
0 0.649916 0.299103 0.0391571 0.0825255
0 0.656922 0.481217 0.056209 0.153956
0 0.533123 0.178715 0.0443075 0.116495
0 0.807432 0.478279 0.051947 0.099439
0 0.638915 0.392582 0.0495775 0.100576
0 0.907867 0.55441 0.0300434 0.141071
0 0.885066 0.500086 0.0206482 0.0970324
0 0.917898 0.703847 0.0297848 0.144824
0 0.60741 0.359732 0.0482848 0.12533
0 0.868084 0.54392 0.0388019 0.09862
0 0.745375 0.507808 0.0523036 0.135369
0 0.935639 0.559458 0.0222553 0.13225
0 0.885168 0.633565 0.0456972 0.0761389
0 0.806153 0.411686 0.0397064 0.0821534
0 0.747887 0.430289 0.0375269 0.0830256
0 0.881003 0.587969 0.0417003 0.0718633
0 0.0308487 0.333641 0.0310054 0.0986228
0 0.975147 0.918338 0.031968 0.163325
0 0.052865 0.243322 0.0298393 0.13414
0 0.00512836 0.663838 0.0102567 0.119758
0 0.00959662 0.739203 0.019137 0.126091
0 0.0836817 0.529467 0.0294271 0.149385
0 0.949023 0.642954 0.0295982 0.110573
0 0.0738534 0.618382 0.0350995 0.163209
0 0.881844 0.59993 0.0437422 0.0651402
0 0.0687927 0.66991 0.0367913 0.169962
0 0.875301 0.701335 0.0570162 0.133793
0 0.0332433 0.316227 0.0332155 0.127606
