0 0.519849 0.541454 0.06271 0.187118
0 0.468493 0.384331 0.0353716 0.199611
0 0.538653 0.333266 0.0629287 0.166103
0 0.50408 0.239047 0.0327232 0.167039
0 0.643719 0.537158 0.0494347 0.159689
0 0.825688 0.406868 0.0331623 0.125557
0 0.544927 0.221247 0.0294664 0.109081
0 0.572078 0.157514 0.0382761 0.120777
0 0.881446 0.450055 0.0309185 0.094668
0 0.658666 0.483139 0.054623 0.154331
0 0.837486 0.583125 0.0305 0.158766
0 0.532684 0.179308 0.0431716 0.117242
0 0.857262 0.452504 0.0233418 0.0978372
0 0.806597 0.477587 0.0515286 0.100744
0 0.863526 0.543762 0.0349533 0.102783
0 0.636111 0.392761 0.045181 0.102527
0 0.640492 0.299927 0.0445873 0.0780102
0 0.888486 0.518472 0.0233826 0.10878
0 0.806261 0.411513 0.0390335 0.0794137
0 0.60656 0.362067 0.0488586 0.129276
0 0.624076 0.264617 0.0427838 0.0864656
0 0.747941 0.505693 0.0517563 0.132159
0 0.910519 0.544728 0.0237538 0.111295
0 0.875145 0.629669 0.0503916 0.0852814
0 0.751386 0.435627 0.0492307 0.0938798
0 0.936739 0.54953 0.0208942 0.127341
0 0.869923 0.698335 0.0604348 0.137433
0 0.0544792 0.24823 0.0295049 0.151878
0 0.885805 0.585207 0.0312727 0.0699911
0 0.0692205 0.663732 0.0359581 0.189219
0 0.0725768 0.613806 0.0366032 0.170222
0 0.0362876 0.312233 0.0281279 0.130021
0 0.00457684 0.650879 0.00915368 0.115843
0 0.593757 0.360946 0.0240245 0.12824
0 0.629381 0.253332 0.0351267 0.0840291
0 0.082555 0.521457 0.0305593 0.168812
0 0.00974456 0.740047 0.0194579 0.126155
0 0.876091 0.601874 0.0502439 0.0687226
0 0.877968 0.589532 0.0462988 0.0767807
0 0.078929 0.572207 0.0312963 0.185874
