0 463.019584 360.883840 500.995776 288.397440 1
0 310.475136 407.402880 352.448384 289.477760 2
0 323.374432 254.520640 366.642848 161.398720 3
0 538.283456 484.805440 576.556864 412.358080 4
0 287.349952 309.266880 308.520768 179.684160 5
0 402.685312 355.847040 439.963008 261.644160 6
0 394.274464 380.134080 424.889696 288.774720 7
0 546.853312 417.003872 578.868288 375.350688 8
0 338.828064 174.131200 358.153696 106.711040 9
0 371.403264 265.929600 406.191616 191.839360 10
0 312.030432 180.847040 334.136608 105.870400 11
0 548.678560 385.371840 576.725600 350.594880 12
0 390.744320 221.933568 423.287040 168.219392 13
0 327.335680 134.374560 359.192320 78.982240 14
0 561.209408 378.290880 581.621952 307.670080 15
0 542.275168 281.406784 562.876832 232.989376 16
0 392.463008 285.717472 431.577952 223.260448 17
0 390.082112 188.147648 417.690048 133.739072 18
0 547.820128 316.271264 574.600352 257.785696 19
0 503.317824 288.788928 532.313536 241.717312 20
0 352.135776 131.541440 377.191584 67.178560 21
0 542.633568 357.316768 566.377632 317.413472 22
0 499.170784 349.938560 532.840736 274.739840 23
0 527.493792 432.081280 546.262368 320.270720 24
0 604.661312 429.418048 630.598848 373.938112 26
0 517.357600 307.293760 540.120800 222.210240 28
0 588.283456 282.722560 601.284544 215.475200 29
0 588.368448 357.669184 606.954432 308.458176 31
0 572.376448 375.047680 590.465152 307.572480 32
0 589.830272 435.029760 605.949568 344.188160 36
0 538.725600 433.595488 575.388960 392.860832 35
0 466.451552 297.836576 494.868128 256.856544 34
