0 479.488288 365.904640 504.090592 286.208000 1
0 298.303488 389.948480 348.193792 287.006400 2
0 323.598496 248.155840 369.696864 159.885120 3
0 520.500288 486.447040 566.717632 416.495680 4
0 287.373632 314.867200 309.916608 184.727040 5
0 401.336256 350.224960 438.042944 259.436480 6
0 394.569472 375.358400 424.420608 283.837760 7
0 549.072928 418.498048 579.584992 377.751552 8
0 338.837600 173.608640 358.323360 106.438720 9
0 377.820384 257.922560 413.142816 191.548160 10
0 440.688320 399.381120 479.731520 325.280640 11
0 547.775424 392.907360 579.683136 353.941920 12
0 363.669824 207.418688 403.839936 160.249792 13
0 334.878272 136.523296 374.173888 74.506464 14
0 573.030208 386.569504 594.105792 335.004896 15
0 578.627872 265.926304 596.188128 215.961696 16
0 406.694016 311.672320 444.409984 234.360320 17
0 462.222016 280.540480 493.930304 216.505280 18
0 549.867488 315.018208 574.828832 259.043872 19
0 344.355200 101.501728 372.449920 63.163872 21
0 542.813792 362.696064 566.778528 314.454656 22
0 502.963168 352.847680 536.533792 274.902720 23
0 520.171584 426.493440 547.238336 321.734400 24
0 612.664000 429.886784 631.211840 373.909696 26
0 518.880416 305.212160 541.846624 220.276480 28
0 569.953344 350.712704 593.105856 302.737536 32
0 541.522240 468.552000 576.154560 395.039680 35
0 466.219840 320.599680 495.131840 252.236160 34
0 504.662496 289.942592 534.103584 244.331968 20
0 577.099296 433.671520 604.341984 380.060320 45
0 593.143584 348.941664 607.001056 312.049056 29
0 594.385280 442.210560 614.407040 340.709120 42
