0 479.600512 366.406400 506.387328 285.465600 1
0 309.710816 406.477120 352.353824 289.970880 2
0 324.023968 235.444160 366.575712 158.754880 3
0 532.427232 484.957440 575.807008 412.917760 4
0 287.245504 307.367680 309.567296 180.276480 5
0 402.341280 348.732160 438.005600 258.533120 6
0 394.014080 379.688000 424.150400 288.059840 7
0 545.829376 422.387584 578.642944 375.455616 8
0 339.566752 170.943552 358.183008 107.034048 9
0 371.900160 265.458240 407.665920 192.043200 10
0 306.797632 270.762240 345.934528 172.817920 11
0 548.844736 388.123584 577.249344 351.231296 12
0 369.603520 213.591008 410.744640 163.645472 13
0 326.820992 141.246464 363.779968 79.030016 14
0 565.160352 405.193920 585.935968 316.027200 15
0 573.052032 270.282304 589.538688 225.808576 16
0 401.103360 293.637760 438.652160 225.290880 17
0 408.669184 226.873600 428.226816 143.555840 18
0 548.045472 317.611200 574.359648 258.912320 19
0 349.364928 122.651872 377.714752 64.029728 21
0 543.240160 359.731232 566.830880 318.319328 22
0 505.482592 349.603520 536.631968 275.704640 23
0 528.125280 421.891840 546.976160 323.486720 24
0 605.376768 429.874464 630.858752 374.678496 26
0 517.722656 301.563520 540.400864 219.948160 28
0 589.601248 279.908800 601.891872 206.927680 29
0 592.174912 362.557696 607.041728 302.482944 31
0 571.996544 362.888416 590.555776 309.185824 32
0 590.008832 447.535680 605.666048 358.187200 36
0 539.288704 432.386496 574.967936 392.956224 35
0 464.274432 323.068160 495.340288 257.372160 34
0 505.014304 289.899200 533.879776 245.120320 20
