0 461.029920 358.044800 497.821920 285.731200 1
0 310.850752 405.349760 352.714048 287.701120 2
0 323.360000 259.324480 365.583360 160.519360 3
0 536.603936 486.649600 575.384544 412.171520 4
0 288.701408 307.895360 311.347232 183.336640 5
0 401.118944 353.251200 439.939616 262.537600 6
0 395.850560 385.049280 427.581120 294.885440 7
0 544.821024 422.345248 578.341856 376.047072 8
0 339.127744 173.604160 358.153536 106.395840 9
0 371.148544 266.308160 406.711296 192.213440 10
0 311.972768 182.624000 333.056352 104.616960 11
0 548.927712 386.158912 577.133088 350.692288 12
0 392.724416 220.128064 424.659264 169.953216 13
0 326.900832 134.081760 358.992288 79.668000 14
0 558.877120 360.936032 578.157120 299.988128 15
0 539.578688 319.798080 555.869632 244.538560 16
0 391.584448 285.582112 428.080192 223.065568 17
0 383.969952 190.303328 416.009568 135.896992 18
0 549.748128 311.420640 574.484832 257.659680 19
0 502.607040 286.917216 531.938880 240.180384 20
0 353.450336 125.003744 378.582944 69.883936 21
0 541.261792 358.242656 565.651488 317.020064 22
0 498.550688 349.503040 533.427552 275.536320 23
0 526.883424 429.996800 546.351776 323.761920 24
0 601.002880 431.540544 630.747520 374.355136 26
0 516.787168 291.776320 539.202592 220.555200 28
0 587.717632 282.054400 601.591808 214.506240 29
0 588.273984 359.251808 606.722496 309.248672 31
0 574.770080 381.349440 590.777440 314.089920 32
0 588.310080 413.277440 604.041920 324.144640 36
0 540.107616 430.945888 574.245024 394.696352 35
0 465.329632 296.248960 493.935648 256.142720 34
