0 460.473504 355.753280 493.999456 285.028800 1
0 311.948576 405.932800 352.179424 288.140800 2
0 323.008000 244.086400 365.987840 159.985280 3
0 538.110048 492.580800 579.216032 406.255680 4
0 288.691520 314.913600 310.496960 184.259520 5
0 400.262944 351.354240 439.286496 260.936320 6
0 393.329504 384.463360 429.157536 295.713280 7
0 547.103840 430.388288 581.587360 381.255872 8
0 338.957568 172.636800 357.786112 106.920320 9
0 372.044832 266.472320 407.185888 191.921280 10
0 311.299360 179.871040 328.845280 92.020160 11
0 547.329536 390.866656 579.037184 349.272864 12
0 404.548512 222.711488 433.239648 163.532352 13
0 327.570368 133.459744 359.331392 78.367456 14
0 560.330368 327.371008 575.684992 288.170752 15
0 542.638912 325.365152 560.916928 282.453088 16
0 391.745056 289.247680 427.442144 222.925120 17
0 389.088064 198.598976 417.890496 136.182464 18
0 554.642528 296.300896 574.561952 257.364384 19
0 503.428032 287.921632 531.434048 240.342048 20
0 354.386016 144.002560 379.745184 72.414720 21
0 543.761536 366.710944 569.431424 320.270176 22
0 499.126464 342.410880 535.238976 276.329600 23
0 525.174848 435.980160 546.007232 321.920640 24
0 580.036096 459.706560 601.025024 396.057920 25
0 602.349152 427.921056 631.153568 377.175904 26
0 512.918304 292.752640 536.535776 215.488000 28
0 588.661632 281.612480 601.420928 215.451200 29
0 583.613152 337.880800 597.317408 292.254240 30
0 592.332960 393.448320 606.632800 317.820800 31
0 569.761568 383.025920 590.466272 309.784320 32
0 467.098464 332.847360 499.080096 255.870720 34
