0 479.248000 364.814080 505.590400 285.854720 1
0 308.292736 406.607360 352.197504 288.828160 2
0 323.767936 252.717440 367.521664 159.424640 3
0 520.337504 486.592000 566.154656 416.032000 4
0 287.754944 315.402880 310.240576 185.169280 5
0 401.757440 347.591040 438.164480 258.453120 6
0 394.309664 379.045120 424.237536 285.487360 7
0 548.681728 419.283936 580.111872 376.563744 8
0 336.983584 173.338560 358.256096 105.381440 9
0 378.239040 259.765120 412.689600 191.806080 10
0 434.334176 405.043840 475.811104 321.395840 11
0 547.840256 392.489216 579.701504 354.554624 12
0 363.578464 206.139424 404.248736 159.977696 13
0 335.418656 142.369920 374.488544 74.089600 14
0 571.637632 384.720640 592.448128 332.296960 15
0 578.865632 266.615360 596.234528 215.364800 16
0 405.796896 315.881280 442.314464 230.270400 17
0 427.230848 272.716160 472.547712 192.503680 18
0 548.128352 316.057824 575.098528 259.462176 19
0 349.070656 116.072128 377.006784 65.332032 21
0 542.551168 363.051776 565.880192 315.193344 22
0 504.529536 359.048320 536.147584 275.466880 23
0 521.801888 423.960000 549.486432 325.275200 24
0 605.738464 429.375936 630.517536 375.723584 26
0 518.840544 306.405120 540.961056 221.108480 28
0 592.687456 384.714912 607.221664 323.770208 31
0 571.441728 353.096576 594.433472 304.489344 32
0 541.952864 468.789440 576.334496 394.857280 35
0 463.947552 324.666240 494.736608 254.881920 34
0 503.928320 290.736288 533.991680 244.650592 20
0 576.809504 453.363520 604.071136 383.308480 45
0 591.686080 354.610944 609.229120 312.260096 29
