0 478.702112 368.488000 505.818848 285.225920 1
0 308.951808 406.213760 352.325632 287.774080 2
0 324.123456 258.282560 365.334464 159.033280 3
0 529.557056 483.498464 573.275584 419.926816 4
0 288.467520 309.733440 310.046400 181.835200 5
0 402.029920 351.690880 438.580640 259.376000 6
0 395.850656 371.558400 424.603744 286.425600 7
0 541.975008 418.160032 577.657632 375.616608 8
0 337.814144 173.957120 358.272896 106.401280 9
0 372.294848 266.313920 409.429312 192.155200 10
0 369.999904 410.449280 416.749536 287.777920 11
0 551.224608 391.165984 579.737312 352.685536 12
0 363.647872 209.976896 405.328768 159.831744 13
0 326.773152 142.646912 367.941728 79.122048 14
0 573.085056 387.275168 593.495424 333.631072 15
0 579.238944 261.374560 595.447776 215.035040 16
0 405.683776 311.219520 443.203264 229.908160 17
0 409.393536 228.087040 427.167104 145.445120 18
0 545.482176 315.722048 574.343744 258.818752 19
0 349.971424 125.592960 378.305056 64.759680 21
0 541.813216 363.322336 565.244704 313.107744 22
0 504.558080 353.630400 536.611840 275.181120 23
0 529.021600 435.070400 548.588640 321.691200 24
0 606.073888 428.053984 630.836192 375.055136 26
0 518.308896 304.537600 540.751584 220.911360 28
0 583.655872 289.821888 601.165888 242.980672 29
0 590.450240 372.983776 606.946240 310.616864 31
0 567.155744 348.899008 590.491616 310.688832 32
0 586.365120 457.890240 605.156160 371.885120 36
0 538.766816 440.552672 576.164384 394.598688 35
0 463.971584 322.863040 493.497856 256.123200 34
0 504.913056 289.757888 533.932384 245.631552 20
0 579.885152 296.531168 592.201888 255.495712 41
