0 479.717408 358.047360 504.344032 286.921600 1
0 297.205216 390.730240 347.639584 286.795520 2
0 323.512096 249.006720 369.545184 160.022400 3
0 522.496128 487.298240 566.548352 416.495680 4
0 287.392864 313.822720 309.988256 184.814080 5
0 401.066176 350.937280 437.975104 259.490880 6
0 395.156832 378.037440 424.303008 284.082240 7
0 549.684352 417.806208 579.489408 377.853312 8
0 339.051040 173.073920 358.365920 106.385920 9
0 377.888288 258.402240 412.920032 191.840320 10
0 442.478784 399.105600 482.689856 326.728640 11
0 548.502080 392.729920 579.943360 353.323200 12
0 363.711520 207.609344 403.863520 160.379136 13
0 335.063712 140.981760 374.586208 74.982400 14
0 573.402688 386.046304 594.012352 335.366816 15
0 578.312480 265.988768 596.032480 215.763552 16
0 406.594400 312.387200 444.512160 233.765760 17
0 463.693024 279.380480 496.546336 219.043840 18
0 549.858080 316.251904 574.749920 259.096576 19
0 344.415840 101.711520 372.650400 63.522400 21
0 542.868736 364.091424 566.138624 317.074656 22
0 502.887936 350.174080 536.193024 274.642560 23
0 520.606784 425.744640 545.870016 320.116480 24
0 612.500384 433.766112 631.123296 373.791008 26
0 518.837280 303.598400 542.245600 219.871680 28
0 570.288736 351.248160 593.338784 302.853600 32
0 542.000384 467.672640 575.906816 394.889920 35
0 466.103840 321.172800 495.231200 252.271040 34
0 505.101024 290.269120 534.715936 244.139840 20
0 576.996192 433.046176 604.651168 379.642464 45
0 592.764096 351.179808 607.091264 313.542112 29
0 594.813600 444.101120 614.420320 342.641920 42
