0 479.172352 365.341440 505.621248 286.828800 1
0 310.375232 406.700480 352.333248 287.999040 2
0 323.785184 252.814720 367.624736 159.437440 3
0 521.388928 486.514560 566.237312 416.269440 4
0 288.765312 314.244160 311.091328 185.622720 5
0 401.899072 347.799680 438.266048 258.211200 6
0 394.255424 377.459200 424.572096 285.349120 7
0 549.146816 418.602016 579.950144 376.224224 8
0 336.522336 173.726400 358.328224 105.418560 9
0 377.937280 262.161920 412.353920 191.857920 10
0 426.942016 406.039040 473.840064 325.570560 11
0 548.027648 391.197184 579.677952 354.520576 12
0 363.489312 206.135296 404.264928 160.240384 13
0 335.496992 141.265920 374.667488 74.051840 14
0 572.443648 383.875328 593.285632 332.914432 15
0 578.678752 266.630752 596.197408 215.322528 16
0 406.311456 313.748160 443.550944 231.037760 17
0 423.743680 255.532160 465.965120 182.198400 18
0 547.694976 316.215552 575.041664 259.730688 19
0 348.578560 117.651264 377.319680 65.363136 21
0 542.390592 363.672416 565.796288 314.680224 22
0 504.904544 359.442240 536.178336 275.247040 23
0 522.025824 421.986880 549.492896 325.101760 24
0 605.193408 429.192128 630.359872 375.319872 26
0 518.792064 305.684800 541.010816 220.923840 28
0 591.670144 382.368320 607.441536 316.852160 31
0 570.998336 353.236928 594.410944 305.808192 32
0 541.689120 467.389760 576.184800 394.581440 35
0 464.033472 325.397120 494.472768 255.754880 34
0 505.364544 291.259840 534.119616 245.204800 20
0 576.682144 455.519680 603.484256 383.059520 45
0 589.467552 356.036064 608.644448 309.851936 29
