0 460.543552 356.065280 495.050688 284.640000 1
0 312.340384 406.082560 352.161376 288.363520 2
0 322.961472 244.228800 366.213568 159.128640 3
0 538.163392 484.538240 578.941248 406.572160 4
0 288.489536 312.897600 310.848704 184.265920 5
0 403.434144 351.275840 439.394656 261.004480 6
0 394.481600 386.291840 428.690240 295.939200 7
0 545.475104 431.574976 582.161376 382.718784 8
0 339.209600 172.898880 358.125440 107.226560 9
0 371.563296 265.094080 407.920864 192.055360 10
0 309.547264 174.032640 328.647936 84.792320 11
0 545.916064 390.700640 579.241056 350.092960 12
0 407.600416 225.447456 433.515744 162.274784 13
0 327.792704 133.339520 360.074176 77.453440 14
0 559.581056 324.664768 576.768384 289.201472 15
0 543.502752 348.095232 560.627808 284.567808 16
0 390.952768 289.132160 428.242112 224.438400 17
0 388.943904 200.589120 418.148576 136.470720 18
0 554.721056 296.558976 574.660064 257.293184 19
0 503.864512 287.871808 532.107328 240.325312 20
0 356.075584 147.351360 379.678656 76.454080 21
0 553.132224 360.246144 578.313536 323.177856 22
0 498.993152 340.109824 536.590848 277.305856 23
0 525.638688 432.783360 545.819872 318.577920 24
0 589.033088 448.183040 605.715072 363.233280 25
0 605.464448 427.493760 631.605632 384.947840 26
0 511.166784 287.302080 536.300736 214.369600 28
0 589.213696 282.298560 601.416704 214.792000 29
0 583.959104 336.486432 596.888256 291.543008 30
0 593.384352 371.960480 606.684768 319.344480 31
0 570.805824 381.057280 590.721216 309.963520 32
0 466.227616 332.791040 498.649184 256.766720 34
