0 479.668352 364.658240 505.472128 286.068160 1
0 306.745504 406.930880 351.385696 289.465920 2
0 323.667200 248.713600 368.376320 159.419520 3
0 519.516480 486.661120 566.212800 415.800320 4
0 287.471168 314.596160 310.027712 185.074880 5
0 403.389088 348.067840 438.085472 258.211840 6
0 393.946272 379.634880 424.136288 285.911360 7
0 549.232416 419.927584 580.462304 376.716256 8
0 338.134976 173.194560 358.588224 105.327040 9
0 378.352672 259.757120 412.654048 191.848640 10
0 440.375136 402.423360 476.886944 320.685760 11
0 547.823168 393.330720 579.581632 354.625760 12
0 363.338368 206.142144 404.373632 160.279616 13
0 335.399328 131.950688 374.086752 73.947552 14
0 572.023232 386.446400 593.214528 332.589760 15
0 578.873440 266.208928 596.174240 215.544672 16
0 406.058112 307.483520 444.668288 230.876800 17
0 433.514048 282.096640 473.473472 199.772160 18
0 549.067488 315.515328 575.132192 259.519552 19
0 346.294464 103.801632 373.514816 64.451808 21
0 542.837472 363.477952 565.870368 315.261248 22
0 504.260096 357.637760 536.034304 275.450240 23
0 521.082784 423.472640 549.344096 323.997440 24
0 609.856288 426.724384 630.720992 374.026976 26
0 518.788736 306.940480 541.037184 221.032640 28
0 570.452672 349.331264 593.985088 303.246016 32
0 542.124960 468.559360 576.436320 395.101440 35
0 465.158752 324.461440 494.440608 255.552640 34
0 504.108224 290.016544 533.852736 243.785696 20
0 576.801216 445.636832 603.947584 381.664288 45
0 593.824032 348.288704 607.930848 311.762496 29
0 593.217696 430.207360 610.604384 329.540480 42
