0 480.595232 352.979136 509.899488 293.886784 1
0 294.612992 391.881920 348.153088 287.245120 2
0 324.410976 249.910400 371.079584 160.772480 3
0 517.966272 488.290240 562.056768 420.624960 4
0 287.494336 314.509120 309.926464 184.388800 5
0 400.371136 347.147520 438.104384 259.040000 6
0 382.027008 384.698560 426.135552 287.507520 7
0 549.055392 416.195904 576.783968 377.974976 8
0 338.900128 172.554880 357.513312 107.619200 9
0 377.930048 257.962240 413.278912 191.151360 10
0 460.228320 410.273920 506.243360 338.209920 11
0 548.344384 390.221024 579.526336 352.469536 12
0 363.766240 206.104640 404.235040 160.171200 13
0 338.449120 146.715520 377.152800 78.272640 14
0 573.230944 388.271712 593.599136 335.339168 15
0 578.502912 265.980512 596.177408 216.382368 16
0 406.111424 317.860480 446.988096 234.332800 17
0 464.555904 283.480640 496.877696 218.763200 18
0 548.234144 316.736448 574.841696 259.045952 19
0 346.537440 104.404736 375.819040 63.145984 21
0 541.241088 369.334912 562.725632 318.307968 22
0 502.413888 345.199680 534.361792 271.849920 23
0 613.814048 434.595360 631.295712 373.994720 26
0 518.590144 301.002560 541.605696 219.244480 28
0 570.724256 352.895872 593.949024 301.802368 32
0 533.804352 474.182720 573.436608 392.977600 35
0 467.369920 322.441920 494.606400 257.624640 34
0 506.650400 290.659552 534.317280 243.654688 20
0 573.714752 439.246464 605.297088 386.115456 45
0 590.262208 361.018432 607.304512 311.395008 29
0 595.642688 447.834560 616.656832 351.272000 42
0 519.982080 419.204160 563.004160 317.681600 46
