0 478.563072 367.958080 506.588928 286.223040 1
0 310.991168 406.250560 352.540352 288.733120 2
0 323.329024 228.458880 365.244416 158.074240 3
0 532.314144 484.834880 575.671776 412.392640 4
0 287.257024 308.200000 308.863296 180.305600 5
0 403.173024 350.706560 438.179936 258.614400 6
0 395.556832 379.796800 425.060128 287.079360 7
0 545.740448 416.607392 578.386272 374.888288 8
0 339.450144 171.306560 358.446816 106.518720 9
0 371.826944 264.036160 406.864896 190.979520 10
0 321.505888 283.025920 372.225952 197.401600 11
0 549.305344 386.897600 577.552896 352.150080 12
0 365.666528 219.620736 409.130272 161.033344 13
0 326.773888 141.823424 363.548032 79.057216 14
0 565.151552 398.150400 586.592448 318.803200 15
0 579.398560 265.616256 594.045280 215.137664 16
0 403.504320 300.966720 441.064000 225.743040 17
0 409.529600 227.247360 428.211200 144.444160 18
0 547.454016 317.348608 574.175424 259.188992 19
0 349.889120 125.142016 377.427360 64.797184 21
0 542.552512 364.370432 565.932608 317.776128 22
0 504.675968 353.944000 536.496512 274.317120 23
0 528.522944 434.321280 547.398976 320.967040 24
0 605.388000 429.903968 630.852640 374.843552 26
0 517.917728 303.174720 540.454112 219.980480 28
0 591.382080 291.940480 604.454080 215.497600 29
0 592.552288 363.465376 607.109792 307.799904 31
0 572.528448 365.955776 591.370432 311.594304 32
0 590.510944 444.407360 605.652896 359.441600 36
0 538.767520 434.257056 575.460960 392.914784 35
0 464.496576 322.242880 493.591104 256.136640 34
0 505.563904 291.475136 534.784256 245.107264 20
0 589.471680 340.084896 602.323520 296.318304 40
