0 463.461056 357.644480 501.685824 288.872000 1
0 309.120160 407.864320 352.351840 289.643520 2
0 323.357632 252.012160 366.943808 160.997760 3
0 538.261408 485.296000 576.805472 412.548480 4
0 287.336224 308.768000 308.512736 179.584000 5
0 402.740224 355.352960 439.972096 261.641600 6
0 394.834048 379.954880 424.707712 288.522560 7
0 546.675168 416.950624 578.868512 375.298976 8
0 338.839520 174.335360 358.015520 106.688640 9
0 371.461920 265.823680 406.522080 192.027200 10
0 312.098432 180.297280 334.075008 105.979840 11
0 548.862176 385.364448 576.769824 350.490912 12
0 391.020288 221.873632 422.487552 168.246048 13
0 327.406784 135.090208 359.208256 78.952672 14
0 561.369952 387.032960 582.191008 307.858560 15
0 542.851296 278.912640 564.017184 232.978560 16
0 392.630560 285.557568 432.183520 224.051392 17
0 388.838272 187.946112 417.571968 135.426688 18
0 547.787488 315.886976 574.672672 257.875584 19
0 503.189088 288.914912 532.412832 242.104608 20
0 352.370592 135.324800 376.851808 66.341760 21
0 542.921440 356.283072 566.489120 317.387328 22
0 499.282496 349.581760 532.314304 274.274880 23
0 528.004160 431.675840 546.331840 320.390720 24
0 605.811072 430.640224 630.533248 373.672096 26
0 517.329760 307.045440 540.239520 221.993920 28
0 588.552480 282.703360 601.361120 215.392000 29
0 588.324800 359.236832 606.971200 308.436768 31
0 572.400384 369.395136 590.392576 307.778624 32
0 590.124512 433.161280 606.340128 348.800960 36
0 538.385376 433.444992 575.680544 392.780928 35
0 466.852384 298.391168 494.764256 256.829312 34
