0 479.517472 365.727360 504.055008 285.983360 1
0 298.486112 389.746240 348.569248 287.389120 2
0 323.591136 247.980800 369.699104 159.874560 3
0 520.963648 486.627200 566.675392 416.804480 4
0 287.377440 315.781760 309.902560 184.732800 5
0 401.398880 350.270400 437.950880 259.344960 6
0 395.071456 375.359040 424.434464 283.921600 7
0 549.186720 419.504832 579.664480 377.543488 8
0 338.812832 173.513600 358.380128 106.362240 9
0 377.867904 257.888960 413.097856 191.531840 10
0 440.897216 398.996160 479.686464 324.395840 11
0 547.979168 392.592096 579.659872 354.047264 12
0 363.634624 207.520192 403.854656 160.221248 13
0 334.918560 135.937664 374.095200 74.454656 14
0 572.978432 387.426048 594.110208 334.954752 15
0 578.644064 265.900256 596.189856 215.944224 16
0 406.636320 310.736320 444.723680 234.440000 17
0 460.147680 278.486272 493.815840 217.360128 18
0 549.816160 314.960000 574.798240 258.998400 19
0 344.258816 101.098816 372.390144 63.226304 21
0 542.870912 363.095488 566.720128 313.960512 22
0 502.920352 353.750720 536.540768 274.858560 23
0 520.209824 427.509440 548.798816 320.992320 24
0 612.678208 429.712640 631.186112 373.986560 26
0 518.926016 305.361280 541.909824 220.333440 28
0 569.859168 350.830816 593.133472 302.802464 32
0 541.649696 467.657600 576.180704 395.047040 35
0 466.232352 320.759680 495.089888 251.583360 34
0 504.713760 290.058368 534.134240 244.341632 20
0 577.333600 433.285984 604.106400 380.041376 45
0 593.218752 348.765312 607.006528 312.078208 29
0 594.510240 440.449920 614.632800 340.750720 42
