0 460.610048 356.171520 494.936832 284.623360 1
0 312.633024 405.981760 352.207936 288.434880 2
0 323.212960 245.064000 366.430560 159.051200 3
0 537.871360 485.235840 578.935040 406.302080 4
0 288.458400 312.867840 310.837600 184.234240 5
0 404.260672 351.710720 439.315648 261.026560 6
0 393.969024 385.238720 428.698496 296.189760 7
0 545.881024 430.900896 582.116416 382.846304 8
0 339.324160 172.834560 358.086400 107.127040 9
0 371.541600 265.304640 407.934880 192.048320 10
0 309.524768 174.087680 328.834272 84.721920 11
0 545.871712 390.770528 579.236768 349.749152 12
0 407.560512 225.193024 433.515968 162.274496 13
0 327.737440 134.982688 359.700640 77.286112 14
0 559.398976 324.527904 576.889024 289.075936 15
0 543.575296 347.239392 560.569344 284.427808 16
0 390.882976 288.425920 428.240224 224.395840 17
0 389.054592 200.501120 418.255488 136.369280 18
0 554.720608 296.092000 574.660512 257.208480 19
0 503.844576 287.853952 531.972384 240.409728 20
0 356.312544 147.110400 379.586336 77.082880 21
0 552.971296 360.105184 578.494944 322.401056 22
0 499.203904 339.888064 536.520896 277.285696 23
0 525.649120 432.545280 545.822240 318.891520 24
0 589.380512 448.691840 605.230688 361.397120 25
0 604.882880 427.081856 631.440960 385.226624 26
0 511.239392 286.905280 536.349728 214.420800 28
0 589.084256 282.275840 601.432224 214.754560 29
0 583.985792 335.576640 596.917888 291.486400 30
0 593.628768 369.112480 606.696352 319.299680 31
0 570.702368 381.653760 590.714592 309.936640 32
0 466.266880 331.919040 498.924800 256.777280 34
