0 479.575360 366.254720 506.409920 285.493120 1
0 309.582144 406.398400 352.316096 290.034240 2
0 324.170272 234.924160 366.397408 159.077760 3
0 532.093952 485.016000 575.714048 412.609600 4
0 287.254848 307.169600 309.604032 180.436160 5
0 402.346368 348.696640 438.022272 258.568640 6
0 393.665184 379.491840 424.126816 287.829760 7
0 545.879968 422.182080 578.693472 375.525440 8
0 339.561408 171.001824 358.164032 107.116576 9
0 371.951232 265.484160 407.627648 192.007040 10
0 306.383456 270.329600 345.214624 171.087360 11
0 548.761248 388.212000 577.202272 351.191520 12
0 369.671456 211.679040 410.743264 163.848640 13
0 326.809760 141.233504 363.814240 79.044256 14
0 565.146976 404.419520 585.669024 315.705920 15
0 572.856800 270.944960 589.745440 226.670400 16
0 401.217920 294.103680 438.920320 225.371520 17
0 408.647456 226.867200 428.234464 143.573760 18
0 547.983584 317.486976 574.363936 258.836864 19
0 349.339136 122.910432 377.662464 64.065568 21
0 543.128128 360.333216 566.804672 318.280544 22
0 505.534688 350.867200 536.611872 275.776000 23
0 528.265280 420.196480 546.983360 322.647680 24
0 605.349984 429.453760 630.874016 374.724160 26
0 517.686592 301.248000 540.383168 219.907840 28
0 589.513632 280.008640 602.051168 205.992000 29
0 592.111488 362.556576 607.059072 303.162464 31
0 572.054688 362.860480 590.555232 309.337920 32
0 590.030784 447.390400 605.688896 358.100800 36
0 539.216128 432.061600 574.894592 392.991840 35
0 464.369056 323.124480 495.710304 257.260800 34
0 504.971552 290.011680 533.911008 245.019360 20
