0 479.669728 366.049920 503.897632 286.154880 1
0 298.620192 386.428480 349.602528 288.132800 2
0 323.581888 247.491200 369.440832 159.845760 3
0 520.714432 487.039040 566.690368 416.597440 4
0 287.403648 315.727680 309.916032 184.712640 5
0 401.637664 350.736640 438.012896 259.468800 6
0 395.085184 376.181440 424.488576 284.248640 7
0 549.345088 419.693760 579.884992 377.177920 8
0 338.798432 173.388160 358.395808 106.298240 9
0 377.861632 258.053440 412.753408 191.528640 10
0 441.685504 397.828160 479.995136 323.718080 11
0 547.510432 393.695968 579.802208 354.501152 12
0 363.585728 207.982080 403.847232 160.276480 13
0 334.982688 135.549856 374.276832 74.527584 14
0 572.904032 387.469536 594.010528 334.694944 15
0 578.618944 265.824256 596.190656 215.933184 16
0 406.199808 310.027520 445.004032 234.663680 17
0 456.647104 279.413792 492.018496 218.835168 18
0 549.715520 315.535936 574.793920 259.063744 19
0 344.154080 101.484544 372.526880 63.348736 21
0 542.806976 363.265760 566.663744 313.989920 22
0 503.199872 353.829440 536.257408 275.055040 23
0 520.108832 427.773760 549.399008 323.837120 24
0 612.694624 431.446688 631.117216 374.116192 26
0 518.910080 304.859840 541.628800 220.343360 28
0 569.848128 350.876448 593.223872 302.845152 32
0 541.583712 467.772160 576.186528 394.886400 35
0 466.625632 322.818880 495.990688 250.500800 34
0 504.661568 290.084384 534.103232 244.181216 20
0 576.978816 435.800192 604.175744 380.239488 45
0 593.322272 348.276576 607.019488 311.960224 29
0 594.369600 441.202560 614.860480 340.464000 42
