0 479.389632 368.223360 506.576448 285.973120 1
0 310.311424 405.523520 352.646656 289.214400 2
0 326.020768 238.976320 366.790752 159.938240 3
0 535.815104 485.300800 575.661376 412.588480 4
0 287.126368 306.804160 309.272992 179.580480 5
0 402.138944 350.701120 439.056576 258.333120 6
0 392.902976 380.404800 424.475584 288.670400 7
0 546.749728 418.257216 577.942752 375.116224 8
0 339.581632 172.428800 358.036288 106.988800 9
0 371.378688 265.828800 407.560192 192.220480 10
0 308.685856 257.510400 335.832544 152.541440 11
0 548.613888 387.600224 576.940032 351.211936 12
0 375.861120 207.947040 411.646080 164.677600 13
0 327.121600 140.323072 364.407360 79.440128 14
0 564.338336 403.859840 584.556384 313.450880 15
0 568.695680 270.936032 587.537280 229.195808 16
0 402.363264 281.190144 437.284736 224.605696 17
0 408.758432 225.990080 429.893728 143.566400 18
0 547.918976 318.317344 574.428544 258.235616 19
0 349.407808 124.792160 376.916672 64.759200 21
0 543.071392 361.355648 566.565728 319.032192 22
0 505.629856 356.645760 537.024864 279.720320 23
0 528.353024 429.211200 547.026176 323.743680 24
0 605.441984 427.770464 630.742336 374.447776 26
0 517.615456 300.934720 540.552864 219.984320 28
0 588.674912 281.754880 601.975968 211.626240 29
0 590.231936 362.638848 606.850944 302.570752 31
0 572.074112 365.702848 590.387328 309.054272 32
0 589.655296 450.855040 605.382144 357.614720 36
0 539.528800 431.350976 574.695840 391.960384 35
0 465.180160 322.440320 495.600640 256.973440 34
0 504.574912 291.216224 534.088768 244.226976 20
