0 479.377408 370.021760 506.226432 286.989440 1
0 310.025280 405.188160 352.059840 287.832000 2
0 324.141952 254.550720 366.419328 159.470400 3
0 524.606592 484.241600 568.859008 413.131840 4
0 288.253824 312.288000 310.335616 181.978880 5
0 401.492000 351.300160 439.043040 259.942080 6
0 395.077600 356.575680 424.688160 286.011200 7
0 542.712288 419.064320 578.277152 375.728640 8
0 336.678016 173.976000 358.482304 106.711360 9
0 372.027392 266.727040 410.569728 193.481600 10
0 382.106464 422.673920 439.700896 327.502080 11
0 547.936512 389.640192 579.584768 352.822528 12
0 363.661888 209.526208 404.926912 159.643712 13
0 331.459296 144.533120 370.602784 79.191680 14
0 573.900736 390.740224 593.792064 333.776896 15
0 579.614400 265.088640 595.929920 215.813760 16
0 406.610208 309.863680 443.017952 230.401280 17
0 408.616800 226.764480 427.243680 146.233920 18
0 547.564064 314.409600 574.358496 258.995840 19
0 350.301312 123.824352 377.761408 65.509408 21
0 541.207136 362.433120 564.678304 312.233120 22
0 504.485184 352.748160 536.494016 274.769280 23
0 527.851328 432.395840 547.744192 323.034560 24
0 604.816864 429.888512 630.625056 374.995968 26
0 518.546336 303.485760 540.949344 221.289920 28
0 582.069984 311.911488 597.237536 248.117952 29
0 590.578400 376.920320 606.827040 311.351040 31
0 567.381184 348.925984 590.240576 310.426336 32
0 585.961792 464.652800 603.855808 376.830720 36
0 541.118080 454.479488 576.177280 394.317952 35
0 464.458912 323.965440 491.035488 256.517120 34
0 504.859648 290.333440 534.678272 245.434880 20
