0 460.190912 356.960320 496.100928 286.200000 1
0 309.836672 406.356800 352.464768 288.259520 2
0 327.573056 237.594880 371.095744 159.971840 3
0 538.858816 486.666560 578.783424 406.255040 4
0 287.020192 310.176960 308.979808 183.676480 5
0 405.198080 361.411840 442.967040 266.776320 6
0 390.707744 384.970880 429.198816 295.209600 7
0 545.082688 434.679072 583.010752 385.576928 8
0 339.649408 164.883168 358.212992 107.334432 9
0 372.253824 266.484800 405.740416 192.155840 10
0 309.313984 174.127680 328.298816 85.581760 11
0 545.187936 395.254464 579.375264 352.990016 12
0 407.458784 228.769280 434.136096 162.846720 13
0 329.022080 137.590464 363.630720 77.697856 14
0 559.516480 324.096256 581.126080 287.794944 15
0 543.504992 362.329600 560.029088 285.550080 16
0 388.900928 288.591360 426.854592 223.923200 17
0 391.235456 201.384320 419.347584 134.395520 18
0 554.348192 300.072736 575.029088 256.824544 19
0 504.159328 288.187840 532.817312 238.672960 20
0 363.756352 165.650560 385.336768 88.570240 21
0 557.664992 385.365440 587.009568 320.150080 22
0 499.242720 340.114752 536.485920 277.870528 23
0 525.557600 431.425280 545.939360 319.188480 24
0 588.961216 435.708160 604.689984 345.977600 25
0 609.513920 431.322976 630.438720 374.842784 26
0 467.509696 330.269440 498.935104 256.800000 27
0 511.786560 275.787488 534.558400 214.103072 28
0 589.351328 282.032544 602.408032 218.228576 29
0 583.524896 334.815776 597.173984 290.182624 30
0 593.305376 383.007232 608.647904 324.991488 31
0 570.713984 375.984320 591.528576 310.209600 32
