0 480.693056 353.178944 509.395904 294.458816 1
0 295.420224 392.103680 348.656576 286.693120 2
0 324.414176 246.448320 370.103584 161.075520 3
0 511.629792 488.224640 556.182048 415.141760 4
0 287.983040 311.166080 309.953600 184.689280 5
0 399.853568 348.217600 438.031872 259.016960 6
0 376.511296 385.590720 424.240064 288.617280 7
0 545.924960 414.700448 575.937440 375.794272 8
0 338.908512 173.494720 357.238688 108.104000 9
0 377.040192 258.017600 413.718208 191.636160 10
0 460.132320 411.980480 504.945440 338.450240 11
0 547.857632 390.318912 578.927648 354.249408 12
0 363.865152 204.648128 403.992768 160.341312 13
0 338.908000 146.312960 377.371040 78.493440 14
0 573.951328 386.999424 593.769632 336.055936 15
0 578.420160 266.113184 596.139840 216.445536 16
0 406.143936 313.641920 446.905664 234.149440 17
0 464.041888 281.934240 495.845472 218.536800 18
0 548.707136 315.425088 574.819264 258.809792 19
0 346.496096 102.782080 376.322464 58.586240 21
0 541.752000 366.891744 560.640320 316.144416 22
0 500.373504 343.337280 532.645376 270.138560 23
0 613.502592 439.169600 631.201408 374.179520 26
0 518.547776 302.924160 542.009024 219.489920 28
0 570.205408 353.425280 594.014752 301.440640 32
0 535.129824 477.211200 573.298976 393.049280 35
0 467.115328 322.217280 494.072512 257.535680 34
0 507.532960 320.151040 536.065120 244.084480 20
0 572.636000 439.020960 601.368480 386.191200 45
0 590.228640 360.597952 607.153760 311.038528 29
0 596.041088 446.041920 616.561792 352.018880 42
0 516.593504 415.225920 561.048736 317.263040 46
0 516.803936 415.359040 545.944224 326.827200 24
