0 478.422720 367.848320 506.286400 285.875840 1
0 313.048352 406.798720 352.003808 288.437120 2
0 324.188448 256.657600 366.618592 159.361600 3
0 521.622368 488.431680 566.782112 415.316160 4
0 288.638016 312.617920 310.503104 182.420800 5
0 402.250208 351.373120 438.356512 259.113920 6
0 394.697536 378.162560 425.031104 285.489280 7
0 548.599296 418.767680 579.508224 376.053440 8
0 333.630848 175.010560 358.467712 105.484800 9
0 376.749312 262.540160 413.728768 192.021120 10
0 417.289568 436.960960 458.583712 343.311680 11
0 547.943328 390.315936 579.978592 353.883744 12
0 363.381312 210.995424 404.091328 160.067616 13
0 335.342208 143.107520 374.163072 74.688320 14
0 573.215008 390.017152 593.461472 335.049088 15
0 578.544320 266.422048 596.162880 215.541472 16
0 405.892224 312.171200 442.756736 231.759680 17
0 413.924480 255.637760 440.412800 165.642240 18
0 546.944896 315.639744 574.688384 259.928896 19
0 350.846880 120.503808 377.601120 65.029632 21
0 542.600480 362.492256 565.842400 314.805664 22
0 504.500416 356.135680 535.997504 274.593280 23
0 527.140672 429.695040 548.813248 324.383680 24
0 604.711872 429.464928 630.511168 374.723232 26
0 518.869024 306.681280 541.073376 220.866880 28
0 584.379072 346.882368 598.550848 289.013952 29
0 595.163104 381.390720 606.849056 311.259520 31
0 570.570528 355.337440 594.557152 311.733280 32
0 541.086464 467.962880 575.819776 394.483200 35
0 463.787008 324.438080 493.229312 256.729280 34
0 505.382080 290.945408 534.400320 245.089152 20
0 585.541504 429.555648 603.890816 380.524352 42
