0 470.392448 359.726720 501.258112 287.886720 1
0 309.096352 407.147520 352.465248 289.722880 2
0 321.770912 249.257920 366.570848 160.736320 3
0 537.559296 484.144320 575.748864 412.765760 4
0 287.313888 302.531520 308.610592 179.478080 5
0 404.535840 359.027200 439.866080 262.210560 6
0 394.073632 383.837120 424.774368 289.089600 7
0 547.561472 417.782496 579.072768 375.372064 8
0 339.180032 173.769280 358.011648 106.656960 9
0 371.364448 266.450240 407.489952 191.634880 10
0 312.762848 177.176960 333.815072 108.284800 11
0 548.320640 386.868640 576.862080 350.883680 12
0 387.366816 223.640608 420.148064 169.789152 13
0 327.428864 139.035040 363.872256 78.820960 14
0 562.142720 394.631040 583.514880 310.428800 15
0 547.169600 281.225888 574.166720 235.809632 16
0 394.232608 286.504896 433.714912 226.147904 17
0 397.699744 170.673632 418.625376 126.652448 18
0 546.420416 317.321824 574.762304 257.594016 19
0 351.364032 131.845440 376.011328 65.728960 21
0 542.646912 357.838720 566.616448 318.202240 22
0 499.215232 349.820800 531.690368 273.778560 23
0 529.038912 430.130560 546.664128 322.678400 24
0 605.994432 428.156000 630.773568 373.410720 26
0 517.589792 307.694720 540.554208 222.043520 28
0 589.192480 282.092160 601.539040 214.875520 29
0 590.568512 359.952608 607.124928 308.417312 31
0 572.382048 369.991744 590.478752 309.232576 32
0 589.723232 440.555200 606.654368 351.743040 36
0 537.693664 436.316416 575.890976 393.292544 35
0 464.898784 314.963200 492.533536 257.006080 34
0 503.471680 308.088640 533.973440 244.030400 38
