0 480.579616 352.999264 509.853664 293.848736 1
0 294.683072 391.849920 348.141888 287.223360 2
0 324.364832 249.818240 371.032288 160.799360 3
0 518.199424 488.414400 562.315136 420.795200 4
0 287.488288 314.423040 309.946592 184.441600 5
0 400.402592 347.141120 438.088288 258.992640 6
0 382.123264 384.894400 426.121216 287.321920 7
0 549.117664 416.199072 576.776736 378.012768 8
0 338.908960 172.551680 357.510880 107.619840 9
0 377.850880 258.052800 413.369600 191.149120 10
0 460.299040 410.329920 506.319840 338.234560 11
0 548.257856 390.306272 579.520704 352.425248 12
0 363.763072 206.081120 404.239488 160.179360 13
0 338.455264 146.824640 377.156896 78.271040 14
0 573.177280 388.134816 593.614400 335.341664 15
0 578.507872 265.993120 596.189088 216.399200 16
0 406.068864 318.132160 446.978176 234.327360 17
0 464.606336 283.504320 496.927104 218.777920 18
0 548.271136 316.677856 574.840544 259.059744 19
0 346.545024 104.543392 375.807616 63.186528 21
0 541.414720 369.076768 562.718400 318.308832 22
0 502.332448 345.214720 534.600672 271.983360 23
0 613.820352 435.118304 631.270208 373.970976 26
0 518.594016 300.864640 541.709344 219.256960 28
0 570.738624 352.866464 593.933376 301.803616 32
0 534.027072 473.513280 573.396928 392.905920 35
0 467.314336 322.752640 494.548064 257.662080 34
0 506.596864 290.442656 534.313216 243.549024 20
0 573.731616 439.184640 605.350624 386.087680 45
0 590.243808 360.979136 607.303712 311.389504 29
0 595.591296 447.575040 616.621184 351.275520 42
0 519.980160 419.197760 562.922880 317.685440 46
