0 462.211264 356.054720 498.591296 287.044160 1
0 309.387200 407.488640 352.238400 289.434240 2
0 323.403200 260.474240 365.884480 161.475200 3
0 538.392320 486.828160 576.352000 411.945600 4
0 287.757472 308.348800 308.915808 179.857280 5
0 402.013792 355.819840 440.098208 262.230720 6
0 394.055136 383.592000 425.141024 290.188480 7
0 546.717984 416.923616 578.705376 375.341344 8
0 338.878272 174.838400 358.162368 106.732160 9
0 370.786720 266.074240 406.256480 192.114560 10
0 312.030656 181.502720 334.046784 105.825280 11
0 548.740800 385.711424 576.773440 350.636736 12
0 391.620096 221.382304 424.617984 169.244256 13
0 327.417536 134.813856 360.581184 78.693984 14
0 560.639680 367.579296 581.256000 306.059104 15
0 540.859296 288.239168 559.915104 235.842752 16
0 392.703328 285.447840 429.939872 222.608480 17
0 389.295168 187.184128 417.177792 133.462272 18
0 547.882272 316.428480 574.481888 257.956160 19
0 503.313344 288.551520 532.320576 241.305760 20
0 353.140864 129.696992 377.664896 68.623648 21
0 542.363904 356.954720 566.200576 317.734560 22
0 499.106592 349.824320 534.045408 275.183040 23
0 527.781120 431.304960 546.282240 322.284800 24
0 602.650336 429.036448 630.556704 374.043232 26
0 517.130496 304.155200 540.025344 220.858560 28
0 588.332608 282.801600 601.313472 215.508800 29
0 588.078144 357.933440 606.932416 308.606080 31
0 572.458336 383.817280 590.347424 307.156160 32
0 589.121472 417.277120 604.504128 337.291840 36
0 538.611072 432.621888 575.164288 392.663232 35
0 466.484000 296.495904 496.644320 256.704736 34
