0 479.375840 366.843200 506.519840 284.756160 1
0 309.908320 405.432960 352.788640 288.567680 2
0 325.011008 243.470400 366.841792 160.425920 3
0 536.770176 485.491840 575.350144 412.158080 4
0 287.027168 303.530880 309.557792 179.237760 5
0 402.657664 353.963840 440.063616 259.727040 6
0 392.649408 381.818880 424.357952 288.468480 7
0 547.227936 417.424224 578.286304 375.155616 8
0 339.598048 172.814720 357.817632 106.373760 9
0 371.388448 265.923840 408.713952 192.410880 10
0 309.237472 234.607360 326.337568 130.773760 11
0 548.387648 386.967648 576.879552 350.933152 12
0 378.215424 217.200640 412.819456 166.704640 13
0 327.324160 140.356128 364.085760 79.623392 14
0 563.116384 399.583360 584.141216 311.884160 15
0 565.049184 270.005184 585.943456 232.942656 16
0 400.648896 282.627840 437.264704 225.500160 17
0 407.443744 225.399040 427.754976 136.766720 18
0 547.081888 317.675072 574.632032 257.523648 19
0 349.757440 123.606464 377.111040 65.158976 21
0 542.777344 358.909248 566.561536 318.918592 22
0 504.341568 355.820160 535.803072 278.015360 23
0 528.392512 435.947840 546.802368 319.326400 24
0 605.165152 427.435776 630.839968 374.205184 26
0 517.676160 301.459520 540.694400 220.789440 28
0 587.316352 280.545280 601.386368 213.815040 29
0 591.753280 361.837536 606.976960 307.169824 31
0 572.425216 369.462368 590.677504 308.521632 32
0 589.291872 447.219520 605.012128 355.637440 36
0 540.133728 433.225856 575.361952 392.383104 35
0 466.384000 323.309440 497.125760 257.101440 34
0 503.976288 291.405344 533.816992 244.598496 20
0 587.786208 338.192384 605.226272 298.370816 39
