0 478.310208 370.615680 506.041792 284.813440 1
0 310.601216 405.170880 352.379904 287.785280 2
0 324.278592 259.929280 365.844928 159.403840 3
0 522.215872 488.377600 567.134528 413.164800 4
0 288.318016 313.100160 310.336704 181.632640 5
0 401.763584 349.674880 438.748416 260.403840 6
0 395.114464 370.059520 425.023776 286.321920 7
0 545.470016 422.363712 579.671744 375.363008 8
0 334.972000 175.022720 358.540960 105.523840 9
0 373.264448 262.824960 413.604032 191.223040 10
0 404.766912 435.220800 453.523008 349.392320 11
0 547.250656 389.210688 580.017184 352.467392 12
0 363.465664 210.496288 404.968256 159.561952 13
0 334.573248 146.789760 373.614912 73.845120 14
0 574.001824 388.999296 593.844576 334.441344 15
0 579.364832 266.078240 595.773728 215.780320 16
0 406.427072 305.336320 442.106688 230.600960 17
0 409.286272 227.832320 426.587008 145.660160 18
0 547.246816 315.365056 574.787104 259.552064 19
0 351.039968 120.567840 377.425952 65.888480 21
0 541.528320 363.224416 564.204800 313.194144 22
0 503.993824 351.408320 536.554016 274.550080 23
0 529.022400 426.989440 547.492160 322.518400 24
0 604.756608 430.853888 630.611072 374.664192 26
0 519.058368 305.569920 541.296192 221.255040 28
0 581.733088 317.796448 595.488032 256.990112 29
0 591.974944 380.767360 606.846176 311.816320 31
0 568.384160 349.230624 590.440800 311.374816 32
0 544.008352 470.920640 576.474208 394.704960 35
0 464.061312 324.365120 492.069248 256.786880 34
0 505.834592 291.339168 534.883488 245.281632 20
0 586.363264 431.824864 604.140416 379.943456 42
0 579.112160 466.715840 603.611680 379.516480 36
