0 479.315712 364.520000 505.600768 286.230720 1
0 307.135104 406.671040 351.650176 289.436480 2
0 323.707456 251.333760 367.731904 159.425920 3
0 519.657184 486.394560 566.365216 416.114240 4
0 287.465600 314.686720 310.071680 185.027840 5
0 401.875296 347.866240 438.160544 258.230400 6
0 394.174144 379.485760 424.151616 285.483200 7
0 548.985472 419.830336 580.303488 376.620224 8
0 337.397568 173.120320 358.557632 105.485760 9
0 378.022432 259.524480 412.792288 191.909760 10
0 437.431552 404.167360 475.208448 320.379200 11
0 547.937344 392.374592 579.637696 354.501568 12
0 363.609472 205.962848 404.263808 160.136352 13
0 335.310752 133.587968 374.535008 74.191872 14
0 571.595648 386.120576 592.662912 332.151424 15
0 578.927968 266.282656 596.211872 215.485024 16
0 405.934560 309.872320 440.686880 229.985600 17
0 430.645184 277.597760 473.349696 197.533120 18
0 549.186848 315.788064 575.085792 259.556576 19
0 348.604736 107.849408 375.614144 64.858432 21
0 542.827456 363.185184 565.946944 315.387616 22
0 504.467136 356.788160 536.060224 275.311680 23
0 521.177120 422.921600 549.463520 325.303680 24
0 607.198976 428.765216 630.486784 374.786784 26
0 518.800288 306.987840 541.061472 221.100480 28
0 592.407232 390.082400 608.253248 326.535840 31
0 571.573984 350.152448 594.051616 303.986432 32
0 541.888928 468.168320 576.415072 394.865280 35
0 464.632320 323.544320 494.567680 255.646720 34
0 504.014368 290.049952 533.891552 244.082528 20
0 577.138784 450.983040 603.758496 382.387840 45
0 594.054944 352.664608 608.284896 311.821792 29
0 592.472160 416.302720 608.391840 325.619840 42
