0 481.044320 351.820800 505.751200 287.776000 1
0 295.897792 391.263680 347.798848 287.240000 2
0 323.545088 250.078720 371.412992 160.695040 3
0 522.047904 486.560960 566.387296 416.535360 4
0 287.347040 316.567040 310.098080 184.721920 5
0 401.146656 348.183680 437.689824 259.308160 6
0 394.678144 378.035200 424.383616 283.075840 7
0 551.407552 417.175648 579.005248 379.171232 8
0 339.016608 172.869760 357.762912 107.326080 9
0 377.905792 257.344320 413.999488 191.463360 10
0 450.670592 405.941440 492.025088 327.508800 11
0 549.846048 389.783264 579.764192 351.944736 12
0 363.359264 205.660448 403.786976 160.372192 13
0 335.867680 146.023360 375.585760 76.937280 14
0 573.650336 385.416192 593.695584 336.237568 15
0 578.509888 266.167648 596.271552 215.935392 16
0 406.633952 317.238080 445.222688 234.392000 17
0 464.582944 281.305888 497.179616 219.531232 18
0 549.769952 316.592896 574.841888 259.116544 19
0 345.733440 105.205248 373.798080 64.319232 21
0 542.588288 369.278336 563.233152 320.091264 22
0 502.453632 347.154880 536.373888 274.678080 23
0 613.781120 434.919680 631.256960 373.382400 26
0 518.693120 301.543360 543.043840 219.068480 28
0 570.740800 352.168960 593.483200 302.392320 32
0 537.188384 469.187520 575.464416 394.349120 35
0 466.364608 322.096960 493.595712 256.323520 34
0 505.195808 291.623360 535.249632 243.612480 20
0 577.422240 432.559744 604.772960 379.726976 45
0 590.917984 356.087040 607.071136 312.357120 29
0 595.053408 441.210560 616.298912 345.788480 42
0 520.911520 424.605120 563.540320 318.582080 46
