0 478.149120 370.490560 506.286080 286.048320 1
0 309.864128 405.242240 352.256832 288.100480 2
0 324.266016 257.888320 366.365664 159.611840 3
0 522.819136 485.416000 567.664064 411.049920 4
0 288.336800 311.054080 310.417760 181.660160 5
0 401.641280 350.877440 438.811840 260.165120 6
0 395.266048 354.235520 424.965632 285.819520 7
0 543.244960 419.776224 578.584160 375.727136 8
0 335.855552 174.031680 358.206528 106.206400 9
0 372.428544 266.146240 412.763136 193.782080 10
0 391.950528 429.457600 449.790272 344.705600 11
0 547.532960 389.655168 579.690080 352.936832 12
0 363.710016 208.150048 404.896704 159.597792 13
0 334.212000 146.813440 372.245600 76.508160 14
0 574.014304 388.656064 593.661856 334.248256 15
0 579.783872 263.632032 595.764288 215.944288 16
0 406.309920 309.526400 441.988320 230.605440 17
0 409.130464 227.421120 427.098656 146.518080 18
0 547.174656 314.410784 574.905344 259.354336 19
0 350.847936 121.936672 377.321024 65.830368 21
0 541.481568 362.740192 564.338592 312.623648 22
0 504.410496 351.031360 536.063104 274.683840 23
0 528.743136 426.892160 547.443744 320.864640 24
0 604.685568 429.993408 630.554112 375.145792 26
0 518.545376 305.810880 541.092384 221.673280 28
0 582.088704 313.985280 595.623936 249.438720 29
0 590.803296 378.588160 606.863264 311.563520 31
0 567.575680 349.001216 590.288000 310.530304 32
0 585.172064 458.667840 603.708576 378.261440 36
0 544.024832 460.012480 576.366848 394.331200 35
0 464.026752 323.754880 490.721408 257.266560 34
0 505.439424 290.915104 534.886976 245.883616 20
0 587.814848 443.216640 603.940672 377.649920 42
