0 479.656448 366.562240 506.528512 285.085760 1
0 308.824544 406.271360 352.234016 289.800320 2
0 324.212768 237.628800 366.683872 157.805440 3
0 532.782432 484.687680 575.935648 412.643520 4
0 287.308192 305.726400 309.411168 179.645760 5
0 402.625824 349.163840 438.313696 258.253760 6
0 394.322656 379.711360 424.293664 288.224640 7
0 546.062880 421.998880 578.657760 375.361760 8
0 339.646400 171.648960 358.228800 107.009600 9
0 371.729184 265.311680 407.505376 191.679040 10
0 308.769664 271.935680 350.315136 176.603200 11
0 548.487936 388.225152 577.279744 350.982528 12
0 367.959776 215.964928 410.491424 162.939392 13
0 326.813248 141.416000 363.687872 79.048640 14
0 565.195040 406.545920 586.051040 317.775360 15
0 574.077568 269.523168 590.180992 223.714592 16
0 401.458112 292.072640 438.490688 225.711680 17
0 408.599360 227.021760 428.402880 144.161600 18
0 547.841760 317.148896 574.510880 259.030304 19
0 349.452224 122.947744 377.641536 64.151136 21
0 542.863584 360.872960 566.472736 318.051840 22
0 505.551744 351.174720 536.590976 275.316160 23
0 527.488064 431.033920 547.123136 323.994560 24
0 605.388096 430.194656 630.844864 374.515744 26
0 517.704512 301.500480 540.159168 220.160960 28
0 589.856224 279.200320 602.177056 206.340800 29
0 592.493248 363.052960 607.067712 306.543200 31
0 571.663424 362.267712 590.527936 309.044928 32
0 589.957216 449.830080 605.530784 358.907200 36
0 538.544608 432.346336 574.758432 392.650784 35
0 464.233536 322.684160 493.047744 257.076480 34
0 505.332832 289.710976 533.823648 245.357184 20
0 588.995584 340.982688 603.151616 294.745952 40
