0 479.696544 366.724480 506.534496 285.695360 1
0 308.801792 406.228480 352.144128 289.945600 2
0 324.255040 238.361920 367.307200 158.121920 3
0 532.528608 484.462080 575.856672 412.738560 4
0 287.351968 305.654400 309.394272 179.610240 5
0 402.283712 349.157440 438.566208 258.112960 6
0 394.547104 379.955520 424.261216 288.079040 7
0 546.577472 421.261280 578.816448 375.118880 8
0 339.633344 171.394880 358.364736 107.080640 9
0 371.656384 264.937920 407.587136 191.522880 10
0 309.507936 271.370880 351.189664 176.690560 11
0 547.946752 388.393024 577.296128 352.078016 12
0 366.789472 219.529792 409.840288 161.819328 13
0 326.759008 140.940832 363.786912 79.065568 14
0 565.255712 406.625600 586.026208 318.384320 15
0 577.655808 270.428736 591.523072 222.147264 16
0 400.639392 288.450080 438.319968 225.887200 17
0 408.907488 227.068480 428.430112 144.482240 18
0 547.704800 317.434880 574.577440 258.901760 19
0 349.528320 123.425664 377.688320 64.201856 21
0 542.973376 362.391456 566.291264 318.057824 22
0 505.371392 352.898880 536.523008 275.130560 23
0 528.171936 430.372800 547.560544 324.178240 24
0 605.340000 429.848800 630.822560 374.513440 26
0 517.777088 302.412480 540.206912 220.347200 28
0 590.300640 279.159360 602.622240 205.325760 29
0 592.529568 362.852704 607.074912 304.740256 31
0 571.621888 362.930464 590.519552 309.923296 32
0 590.023392 449.574080 605.573408 359.117120 36
0 538.616896 433.155424 575.071424 393.055136 35
0 464.391936 322.995840 494.229504 256.942720 34
0 505.536864 290.021248 533.942176 245.450112 20
0 588.277440 339.466656 602.484800 295.286624 40
