0 477.290496 368.525440 506.138624 286.619520 1
0 310.850080 406.633920 352.224480 288.623680 2
0 324.136512 239.526080 365.131968 159.164480 3
0 532.486208 485.427520 575.758272 414.558400 4
0 288.492672 313.355840 309.979008 181.947840 5
0 401.406912 351.423360 438.650688 258.953600 6
0 395.864736 378.360640 424.564064 288.072640 7
0 543.626336 417.159968 577.689504 375.581152 8
0 338.794784 173.582080 358.499296 106.693120 9
0 372.053024 259.493760 409.143776 191.127680 10
0 346.658336 345.450880 384.568544 226.920320 11
0 551.401856 389.811264 579.119744 352.655296 12
0 363.596544 214.495616 405.979136 159.551104 13
0 326.641312 140.823968 364.762208 79.209312 14
0 570.204160 389.769984 591.745280 332.551936 15
0 579.015712 265.723392 595.304928 214.850048 16
0 405.410752 310.416320 442.579008 228.418880 17
0 409.578944 228.055040 428.060736 145.258240 18
0 547.467552 316.804064 574.143968 259.230496 19
0 350.083968 124.695904 377.642112 64.399776 21
0 542.686048 365.844384 565.648032 318.004576 22
0 504.451104 351.506880 536.745696 274.048320 23
0 528.566528 432.918080 548.115712 320.111040 24
0 605.936640 430.363520 630.789120 374.796160 26
0 518.450880 303.272000 540.864320 219.874240 28
0 586.313472 300.260288 608.785408 239.619392 29
0 592.132288 366.091904 606.962752 308.867456 31
0 567.450752 348.676288 591.105408 308.873792 32
0 590.470176 443.321600 605.726944 360.294400 36
0 538.672256 434.934208 575.613824 394.327872 35
0 464.469408 322.536640 494.431072 255.813440 34
0 506.074880 289.244736 534.750720 245.104064 20
