0 479.812704 358.252160 508.966816 291.152000 1
0 295.262240 391.529920 347.869920 286.624320 2
0 323.793920 249.820480 371.051520 160.660160 3
0 521.374752 486.267840 566.188768 417.468480 4
0 287.357472 315.383040 310.078688 184.648960 5
0 401.156832 347.340160 437.947168 259.030400 6
0 392.017376 379.248320 425.441824 282.323520 7
0 553.343680 415.737344 578.306880 380.297216 8
0 339.124736 172.780480 357.726464 107.689280 9
0 377.683808 257.832320 413.290912 191.511680 10
0 457.901920 407.247680 499.657120 334.093760 11
0 546.834208 392.079744 579.563232 351.497856 12
0 363.551616 205.961728 404.046464 160.209152 13
0 337.413536 146.270080 376.290144 78.386560 14
0 573.268000 385.028000 593.672160 335.841120 15
0 578.602272 266.473408 596.193248 216.081472 16
0 406.504672 315.176960 445.656608 234.464000 17
0 464.500992 283.511392 497.278208 219.542688 18
0 549.895424 315.783424 574.730496 259.164416 19
0 345.453216 106.182848 374.613344 64.327232 21
0 542.546720 367.970848 561.955040 318.733792 22
0 502.185056 342.980160 536.875424 273.993920 23
0 614.007104 433.862080 631.272896 373.764160 26
0 518.698368 299.507840 543.600512 218.916480 28
0 570.993984 352.407072 593.640896 302.481888 32
0 534.556992 470.190080 573.933248 390.492160 35
0 466.920704 324.120640 494.492416 256.894400 34
0 505.731712 290.806272 535.010688 242.972928 20
0 575.508224 433.291648 604.894976 379.879552 45
0 590.157792 357.899424 607.369248 311.686496 29
0 594.969024 446.641600 616.641856 347.375680 42
0 520.561664 422.333120 562.036736 317.737280 46
