0 479.672928 366.500480 506.568352 285.189760 1
0 308.881088 406.293760 352.244032 289.740800 2
0 324.249056 236.952640 366.703904 157.707200 3
0 532.771968 484.644480 575.944832 412.565120 4
0 287.313184 305.915520 309.438176 179.674240 5
0 402.588288 349.200000 438.239872 258.254720 6
0 394.296448 379.730560 424.281472 288.206720 7
0 545.981952 422.172800 578.628608 375.382400 8
0 339.647520 171.592000 358.240480 107.016640 9
0 371.761856 265.400640 407.508544 191.678400 10
0 308.757696 271.752640 350.200384 176.580160 11
0 548.572576 388.146880 577.253984 351.062080 12
0 368.271552 215.162944 410.507328 163.014336 13
0 326.796480 141.357632 363.652160 79.036608 14
0 565.198080 406.862080 586.059520 317.768960 15
0 573.932160 270.086944 589.953920 224.114656 16
0 401.382688 291.469760 438.409952 225.655360 17
0 408.578272 227.022720 428.420128 144.067200 18
0 547.776352 317.281728 574.499488 259.025472 19
0 349.444768 122.719872 377.638752 64.146048 21
0 542.856064 360.599648 566.527616 318.080672 22
0 505.574368 351.165440 536.601632 275.357440 23
0 527.586112 429.962880 547.087808 324.065920 24
0 605.382816 430.129120 630.853984 374.554400 26
0 517.705472 301.484800 540.179968 220.092160 28
0 589.980224 279.271680 602.142656 206.421760 29
0 592.432224 362.959424 607.068576 305.183936 31
0 571.647776 362.266496 590.529504 309.081984 32
0 589.983744 449.586240 605.545216 358.836160 36
0 538.590528 432.427392 574.754752 392.686208 35
0 464.216768 322.752320 493.310272 257.095360 34
0 505.353984 289.635008 533.808896 245.383232 20
0 589.177216 343.379328 603.114624 294.754432 40
