0 478.155648 369.960960 506.306432 285.280000 1
0 311.418592 405.562560 352.498208 288.365120 2
0 324.279968 259.234240 366.022752 159.516480 3
0 523.186720 487.803520 567.785440 411.344000 4
0 288.284544 313.050560 310.448256 181.629760 5
0 401.711680 351.358080 438.566080 260.059520 6
0 395.408160 360.817280 424.398560 286.215040 7
0 543.836416 421.346720 579.276544 375.833440 8
0 335.391808 173.370560 358.287552 105.624640 9
0 372.806656 265.201600 413.112064 191.759680 10
0 397.643104 428.762560 452.890016 353.245760 11
0 547.337312 389.160000 579.851168 352.781760 12
0 363.761376 207.970848 404.868384 159.532512 13
0 334.286496 145.136960 372.692064 73.913280 14
0 574.097984 389.830304 593.855936 334.423136 15
0 579.903584 263.359648 595.867296 215.760992 16
0 406.641728 306.758400 442.322112 230.511360 17
0 409.323488 227.610560 427.016992 146.146880 18
0 547.514304 314.386304 574.812736 259.424896 19
0 351.443584 120.548256 377.385856 65.538144 21
0 541.397920 363.050208 564.195680 312.974112 22
0 504.231392 350.723520 536.244768 274.370880 23
0 528.936064 425.756160 547.639936 321.713920 24
0 604.892128 432.054240 630.682912 375.038240 26
0 518.625920 306.359360 541.031040 221.417920 28
0 581.560320 315.535008 595.375360 252.214112 29
0 591.781856 379.825280 606.876704 311.902080 31
0 567.998336 349.603328 589.844864 310.857472 32
0 544.301376 465.530880 576.384704 394.749440 35
0 464.033600 324.351360 492.451520 256.909440 34
0 505.623232 290.535008 534.881088 245.627552 20
0 589.742976 436.326112 604.124544 378.708768 42
0 579.988608 463.339200 603.431552 378.785600 36
