0 460.255808 356.312960 494.676672 284.632960 1
0 310.383328 405.152960 352.944672 287.915840 2
0 322.886048 257.459520 365.162592 160.098240 3
0 537.579872 488.647680 582.064288 401.556480 4
0 288.401024 309.398080 310.673536 183.625920 5
0 400.382048 352.014720 439.848352 261.955200 6
0 393.659872 384.019200 428.910368 296.569600 7
0 545.632576 417.556064 579.907264 379.786656 8
0 338.938240 173.317760 357.927040 106.483840 9
0 370.996448 266.912960 407.032352 192.448320 10
0 313.475072 176.428480 332.734208 96.050240 11
0 547.260032 390.814848 576.979328 352.193152 12
0 394.144512 220.112128 425.596928 169.868032 13
0 327.213152 136.412576 358.550688 79.773024 14
0 559.268768 357.715488 577.112672 300.231392 15
0 540.135648 320.697152 559.151392 270.507968 16
0 391.928352 289.105920 427.589088 223.276800 17
0 385.938016 192.316576 416.990624 136.452704 18
0 555.065376 302.822496 574.503904 257.314464 19
0 502.696320 286.511456 531.143040 239.695264 20
0 353.257408 132.947232 378.674752 69.524448 21
0 541.838496 361.397056 565.730144 318.514624 22
0 498.410944 339.449600 534.494016 275.210240 23
0 524.560224 432.207360 544.997536 322.496000 24
0 600.889792 429.852576 630.901568 374.581344 26
0 516.530144 291.209600 539.108896 221.365120 28
0 587.995616 281.640640 601.559584 214.863680 29
0 586.449920 378.416960 597.708800 301.289920 30
0 591.418336 387.564480 606.442784 313.929280 31
0 574.740352 380.658528 590.773888 316.666272 32
