0 460.367392 356.455040 496.200928 285.192320 1
0 310.105024 405.062080 352.727616 287.937600 2
0 322.870080 255.088000 365.064640 160.417920 3
0 535.924352 484.091520 576.220288 406.556800 4
0 288.589344 308.001600 311.079136 183.439040 5
0 400.573184 351.863360 439.830016 262.543040 6
0 394.762880 384.531520 428.602240 296.048320 7
0 544.246880 414.233184 576.880800 376.166816 8
0 338.973792 173.116160 357.935008 106.272000 9
0 371.311808 266.762240 407.254592 192.008960 10
0 312.376096 179.633920 333.325024 101.081600 11
0 547.754336 387.832736 576.712864 350.558304 12
0 393.204992 220.243840 424.927488 169.875840 13
0 326.777696 135.081504 358.740384 79.756256 14
0 558.955968 355.548736 577.068352 299.643584 15
0 540.682784 316.934240 556.908256 258.158240 16
0 391.481984 287.092960 427.482496 223.177760 17
0 384.967584 192.087168 416.444256 136.441472 18
0 555.274464 309.582816 574.452256 257.094944 19
0 502.622048 287.462976 531.806112 240.081344 20
0 353.394080 132.216448 378.931040 69.747072 21
0 541.173664 359.670624 564.773216 316.864416 22
0 498.581344 348.945600 534.058656 275.007040 23
0 525.890784 431.313920 545.836576 323.366400 24
0 601.046112 429.324064 631.008928 374.361056 26
0 516.640800 291.443520 539.299040 221.315520 28
0 587.787328 282.506560 601.400512 214.829760 29
0 592.161696 357.735232 606.793824 311.551168 31
0 574.352320 380.013280 591.072320 316.404000 32
0 465.489152 312.136896 497.575168 255.979584 34
0 588.493728 403.353600 602.816352 318.822400 36
0 543.164480 435.795872 577.471680 395.661408 35
