0 460.465760 355.816000 494.013600 285.100480 1
0 311.314880 406.070720 352.111680 288.211520 2
0 322.705856 243.791360 365.099584 160.184320 3
0 538.131552 491.467200 579.327648 406.264640 4
0 288.686496 314.946880 310.477664 184.154560 5
0 400.299296 351.421440 439.293664 261.145600 6
0 393.786976 385.480960 429.105824 295.777280 7
0 548.521248 430.100544 581.656032 381.429696 8
0 338.889632 172.757120 357.692768 106.825600 9
0 371.954784 266.721280 406.817696 191.637760 10
0 311.558976 181.377280 328.921024 92.113920 11
0 547.315712 391.296512 578.788608 351.789568 12
0 403.955072 221.923584 432.718208 164.119296 13
0 327.552448 135.423296 359.895872 78.464704 14
0 560.132032 329.798560 574.589248 287.402080 15
0 542.560704 324.469824 560.954176 282.015936 16
0 392.139296 289.598720 427.727584 223.034880 17
0 389.287936 197.848896 417.526784 136.101824 18
0 554.603392 296.594240 574.466688 257.227200 19
0 503.271424 288.046080 531.300096 240.433920 20
0 354.395872 142.729280 379.831328 71.716800 21
0 543.176320 363.895872 569.000320 320.311488 22
0 498.982560 340.538240 533.968480 276.366720 23
0 525.099040 436.357760 546.140640 321.124480 24
0 578.159168 470.036480 600.481472 399.998720 25
0 601.695712 428.345664 631.186208 376.496576 26
0 514.215840 294.592000 537.517920 216.006400 28
0 588.548128 281.516800 601.449952 215.362560 29
0 583.736352 336.688480 597.282528 292.316320 30
0 591.869568 394.321920 606.361472 317.265920 31
0 569.785568 382.197440 590.515232 310.276160 32
0 467.214528 313.104032 498.957632 255.858528 34
