0 478.080000 368.042240 506.273280 285.505280 1
0 312.597888 406.504640 352.044672 288.432960 2
0 324.173664 260.600640 366.248096 159.469760 3
0 521.284128 487.102400 566.982112 414.309440 4
0 288.642464 308.412480 310.254176 181.727680 5
0 402.147392 349.826880 438.853568 259.558080 6
0 394.686976 373.459840 424.442624 285.872000 7
0 548.297376 421.632416 579.673184 375.419744 8
0 333.738144 175.339200 358.507616 105.879360 9
0 376.621376 262.856640 416.091584 192.289600 10
0 406.185152 435.812800 454.484288 347.018560 11
0 547.837664 389.511168 580.219936 353.295872 12
0 363.469920 211.771136 404.352160 159.861504 13
0 334.651008 141.112320 374.278272 74.113280 14
0 574.106976 388.189312 593.265824 335.059328 15
0 578.822976 266.160800 595.920064 215.609440 16
0 405.933184 311.381120 442.718336 231.690880 17
0 409.127712 232.421120 426.938848 149.172480 18
0 546.834848 314.818752 574.621792 259.691328 19
0 351.502464 121.381280 377.823616 64.971360 21
0 542.713504 361.898112 565.647456 314.299008 22
0 504.735296 351.657920 536.019904 274.571840 23
0 527.630624 427.202560 548.379616 322.621440 24
0 604.584320 429.646592 630.509440 374.652928 26
0 518.971424 305.376320 541.203936 221.145280 28
0 581.299424 333.916480 596.070176 268.598720 29
0 593.389088 382.339200 606.928352 311.748480 31
0 568.978656 350.755648 592.737824 312.252352 32
0 543.426144 468.271040 575.963296 394.505280 35
0 463.857504 324.560000 494.175136 256.888960 34
0 505.591200 291.641088 534.558560 245.258752 20
0 584.500288 431.881216 603.955392 380.363264 42
