0 460.536544 355.857920 494.979616 284.638720 1
0 312.440768 405.917440 352.199232 288.352000 2
0 323.183040 243.462080 365.869120 159.732800 3
0 538.821184 483.811840 579.016896 406.461440 4
0 288.454688 313.509440 310.695392 184.644800 5
0 403.014688 351.154880 439.417312 261.097280 6
0 394.415776 385.824640 428.643424 295.954560 7
0 545.047424 432.277632 582.087296 382.514048 8
0 339.286656 173.333120 358.082944 107.372160 9
0 371.534400 264.713920 407.994560 192.073280 10
0 309.550880 176.401280 328.530400 84.924800 11
0 546.037760 390.732192 579.269120 350.437728 12
0 407.625344 225.528352 433.508736 162.323168 13
0 327.714496 133.309248 360.128064 77.796032 14
0 559.562560 324.666272 576.711360 289.244768 15
0 543.500608 348.440096 560.668352 284.626144 16
0 390.878656 289.285440 428.574784 224.530880 17
0 389.013344 200.510080 418.236576 136.472960 18
0 554.734880 296.679232 574.633440 257.353408 19
0 503.881504 288.047616 532.055776 240.281344 20
0 355.929472 147.571200 379.604608 76.104960 21
0 552.650848 359.290112 577.660832 323.808768 22
0 498.999296 340.116704 536.705024 277.333536 23
0 525.655008 432.869440 545.751072 318.365120 24
0 588.584800 447.218560 605.772960 365.594240 25
0 606.016544 427.124352 631.844576 384.428928 26
0 511.183872 287.505280 536.190208 214.357120 28
0 589.175424 282.321920 601.403776 214.771200 29
0 583.838592 336.328384 596.903808 291.678016 30
0 593.344320 374.285696 606.747840 319.301504 31
0 570.805408 381.393920 590.804832 310.060800 32
0 466.214112 334.934400 498.503968 256.813440 34
