0 460.430752 356.224000 497.120608 284.896000 1
0 310.976032 405.917120 352.139488 288.255040 2
0 326.484448 239.569280 367.978272 158.881920 3
0 538.214656 484.475840 578.882304 406.034240 4
0 288.224576 313.374720 310.372544 184.026880 5
0 405.072512 360.041920 440.882048 263.305280 6
0 391.950656 384.725440 429.545664 295.841600 7
0 546.742624 431.967360 582.525856 383.230080 8
0 339.309632 167.520032 358.177728 106.946528 9
0 372.161984 266.860800 406.276416 192.605440 10
0 309.503360 172.000640 329.344640 85.230720 11
0 546.058240 392.273152 578.822400 349.357568 12
0 408.991744 226.660480 433.998336 162.331520 13
0 328.249088 136.937472 363.091712 76.374528 14
0 558.889280 326.369984 578.921920 288.111936 15
0 543.624096 358.799360 559.971424 284.663040 16
0 389.762656 288.514048 429.502624 225.230592 17
0 389.784512 201.419840 419.908928 135.005120 18
0 554.838208 298.858656 574.423872 256.927584 19
0 503.748736 288.189600 531.796864 239.321440 20
0 361.844448 167.270080 385.606432 86.475840 21
0 557.344096 389.854080 587.862944 321.546880 22
0 499.418848 337.331360 537.057312 278.462560 23
0 525.282176 433.717760 546.433664 320.062720 24
0 590.061280 445.926720 605.224480 353.675200 25
0 608.496832 432.841440 629.985088 378.060320 26
0 511.740064 280.803520 534.543456 214.056000 28
0 589.539872 282.079040 601.406688 215.796160 29
0 583.812128 333.908992 597.133792 290.641408 30
0 593.138688 377.664608 608.233472 324.699552 31
0 569.642688 356.904320 591.182912 309.873280 32
