0 478.499840 370.315840 506.402560 285.855680 1
0 309.667136 405.129280 352.233664 288.213440 2
0 324.267904 257.597760 366.537856 159.570880 3
0 522.666080 485.979840 567.672480 411.251520 4
0 288.307488 311.219200 310.422752 181.685760 5
0 401.674016 350.846720 438.843104 260.089600 6
0 395.279936 354.515840 424.947904 285.624960 7
0 543.250432 419.733440 578.546688 375.714880 8
0 335.840320 173.952960 358.228160 106.281280 9
0 372.370848 266.568960 412.415072 193.866240 10
0 391.933152 428.599360 448.390688 342.324160 11
0 547.550560 389.459200 579.736480 352.883200 12
0 363.712288 208.046496 404.908512 159.598944 13
0 334.216960 146.344000 372.256000 77.195200 14
0 573.953120 388.505792 593.678240 333.978688 15
0 579.786112 263.663392 595.786368 215.975648 16
0 406.443392 310.447680 441.806208 230.756800 17
0 409.076224 227.065600 427.118336 146.526720 18
0 547.138240 314.438464 574.744640 259.326656 19
0 351.105056 122.040896 377.276384 65.820864 21
0 541.110304 362.733216 564.346336 312.579424 22
0 504.393760 350.769920 536.134880 274.625280 23
0 528.681984 427.603840 547.424256 321.068160 24
0 604.768928 429.692128 630.559072 375.065632 26
0 518.569312 305.430720 541.081248 221.556800 28
0 582.159296 313.606080 595.814464 249.344320 29
0 590.815776 378.463360 606.836704 311.518080 31
0 567.536160 349.040832 590.333920 310.472768 32
0 584.557888 464.841920 603.774912 378.075200 36
0 543.956896 459.770560 576.310624 394.332480 35
0 464.091648 323.792000 490.738432 257.082240 34
0 505.342912 291.071072 534.974528 245.626528 20
