0 460.415456 356.654400 496.447264 285.342400 1
0 310.160384 405.096000 352.668416 287.913920 2
0 322.930048 255.428480 365.183872 160.470400 3
0 535.389024 484.297600 575.735456 408.259200 4
0 288.618016 308.184640 311.076064 183.423680 5
0 400.553888 352.273280 439.817312 262.532480 6
0 394.770080 384.483520 428.490080 295.997760 7
0 544.304416 413.881952 576.837344 376.034208 8
0 338.964448 173.103360 357.963552 106.282240 9
0 371.364544 266.743680 407.227456 191.904640 10
0 312.233440 179.696000 333.293600 101.518720 11
0 547.934048 387.592800 576.704672 350.502560 12
0 392.869824 220.276096 424.902976 169.843584 13
0 326.730304 135.214144 358.703296 79.742656 14
0 559.007168 355.646176 577.116992 299.570464 15
0 540.697888 316.631968 556.617952 257.052512 16
0 391.508320 286.927712 427.504800 223.152288 17
0 384.052928 192.332768 416.368192 136.323872 18
0 554.823008 310.448832 574.409632 257.287488 19
0 502.630272 287.445760 531.846528 240.071680 20
0 353.369536 131.100128 378.938944 69.724192 21
0 541.155584 359.092288 564.792576 316.654272 22
0 498.555232 348.507520 534.011808 274.985600 23
0 525.899840 430.325760 545.923520 323.418880 24
0 601.198528 429.435520 630.983232 374.311040 26
0 516.649920 291.259520 539.330880 221.261440 28
0 587.774592 282.441920 601.397888 214.809920 29
0 591.400224 357.289152 606.810336 311.066688 31
0 574.421056 379.864224 591.072704 316.385376 32
0 588.641952 404.718080 603.227488 328.037120 36
0 542.516192 434.695968 576.903968 395.440352 35
