0 457.265600 356.840640 494.260800 283.041600 1
0 310.780640 406.296640 352.529440 288.838080 2
0 327.977792 237.305280 371.448768 159.995200 3
0 539.160704 485.433920 578.711936 406.129600 4
0 285.552640 308.707200 307.379200 182.390400 5
0 404.498720 363.395840 443.187680 266.949120 6
0 390.954432 384.546560 429.137728 295.134720 7
0 544.848160 433.823552 582.904800 383.837888 8
0 339.705408 164.791040 358.205632 107.028480 9
0 372.446336 267.736000 405.864064 192.289600 10
0 309.191488 174.503040 327.285952 85.713280 11
0 545.697184 394.340352 579.811936 351.411968 12
0 407.885600 233.093440 434.442720 163.055040 13
0 329.182560 137.744064 363.463840 78.564416 14
0 559.382592 324.205408 581.801408 286.792352 15
0 543.555456 361.258240 560.027264 285.359360 16
0 386.829568 288.481600 422.857472 224.031680 17
0 391.410976 201.973760 419.374304 134.352640 18
0 554.317344 299.384832 574.957536 257.306368 19
0 504.174592 288.518304 532.214528 238.630496 20
0 364.147520 167.034560 385.155520 88.888640 21
0 557.416800 379.493184 587.006880 320.118976 22
0 499.304576 339.691552 536.745344 277.884128 23
0 525.286304 431.876480 545.907296 318.051200 24
0 588.890176 435.410240 604.613824 344.656320 25
0 609.744448 430.387968 631.033792 375.334912 26
0 467.680640 320.140960 499.498880 256.314720 27
0 511.825760 277.637600 534.574240 214.083360 28
0 589.297280 284.064000 603.159680 219.691520 29
0 583.274144 333.373120 597.122656 290.278720 30
0 593.182528 382.129760 608.745152 324.795040 31
0 570.333440 380.336000 591.552000 310.128000 32
