0 460.122496 355.870720 494.099584 285.196800 1
0 310.557088 406.382080 352.180832 288.055040 2
0 323.270752 251.415680 364.721568 160.228480 3
0 537.662464 488.704320 578.853376 407.158720 4
0 288.653856 311.400320 310.414304 183.880320 5
0 400.235616 351.852800 439.484064 261.450240 6
0 394.395296 386.264960 429.181024 295.964800 7
0 549.687392 423.224960 581.845408 380.096640 8
0 339.042048 173.573760 357.938432 107.139200 9
0 371.976832 266.744320 406.622848 191.352320 10
0 312.227072 179.434560 330.958848 94.008000 11
0 547.219552 391.457408 576.969888 352.189312 12
0 390.364864 221.140576 423.966016 168.148384 13
0 327.447680 135.298240 358.664320 78.480960 14
0 560.626048 357.971456 575.752832 296.196864 15
0 541.255712 323.539456 560.121568 276.747264 16
0 392.097696 286.040160 427.372384 222.384800 17
0 388.188448 188.731296 416.512992 135.913824 18
0 555.018688 303.215104 574.486592 257.433856 19
0 502.569856 287.623936 531.129984 239.044864 20
0 353.437216 140.086080 379.031264 69.462720 21
0 542.579840 361.466976 567.452800 319.324064 22
0 498.645632 340.362240 534.241408 275.841280 23
0 524.894880 428.245120 545.972320 320.517760 24
0 572.585440 475.789376 593.820960 414.357184 25
0 600.441600 433.250688 630.892800 375.116672 26
0 516.393408 292.499520 539.309632 219.619520 28
0 588.004032 282.065280 601.260608 215.818880 29
0 585.257312 354.491008 597.079968 292.330112 30
0 591.493632 387.694400 606.526208 315.508160 31
0 574.403744 382.299200 590.713696 313.723840 32
