0 480.175008 354.480000 504.692832 286.984320 1
0 297.564544 391.278400 347.668096 287.522240 2
0 323.651584 247.710720 369.842176 160.171520 3
0 523.151456 486.500480 566.549664 416.204160 4
0 287.365760 315.282880 309.969280 184.784960 5
0 401.990720 350.460480 437.984960 259.145920 6
0 395.182368 377.820800 424.384992 283.939200 7
0 549.912320 417.416800 579.596800 378.379680 8
0 339.138080 172.969600 358.262240 106.271360 9
0 377.987072 257.677760 412.933888 191.620160 10
0 443.222528 397.799360 485.325312 327.055680 11
0 550.775232 389.622560 579.924288 352.955360 12
0 363.741024 206.858784 403.840416 160.359136 13
0 335.076064 140.389440 374.617376 74.992320 14
0 573.304352 385.930432 593.999328 335.624768 15
0 578.275168 265.869504 596.004512 215.669056 16
0 406.525824 312.463680 444.247936 233.682880 17
0 463.675904 281.015072 496.738816 219.298528 18
0 549.727872 316.921536 574.741888 259.015744 19
0 344.607104 102.077568 372.840576 63.537792 21
0 542.696256 365.932128 565.210304 318.599072 22
0 502.986976 350.526720 535.964704 274.352640 23
0 520.290208 424.406400 544.656992 319.580800 24
0 612.939744 430.364544 631.243296 373.714816 26
0 518.793408 299.051520 542.379072 219.421440 28
0 570.314496 351.210240 593.403904 302.471680 32
0 542.812576 468.480000 575.971424 394.904320 35
0 466.566976 321.608960 494.504384 253.713920 34
0 505.346496 291.115520 535.142464 244.047360 20
0 577.298720 432.549632 604.582880 379.679488 45
0 591.067712 354.635136 607.054528 312.221824 29
0 594.950496 443.303360 614.904224 344.889920 42
