0 478.315328 364.594240 504.051392 287.142080 1
0 297.786688 390.852800 347.846592 286.692160 2
0 323.702720 248.366080 369.497920 159.866880 3
0 521.620128 486.769280 566.634592 416.533120 4
0 287.357376 312.776960 309.935424 184.907520 5
0 401.222720 350.517120 438.089920 259.483520 6
0 394.626624 376.100800 424.376256 283.990080 7
0 549.196448 418.134752 579.530592 377.728288 8
0 338.874080 173.496960 358.249760 106.404480 9
0 377.918176 258.227520 413.318944 191.684800 10
0 440.866944 398.925440 480.249216 325.892480 11
0 547.598112 392.815840 579.804128 353.832480 12
0 363.621664 207.273568 403.881696 160.330912 13
0 334.887552 140.558080 374.520448 74.682880 14
0 573.159008 386.167648 594.037152 335.159712 15
0 578.648320 266.016544 596.218880 215.931616 16
0 406.720160 312.819840 444.331360 234.289280 17
0 463.416896 280.990944 495.036864 217.418016 18
0 549.757696 314.909888 574.768384 259.116352 19
0 344.455520 102.152640 372.601760 63.391040 21
0 542.822112 362.901920 566.804768 315.068000 22
0 502.501408 351.622080 536.364512 274.881600 23
0 520.360864 427.160960 546.636896 322.423680 24
0 612.467328 432.109024 631.172992 373.854496 26
0 518.896192 305.324160 541.907648 220.158080 28
0 570.322432 351.238144 593.168128 302.740736 32
0 541.597664 468.008640 576.067616 394.955840 35
0 466.129088 320.207040 494.718272 252.425280 34
0 504.778816 289.776480 534.181824 244.069280 20
0 577.135456 433.185248 604.630944 380.097312 45
0 593.123936 349.205120 607.006624 312.400000 29
0 594.332352 443.719360 614.312768 340.774720 42
