0 478.897760 365.901440 504.079520 286.669440 1
0 298.178656 390.189440 348.101024 286.997120 2
0 323.597376 248.163840 369.683904 159.886080 3
0 520.841024 486.409920 566.708416 416.381760 4
0 287.374688 314.626560 309.914272 184.737280 5
0 401.336608 350.202880 438.050272 259.424000 6
0 394.520352 375.334080 424.405728 283.831360 7
0 549.081376 418.167072 579.566304 377.742048 8
0 338.838240 173.669120 358.300960 106.448640 9
0 377.823680 257.911040 413.181760 191.550720 10
0 440.595840 399.399040 479.806080 325.603200 11
0 547.798464 392.873664 579.689536 353.915456 12
0 363.667008 207.455040 403.844032 160.242880 13
0 334.871680 137.444704 374.293120 74.525856 14
0 573.052096 386.446624 594.121024 334.997216 15
0 578.619552 265.956800 596.191328 215.950400 16
0 406.728512 312.368960 444.378048 234.224320 17
0 462.671456 280.294912 494.013344 216.451328 18
0 549.903712 315.059712 574.832288 259.061248 19
0 344.319936 101.708128 372.492864 63.265952 21
0 542.922592 362.677632 566.787488 314.675328 22
0 502.770912 352.461120 536.472608 274.924480 23
0 520.170336 426.504320 546.892704 321.950080 24
0 612.664256 430.293824 631.202624 373.918656 26
0 518.886752 305.338560 541.867168 220.238400 28
0 569.979616 350.753888 593.115424 302.753952 32
0 541.698848 468.638720 576.145632 395.056640 35
0 466.130528 319.866880 494.864032 252.272640 34
0 504.741024 289.897504 534.096736 244.295136 20
0 577.147456 433.433056 604.467904 380.078624 45
0 593.136000 348.922528 607.004800 312.084832 29
0 594.357024 443.265920 614.390496 340.634240 42
