0 460.671360 356.089920 496.474240 284.454080 1
0 310.355808 406.208320 352.213152 287.948480 2
0 322.799200 245.779200 366.173600 156.879360 3
0 539.207776 483.849920 578.742944 405.947200 4
0 288.405664 310.816960 310.616416 184.264000 5
0 405.259360 351.843840 439.227040 261.253120 6
0 393.967584 385.179200 428.909856 296.173760 7
0 545.765952 431.370528 582.127808 381.881312 8
0 339.319328 170.469184 358.166752 106.945216 9
0 371.709568 265.933760 406.780032 192.105280 10
0 309.492096 169.497600 330.180224 85.050880 11
0 546.133088 391.798560 579.236512 349.746400 12
0 407.026400 224.808256 433.856800 162.407104 13
0 328.208384 135.020864 359.353856 77.457856 14
0 558.885056 322.454752 577.408064 289.067808 15
0 543.557632 348.116480 560.018688 283.955200 16
0 390.879936 289.121600 427.722304 223.588800 17
0 389.356032 200.640000 418.667008 136.049920 18
0 554.848064 295.788640 574.543296 256.958880 19
0 504.185248 287.941440 531.851872 240.131520 20
0 357.920576 149.531200 379.533504 77.901760 21
0 553.284992 360.650624 579.675008 320.420736 22
0 498.813664 341.729280 536.630816 277.644800 23
0 525.796608 435.747200 546.312192 320.464000 24
0 590.207008 446.189120 605.255392 355.623360 25
0 603.285344 427.491552 630.717856 383.324448 26
0 511.307584 288.395200 535.732416 214.395200 28
0 588.871296 282.593280 601.442944 214.938880 29
0 584.079392 334.343840 596.999648 291.416160 30
0 593.586336 365.627936 606.926944 319.580384 31
0 569.903584 387.000320 591.156256 309.815040 32
