0 480.413312 353.823680 504.921728 287.017280 1
0 297.392128 391.288960 347.667712 287.587200 2
0 323.660352 247.347840 369.905088 160.176000 3
0 523.245248 486.326080 566.549312 416.159680 4
0 287.364576 316.008640 309.967904 184.779840 5
0 402.076320 350.625920 437.994080 259.121280 6
0 395.258208 377.845120 424.365472 283.953280 7
0 549.958208 417.334208 579.627712 378.414912 8
0 339.127008 173.288960 358.246432 106.283520 9
0 377.994112 257.672320 412.997248 191.619200 10
0 443.198112 398.097920 485.824608 327.027200 11
0 550.778656 389.502176 579.924704 352.841504 12
0 363.724256 206.676800 403.837984 160.335040 13
0 335.255552 141.482880 374.594048 74.994560 14
0 573.247328 385.834400 593.993632 335.667040 15
0 578.271200 265.885280 596.007200 215.657120 16
0 406.462464 312.435520 444.279296 233.690560 17
0 463.684832 280.836320 496.973088 219.326240 18
0 549.682304 316.771328 574.745216 259.009792 19
0 344.593664 102.211520 372.861696 63.528000 21
0 542.524256 366.127616 564.965024 318.886144 22
0 503.030784 350.639360 535.951616 274.347520 23
0 520.270080 424.312320 548.308480 319.409920 24
0 612.975200 430.326528 631.256480 373.701632 26
0 518.788480 299.043520 542.360960 219.411520 28
0 570.323840 351.120960 593.392000 302.395840 32
0 542.720192 468.458560 575.972928 394.938560 35
0 466.606464 322.067840 494.534016 253.928320 34
0 505.336224 291.178144 535.157856 244.032096 20
0 577.352992 432.570752 604.581088 379.700608 45
0 590.821472 354.599136 607.057568 312.119584 29
0 594.951552 443.328320 614.955648 345.018560 42
