0 478.200960 365.541120 506.126720 286.132480 1
0 312.160544 406.796800 352.026336 287.904000 2
0 323.948064 249.093440 367.135456 159.350720 3
0 521.412608 488.520000 566.476032 416.030400 4
0 288.920544 312.086720 311.500576 184.129600 5
0 402.407680 349.787200 438.298880 259.126720 6
0 394.932320 377.461120 425.063840 285.737600 7
0 548.724928 418.502848 579.822912 376.016192 8
0 336.027168 175.190720 358.316512 105.576000 9
0 375.751104 262.451520 413.499456 192.177600 10
0 421.084128 433.833280 466.775072 330.560960 11
0 547.818624 390.993568 579.647616 353.986912 12
0 363.293536 208.263424 404.127904 160.212736 13
0 335.340544 143.118080 373.680896 74.593280 14
0 572.918816 388.597472 593.701344 334.350368 15
0 578.525312 266.414656 596.097408 215.582144 16
0 405.994592 311.078400 441.886368 230.327040 17
0 417.565376 255.404800 453.934144 174.432000 18
0 547.313440 315.532544 574.879200 259.772416 19
0 345.968480 119.769024 377.391520 64.691776 21
0 542.409600 362.833088 565.915520 315.275072 22
0 505.187680 358.930560 536.071840 275.175040 23
0 524.357152 423.588480 549.477088 324.250240 24
0 604.823136 429.279552 630.369184 374.826688 26
0 518.837664 305.796800 541.170016 220.801600 28
0 586.665472 345.621216 598.770688 302.336544 29
0 594.024736 381.198720 606.541024 311.103360 31
0 571.396896 355.002496 594.571744 308.793984 32
0 540.732896 470.302720 575.849504 394.359040 35
0 463.748256 323.957120 492.436064 256.919680 34
0 505.229248 290.373888 534.371392 245.315072 20
0 577.847104 454.668480 603.818176 382.428480 45
0 581.160288 430.532672 604.019872 381.865408 42
