0 479.207168 364.721600 505.519872 286.103360 1
0 307.776480 406.510080 352.121120 289.036800 2
0 323.785024 252.134720 367.713216 159.419840 3
0 519.905696 486.484800 566.096224 415.709120 4
0 287.534752 315.004480 310.104928 185.046720 5
0 401.930848 347.595840 438.197152 258.219200 6
0 394.452384 379.290240 424.169056 285.452160 7
0 548.779520 419.623904 580.225280 376.630816 8
0 337.003776 173.198720 358.445824 105.421440 9
0 378.072224 259.520000 412.970336 191.836160 10
0 435.094208 404.448640 475.314752 320.800640 11
0 547.848128 392.444192 579.684672 354.507488 12
0 363.665568 205.933472 404.180832 159.890528 13
0 335.357376 133.228896 374.275904 74.078624 14
0 571.552096 385.558272 592.188064 332.192768 15
0 578.941824 266.460096 596.224896 215.395904 16
0 405.706240 315.510720 441.985280 229.936960 17
0 429.060256 274.455680 473.312864 194.715520 18
0 548.811808 315.792032 575.083232 259.487328 19
0 348.982816 113.412608 376.612064 65.146112 21
0 542.634368 363.188320 565.844352 315.393440 22
0 504.733536 358.201280 536.176544 275.176000 23
0 521.395456 423.779520 549.429504 324.950080 24
0 605.406592 429.329600 630.497408 375.753280 26
0 518.886400 305.797120 541.029120 221.050880 28
0 592.255168 384.967552 607.189312 323.042688 31
0 571.585056 351.876992 594.245344 304.371328 32
0 541.930656 468.114560 576.393824 394.875520 35
0 464.177888 323.648320 494.880032 254.843840 34
0 503.878208 290.443456 534.049472 244.249664 20
0 577.308480 452.414720 604.105920 382.996480 45
0 592.999072 353.898752 608.598368 311.994368 29
