0 454.197888 356.239040 492.862592 281.474880 1
0 312.230240 406.458880 352.484000 288.752640 2
0 327.946656 237.106560 369.968224 159.731840 3
0 538.428896 485.101440 578.673184 406.317440 4
0 286.495328 309.787840 307.777952 181.910080 5
0 404.358784 363.206720 443.422336 267.243200 6
0 391.821888 385.790400 429.838272 296.194880 7
0 548.619648 434.348256 582.769792 383.736864 8
0 339.494240 164.162816 358.144160 107.111424 9
0 372.459232 267.373760 406.349088 192.296000 10
0 309.299456 181.820480 327.020544 85.510080 11
0 545.884800 394.209728 579.967360 351.220032 12
0 409.139232 234.150080 434.877408 163.273280 13
0 329.097888 137.828160 363.496032 78.646720 14
0 559.368512 324.439456 581.819328 286.804064 15
0 543.526560 360.752000 560.085600 285.745280 16
0 386.769536 289.121920 422.664064 223.876480 17
0 391.127424 203.127040 419.720576 134.119680 18
0 554.215648 299.684448 575.073312 257.230752 19
0 503.821632 289.187136 532.003008 238.395584 20
0 363.979936 163.268800 385.552224 89.465920 21
0 557.830560 378.081344 587.222880 320.300736 22
0 498.920480 341.208096 536.384480 277.845984 23
0 525.317568 432.135040 545.877312 316.033920 24
0 588.501568 436.706880 604.644032 344.980160 25
0 610.005312 429.450496 631.252928 374.997504 26
0 467.783200 324.041600 498.656480 255.994240 27
0 511.854752 283.827520 534.855008 214.203840 28
0 590.346336 290.528960 604.243104 222.671680 29
0 583.402688 333.511360 597.189952 289.577280 30
0 592.410656 382.353632 608.734944 325.006368 31
0 570.014880 377.191360 591.421280 310.096960 32
