0 459.979744 356.978880 494.171936 284.653120 1
0 309.742240 404.760000 352.689760 287.684160 2
0 322.998848 255.169600 365.150912 159.778240 3
0 537.983648 489.944960 578.315872 407.282560 4
0 288.469216 309.569280 310.697504 183.795200 5
0 400.605952 352.467520 439.767808 261.800640 6
0 393.812032 384.312320 429.178048 296.508160 7
0 547.262016 418.201696 581.104064 380.225184 8
0 339.260384 172.582720 357.968416 106.671040 9
0 370.765952 266.748480 407.073408 192.198080 10
0 313.141760 178.744640 331.361280 95.199680 11
0 547.682176 389.731648 577.088384 352.315072 12
0 392.488736 221.625408 425.031904 168.932032 13
0 327.185184 133.970080 358.144736 79.682400 14
0 559.628768 358.508736 577.327392 299.098944 15
0 540.134464 323.105920 559.237056 274.307200 16
0 391.408416 286.440096 426.858464 223.801184 17
0 385.786688 191.740960 416.672192 136.305120 18
0 554.928000 302.529120 574.494080 257.484960 19
0 502.376256 286.824992 530.935744 239.934688 20
0 353.020064 124.488256 378.446176 69.179584 21
0 542.237312 361.959456 566.492288 319.242464 22
0 498.692160 338.759968 534.311360 275.119072 23
0 523.955584 432.046720 545.490816 320.483200 24
0 571.322240 477.261440 590.944640 413.129600 25
0 600.660928 430.922880 630.908992 374.645120 26
0 516.533888 290.453440 539.140992 221.272640 28
0 587.675712 281.624640 601.677248 214.550720 29
0 585.032544 354.460608 597.034656 293.940032 30
0 592.083104 388.049600 606.590816 315.265600 31
0 574.766176 382.759040 591.061664 314.706560 32
0 465.749856 329.266880 498.389664 256.343360 34
