0 460.444704 356.551360 496.932576 284.458560 1
0 310.739552 406.072000 352.057248 288.553280 2
0 323.495296 241.111680 364.927104 156.059520 3
0 538.142432 483.400960 578.840608 405.967360 4
0 288.483552 309.958720 310.570528 183.780800 5
0 405.723008 352.716800 438.915712 261.470720 6
0 394.039808 387.945920 428.899072 296.125760 7
0 547.898368 431.828672 582.536192 382.196288 8
0 339.256032 167.288192 358.246688 107.011968 9
0 372.082240 266.690880 406.307520 192.388800 10
0 309.389856 169.477440 329.991904 85.146560 11
0 546.306624 392.189696 579.783616 349.686784 12
0 408.354400 226.382080 433.996960 162.333440 13
0 328.080992 135.583200 360.797088 76.967200 14
0 558.882400 328.511520 578.964640 288.330720 15
0 543.533856 356.650240 560.046304 283.868160 16
0 391.080384 288.333760 428.028736 224.116800 17
0 389.202944 201.870400 421.090816 134.919360 18
0 554.895328 298.608672 574.406432 256.801248 19
0 504.232128 288.089856 532.237632 239.933184 20
0 360.205280 158.748160 382.939680 81.625600 21
0 558.818944 373.186752 585.890176 324.047168 22
0 498.940480 337.979424 536.338880 277.604576 23
0 525.568000 431.345920 546.556160 318.238720 24
0 590.125472 448.084800 605.431648 355.746240 25
0 603.647456 431.109280 630.058784 383.245920 26
0 511.413856 283.179200 534.890144 213.979200 28
0 589.639200 281.762240 601.280480 215.677760 29
0 584.296768 335.046912 597.186752 290.714368 30
0 593.031712 368.693696 607.769568 322.423104 31
0 570.009184 376.002560 591.089056 309.763840 32
