0 460.219552 356.406720 494.696288 284.580160 1
0 310.382464 405.144000 352.995456 287.918400 2
0 322.901440 257.287680 365.240640 160.012800 3
0 537.695840 488.697280 583.165600 403.246400 4
0 288.389856 309.692160 310.696224 183.738880 5
0 400.410848 352.070720 439.873312 261.858240 6
0 393.713792 383.630720 428.978048 296.488320 7
0 546.396768 417.774624 580.023712 380.124896 8
0 339.035392 173.297280 357.897728 106.565760 9
0 371.059584 266.798080 407.044736 192.422400 10
0 313.315392 177.086080 332.567488 95.521920 11
0 547.061728 391.085632 576.986912 352.184768 12
0 394.135264 220.385792 425.535776 170.308608 13
0 327.174336 136.321344 358.567744 79.769536 14
0 559.412032 357.959168 577.274048 300.108032 15
0 540.182400 321.347104 559.080320 271.377376 16
0 391.963616 289.008960 427.712544 223.321280 17
0 385.945856 192.217632 417.003264 136.376288 18
0 555.095328 302.745600 574.520032 257.373440 19
0 502.606304 286.390752 530.942496 239.937568 20
0 353.265184 132.065664 378.732256 69.444736 21
0 542.042112 361.600000 565.852928 319.174400 22
0 498.372640 339.335040 534.656480 275.260800 23
0 524.545504 432.383360 545.096736 322.719360 24
0 600.864736 430.562976 630.875424 374.577504 26
0 516.540864 290.832960 539.123776 221.297600 28
0 588.009504 281.597760 601.567456 214.838720 29
0 586.037184 369.316160 597.507136 298.912960 30
0 592.251552 387.549120 606.517088 314.667840 31
0 574.825216 381.403200 590.851584 316.336320 32
