0 477.996320 368.588800 505.564640 285.761280 1
0 309.665408 406.269760 352.401792 287.925440 2
0 324.035680 258.475520 365.262240 159.029760 3
0 531.866752 483.426880 575.169408 417.954240 4
0 288.513440 309.155200 310.027360 181.840000 5
0 401.131968 351.914880 438.912832 258.913920 6
0 396.340640 373.226560 424.802400 286.850240 7
0 542.534816 417.110048 577.544544 375.396832 8
0 337.867936 173.572160 358.309984 106.600640 9
0 371.980320 266.868160 409.092320 192.093760 10
0 367.022880 388.383680 409.060320 275.229760 11
0 551.306400 391.098752 579.779680 352.788608 12
0 363.544256 211.467872 405.373504 159.913888 13
0 326.627168 140.443968 366.230432 79.260352 14
0 572.982816 384.385056 593.313504 333.601504 15
0 579.209280 265.100832 595.227840 215.152608 16
0 406.005856 312.042240 443.487904 229.852160 17
0 409.294624 228.366720 427.132896 145.221760 18
0 545.493664 316.083744 574.279776 259.153376 19
0 349.958944 125.010656 378.212576 64.872224 21
0 542.457056 365.514432 565.284384 315.315008 22
0 504.734656 353.153920 536.624704 275.012480 23
0 529.083648 434.627840 547.992832 320.764160 24
0 606.491872 429.733984 630.936608 374.879136 26
0 518.320672 303.257600 540.695008 220.476160 28
0 586.454496 297.739840 603.794464 245.388480 29
0 590.650112 368.335744 606.952448 310.317696 31
0 567.172384 348.358208 590.481376 310.735552 32
0 589.950944 448.161280 605.835296 364.192000 36
0 538.901984 437.522912 576.076576 394.388768 35
0 464.300128 321.389760 494.765472 256.409920 34
0 505.515136 289.539872 533.929344 245.378528 20
