0 479.059456 369.526400 506.054144 285.827200 1
0 310.094336 406.044480 352.109824 287.805120 2
0 324.174624 256.608640 365.498336 159.506560 3
0 527.018368 483.557120 570.562432 416.358400 4
0 288.330400 311.866880 310.328160 181.958400 5
0 401.702976 351.876480 438.750144 260.050560 6
0 395.606624 364.677440 424.983456 286.267840 7
0 543.042688 419.210816 577.976192 375.390144 8
0 336.731360 173.678080 358.399520 106.343680 9
0 372.155936 266.670400 410.441184 193.022400 10
0 374.185504 420.762880 428.891616 306.654720 11
0 548.539008 390.410784 579.595392 352.610016 12
0 363.646784 209.670944 405.125056 159.717856 13
0 327.639648 142.065600 368.442272 79.731520 14
0 573.667552 387.897312 593.747488 333.888288 15
0 579.445824 263.908608 595.852736 215.764992 16
0 406.561216 313.070720 443.278144 230.695040 17
0 408.958592 227.242240 427.302528 145.936640 18
0 546.563616 314.737728 574.295264 258.908352 19
0 349.754432 124.078656 377.923008 65.651904 21
0 541.357696 362.879616 565.144704 312.211584 22
0 504.537920 355.556160 536.460480 275.044800 23
0 528.372576 434.193920 547.938464 322.086400 24
0 604.996640 428.495232 630.664160 375.195008 26
0 518.524288 304.146560 541.008512 221.347200 28
0 581.766016 306.505440 598.280064 245.769760 29
0 590.396928 375.758720 606.881792 311.280000 31
0 567.264064 349.079808 590.166976 310.660352 32
0 585.714592 460.637440 604.174688 376.060160 36
0 539.453568 449.199616 576.533632 394.143744 35
0 464.230304 323.387200 492.779616 256.735680 34
0 505.001728 290.379008 534.378752 245.400832 20
