0 459.984608 357.080640 495.845152 286.121920 1
0 309.552800 406.267840 352.452960 288.393280 2
0 327.499392 237.329600 371.289728 160.043840 3
0 539.155776 486.505600 578.777024 406.230400 4
0 286.841440 310.009280 308.750240 183.515200 5
0 405.092896 361.384000 443.006944 266.843840 6
0 390.709696 384.875200 429.194304 295.202880 7
0 545.227616 434.822816 583.002784 385.069664 8
0 339.681024 164.881728 358.224896 107.242432 9
0 372.318176 266.386880 405.787424 192.220480 10
0 309.299744 174.624000 328.240096 85.600000 11
0 545.264512 394.890528 579.420288 352.931552 12
0 407.352576 229.022080 434.162944 162.943360 13
0 329.101312 137.496960 362.880768 77.864320 14
0 559.439104 324.031488 581.236736 287.711232 15
0 543.527520 361.968640 560.043680 285.596160 16
0 388.850432 288.372160 425.737728 224.100160 17
0 391.250080 201.404480 419.373920 134.439360 18
0 554.337152 300.133024 575.042688 256.810336 19
0 504.209664 288.374848 533.025536 238.693312 20
0 363.765472 165.670400 385.331488 88.642560 21
0 557.489184 383.344992 587.040736 320.157088 22
0 499.207264 340.221280 536.436896 277.831840 23
0 525.544192 431.185280 545.947648 319.204480 24
0 588.878016 435.246720 604.679744 345.714560 25
0 609.559168 431.312256 630.538112 374.930304 26
0 467.534592 329.009280 498.958848 256.818560 27
0 511.787584 274.696992 534.497216 214.101728 28
0 589.439232 282.198336 602.418688 218.321344 29
0 583.546848 334.531360 597.178912 290.190560 30
0 593.267936 383.208608 608.650784 324.984672 31
0 570.627488 376.127040 591.545952 310.201280 32
