0 480.530048 360.194240 508.356992 288.608320 1
0 295.439232 391.424000 347.843968 286.581760 2
0 323.729312 249.492160 370.945888 160.694080 3
0 520.694848 487.625600 566.089152 416.853120 4
0 287.369824 314.075840 310.117536 184.628800 5
0 401.098336 346.620800 437.797024 259.086720 6
0 392.860352 378.349120 425.165888 281.992640 7
0 553.547328 416.714400 578.519232 380.714080 8
0 338.995008 172.867200 357.794752 107.506560 9
0 377.664896 257.685120 413.346944 191.569280 10
0 456.088064 405.511360 498.818816 331.926080 11
0 547.650752 391.061280 579.629888 351.679200 12
0 363.524992 206.257760 404.041088 160.262560 13
0 336.848640 146.120320 376.194560 78.015360 14
0 573.255776 385.216256 593.661344 335.930624 15
0 578.633472 266.483072 596.186368 216.087168 16
0 406.464960 316.631360 445.472320 234.502080 17
0 464.488544 282.474080 497.563296 219.887520 18
0 550.148320 316.215072 574.747680 259.228128 19
0 345.640192 104.246016 373.856768 64.254464 21
0 542.548992 369.049792 562.179328 319.658048 22
0 502.570656 343.301120 536.835424 274.223360 23
0 614.003264 433.703456 631.269056 373.707744 26
0 518.671744 298.990080 543.601536 218.888960 28
0 571.047040 352.421024 593.617280 302.428256 32
0 534.666304 468.584960 574.265536 390.735360 35
0 466.468576 323.541760 494.685984 256.741120 34
0 505.660000 291.349248 535.196320 242.936832 20
0 576.111168 432.871808 604.778432 379.686272 45
0 590.274560 356.335776 607.316480 311.838304 29
0 594.856320 445.486080 616.676480 346.323200 42
0 520.716224 422.484160 562.395456 318.683200 46
