0 460.234368 355.622080 494.207872 285.128000 1
0 311.539008 406.206400 352.242112 288.293440 2
0 323.156384 245.538560 364.605536 160.272640 3
0 539.411776 487.832000 578.559424 406.891840 4
0 288.604704 311.517440 310.395616 183.737600 5
0 400.154816 350.872960 439.354944 261.088640 6
0 393.900800 386.128960 428.995840 295.835840 7
0 549.201728 428.613984 581.838272 380.802976 8
0 338.968352 173.311360 357.864928 107.108480 9
0 372.056608 266.971520 406.560992 191.498880 10
0 311.581600 182.293120 328.950880 93.132160 11
0 547.019712 391.638720 577.192768 352.980800 12
0 399.837312 220.738208 428.003968 166.436192 13
0 327.400768 134.596544 358.926272 78.469696 14
0 560.119680 350.546080 573.336960 292.751200 15
0 541.562368 324.305792 560.539392 279.344768 16
0 392.193600 285.456288 426.898880 223.021152 17
0 388.706656 193.171680 417.072544 135.760160 18
0 555.004288 302.827904 574.440832 257.579136 19
0 502.833888 287.542528 531.146272 239.493632 20
0 353.425760 140.257280 379.159200 69.589760 21
0 542.838336 360.847648 568.030144 319.135712 22
0 498.808928 341.444480 534.089632 276.389760 23
0 524.756928 429.783040 546.405952 320.936960 24
0 576.754528 474.714560 597.599392 407.496000 25
0 601.253696 431.604288 630.977984 374.794432 26
0 516.418912 296.416320 538.987168 218.732480 28
0 587.940864 281.537920 601.364736 215.811200 29
0 583.984032 336.038464 597.185888 291.662016 30
0 591.397408 388.961920 606.139872 316.141440 31
0 572.267936 382.717120 590.546784 312.013120 32
0 467.324448 310.907296 497.846752 255.820384 34
