0 455.678880 356.186560 493.519200 282.588480 1
0 310.627136 406.346240 352.492224 288.730880 2
0 328.005024 237.268480 370.671456 159.889920 3
0 538.031584 485.896320 578.991136 406.047360 4
0 285.567936 310.797760 307.150144 182.519360 5
0 404.887360 363.819520 443.206080 267.068160 6
0 390.726496 384.071040 428.997024 295.239040 7
0 545.086656 434.525376 582.858304 383.699264 8
0 339.611616 164.715360 358.093344 107.131040 9
0 372.549504 266.922560 406.110336 192.079040 10
0 309.310144 181.856320 326.782016 85.339840 11
0 545.790496 394.344608 579.922144 351.163232 12
0 408.583616 234.574720 434.757184 163.059840 13
0 329.159552 138.227520 363.287168 78.532800 14
0 559.368512 324.048128 581.806528 286.689792 15
0 543.469216 361.037120 560.066144 285.512640 16
0 386.955488 288.610560 422.251552 223.866880 17
0 391.147360 201.968320 419.461280 134.149440 18
0 554.309664 299.540352 575.030496 257.226368 19
0 504.023872 288.899616 532.131008 238.697184 20
0 364.122112 165.849920 385.462528 89.472960 21
0 557.633280 379.159648 587.256320 319.978912 22
0 499.184928 341.143808 536.157152 277.956352 23
0 525.472256 430.117120 545.981184 317.015040 24
0 588.747104 436.116480 604.662176 345.143040 25
0 609.993664 429.783136 631.108416 375.348384 26
0 467.751456 324.540160 499.387104 256.366080 27
0 511.857152 279.121920 534.688768 214.092800 28
0 589.808704 283.882240 603.983296 219.084800 29
0 583.258656 333.692800 597.211104 290.335360 30
0 593.147136 382.691744 608.711424 324.841056 31
0 570.253344 375.700160 591.524576 310.091840 32
