0 479.365664 370.987520 506.261216 286.142720 1
0 309.258720 404.945920 352.165920 287.915520 2
0 324.187968 254.298240 366.380992 159.486080 3
0 523.654048 484.346240 568.246112 412.840320 4
0 288.277952 312.664960 310.403648 181.841280 5
0 401.371968 350.845760 438.930112 260.071360 6
0 395.242208 355.821760 424.811552 285.661760 7
0 542.771584 419.164544 578.304896 375.947136 8
0 336.656544 174.005440 358.350176 106.606400 9
0 371.827488 266.764160 410.919392 193.540480 10
0 382.548000 423.688960 441.969120 332.335360 11
0 547.770368 389.669568 579.698432 352.882752 12
0 363.690816 208.874752 404.923584 159.635968 13
0 331.638400 144.815040 371.305600 78.792000 14
0 573.877664 388.449632 593.726816 333.739168 15
0 579.723872 263.732512 595.852448 215.827168 16
0 406.661984 310.502400 442.621856 230.355200 17
0 408.803072 226.497600 427.186688 146.441920 18
0 547.298528 314.284192 574.529312 259.177568 19
0 350.701056 123.122944 377.585664 65.671936 21
0 541.201984 362.562560 564.573376 312.385280 22
0 504.522848 351.617600 536.243872 274.758080 23
0 528.323712 431.517440 547.479168 322.181120 24
0 604.785216 430.098208 630.605504 374.897632 26
0 518.557952 304.030720 541.079808 221.273600 28
0 582.123360 312.716480 596.878240 248.646720 29
0 590.746816 377.896320 606.877504 311.424640 31
0 567.533696 349.044480 590.237824 310.423040 32
0 585.438432 464.270720 603.846688 377.539200 36
0 541.555712 457.583936 576.272128 394.176704 35
0 464.343424 323.706880 491.104896 256.284160 34
0 504.797728 290.409024 534.809312 245.429696 20
