0 478.467936 367.186880 506.209184 285.672000 1
0 313.217472 406.732800 351.992128 288.352000 2
0 324.206016 251.503680 366.755904 159.398080 3
0 521.290496 488.284160 566.782464 415.712000 4
0 288.615680 312.178240 310.864640 182.975680 5
0 402.272256 351.372800 438.366464 259.066880 6
0 394.537184 377.862720 424.975136 285.465280 7
0 548.634592 418.330048 579.479328 376.058432 8
0 334.255104 174.940800 358.480896 105.486720 9
0 375.536000 262.521600 413.315200 191.974400 10
0 418.599584 436.917760 458.878816 339.388160 11
0 547.864896 390.382624 579.976384 353.864416 12
0 363.468992 210.948448 404.126528 160.055712 13
0 335.330848 143.651840 373.923552 74.493440 14
0 573.398976 389.785312 593.564224 335.261728 15
0 578.532000 266.486400 596.194400 215.561600 16
0 406.125760 315.101120 443.040320 231.190080 17
0 414.373440 259.600320 444.386240 168.543040 18
0 546.888864 315.780672 574.713696 259.912128 19
0 349.723456 120.486848 377.520064 65.064512 21
0 542.511936 362.554656 565.887424 314.923744 22
0 504.579872 357.583360 536.006368 274.876160 23
0 527.061920 428.451520 549.034080 324.403520 24
0 604.743776 429.156800 630.529184 374.800960 26
0 518.873312 306.401600 541.092128 220.889280 28
0 584.895328 352.452288 598.661792 291.684672 29
0 595.599424 380.436480 606.886336 311.324160 31
0 571.756512 356.889984 594.629408 311.454336 32
0 540.906880 469.212480 575.882880 394.499520 35
0 463.808512 324.144640 493.307648 256.698880 34
0 505.447904 290.853344 534.398496 245.185056 20
0 584.655136 429.548224 603.933664 380.864576 42
