0 460.942816 356.064640 497.499424 285.872000 1
0 310.440416 406.141440 352.251424 288.472320 2
0 327.248960 239.514560 368.972480 159.804480 3
0 537.940544 484.548480 578.817216 406.446720 4
0 288.576544 313.385600 310.711776 184.183680 5
0 404.825504 359.207040 442.017376 265.874560 6
0 390.437120 385.505600 429.274880 294.997440 7
0 547.816288 432.694048 582.742432 384.185312 8
0 339.401888 166.294176 358.082912 107.042144 9
0 372.132288 266.810240 405.804352 192.444800 10
0 309.455424 176.778560 328.826816 85.336000 11
0 545.159104 392.749472 578.259776 349.937248 12
0 408.895616 227.011520 433.892224 162.181440 13
0 328.810752 138.012576 364.578048 76.645984 14
0 559.147072 325.612352 579.478208 287.903168 15
0 543.564896 360.000320 559.984544 285.746880 16
0 389.410784 288.154560 430.018336 223.535680 17
0 391.159584 202.324480 419.554016 134.897920 18
0 554.910144 300.068704 574.495296 256.898976 19
0 503.897632 287.991744 531.511008 239.064896 20
0 362.958336 166.886080 385.526784 87.068480 21
0 558.210016 391.122240 587.434784 320.617920 22
0 499.716096 337.273632 537.644544 278.469088 23
0 525.070656 434.105920 545.822144 319.878080 24
0 589.951712 442.584960 605.751328 350.417280 25
0 609.094144 433.470464 630.214656 375.867136 26
0 511.863904 283.501440 534.621856 213.974400 28
0 589.272256 281.668800 601.488704 216.110400 29
0 584.107200 334.052896 597.217600 290.505184 30
0 593.004096 381.066112 608.389824 325.298048 31
0 570.087296 355.650912 591.361664 310.045088 32
