0 460.938944 356.073280 497.219136 285.266880 1
0 309.658848 406.142400 352.177952 288.357440 2
0 327.037952 239.994240 368.487168 159.608960 3
0 537.668608 484.207040 578.816512 406.264640 4
0 288.524928 313.451200 310.685312 184.136000 5
0 404.858144 360.411520 441.454816 265.095040 6
0 390.484384 385.436800 429.314656 295.519360 7
0 547.843616 432.252064 582.620384 383.434336 8
0 339.376448 166.934112 358.130112 107.017888 9
0 372.095968 266.397760 406.041632 192.529600 10
0 309.478080 175.084480 328.896320 85.330240 11
0 545.848768 392.155648 578.208832 349.019392 12
0 408.964576 226.976640 433.882144 162.337920 13
0 328.602240 137.876224 364.287360 76.432896 14
0 558.957376 326.029152 579.125184 287.609248 15
0 543.645216 358.671680 559.957984 285.323200 16
0 389.630304 288.105408 430.472096 224.237632 17
0 390.632896 202.274560 419.420224 135.151360 18
0 554.921504 299.362432 574.419936 256.972928 19
0 503.902784 288.079232 531.574976 239.122048 20
0 362.516032 167.248000 385.590208 86.741120 21
0 556.903616 391.455040 587.824704 321.120960 22
0 499.597632 336.929536 537.503168 278.475264 23
0 525.186272 433.197120 546.262048 319.372480 24
0 589.877152 446.269120 605.504608 351.481920 25
0 608.926368 434.191680 630.096992 376.487360 26
0 511.896128 282.529280 534.521792 213.960960 28
0 589.476960 281.285120 601.374880 215.930880 29
0 584.102432 334.167904 597.122528 290.601376 30
0 592.893120 379.931808 608.304960 325.153632 31
0 569.993216 356.464640 591.276544 309.876480 32
