0 478.680128 368.016000 506.638272 286.286720 1
0 310.729504 406.136960 352.521696 288.675200 2
0 323.294112 227.808960 364.982368 158.139200 3
0 532.347648 484.996160 575.657472 412.465600 4
0 287.254176 308.161920 308.937824 180.296320 5
0 403.315616 350.728960 438.174304 258.580480 6
0 395.523360 379.466560 425.056480 287.280320 7
0 545.892768 416.702240 578.336352 375.004640 8
0 339.445600 171.231360 358.453920 106.524800 9
0 371.890400 263.720640 406.857760 190.984000 10
0 322.276224 284.168640 372.827776 197.888320 11
0 549.327744 386.949088 577.568896 352.135712 12
0 365.482272 219.347968 409.140448 161.021952 13
0 326.779040 141.756128 363.522400 79.048992 14
0 565.170048 394.300480 586.616192 318.831040 15
0 579.461792 265.559456 594.161248 215.120224 16
0 403.449024 301.079680 441.142336 225.776000 17
0 409.540288 227.240320 428.205632 144.467840 18
0 547.371264 317.319584 574.174976 259.243616 19
0 349.881888 125.226304 377.394912 64.782016 21
0 542.443584 364.361568 565.934016 317.791392 22
0 504.653504 353.836160 536.558656 274.193280 23
0 528.553440 434.246080 547.525920 320.847680 24
0 605.424896 430.028608 630.815744 374.844352 26
0 517.933792 303.065600 540.486688 219.905280 28
0 591.863296 292.401920 604.506624 215.820800 29
0 592.541888 363.408960 607.109952 307.911360 31
0 572.578816 365.723840 591.368704 311.647040 32
0 590.496864 444.516160 605.655456 359.453120 36
0 538.646080 434.401216 575.403200 392.881984 35
0 464.531264 322.232960 493.638336 256.123520 34
0 505.640832 291.389376 534.764928 245.093184 20
0 589.473728 339.995424 602.332992 296.305376 40
