0 479.843296 366.439680 503.899424 285.736960 1
0 299.176992 399.446400 350.120928 290.125440 2
0 323.572384 247.550400 369.464416 159.758400 3
0 520.425760 487.084160 566.723040 416.634240 4
0 287.388096 316.473920 309.895744 184.802240 5
0 401.698144 350.555840 438.103456 259.480640 6
0 394.994144 376.750080 424.454176 284.363520 7
0 549.381408 419.623424 579.953632 376.873216 8
0 338.660160 173.390400 358.393280 106.092480 9
0 377.937952 257.984960 412.793568 191.480640 10
0 441.313024 398.254400 479.732736 324.438720 11
0 547.362080 393.984128 579.716320 354.712192 12
0 363.589632 207.829632 403.834368 160.291968 13
0 334.874048 135.794848 374.368832 74.504032 14
0 572.853760 387.019328 594.114560 334.250432 15
0 578.584320 265.808640 596.174080 215.825920 16
0 406.259776 309.324800 444.506304 234.588160 17
0 454.370720 280.342784 488.313440 219.673856 18
0 549.710272 315.748192 574.827328 259.353248 19
0 344.181152 101.612320 372.529248 63.297760 21
0 542.791840 363.657024 566.425440 314.284736 22
0 503.255840 355.235520 536.211680 274.985280 23
0 520.255776 424.312960 549.167584 324.552320 24
0 612.826432 431.614784 631.081408 374.284736 26
0 518.890496 305.896000 541.625344 220.516800 28
0 569.473888 350.542560 593.217952 302.841120 32
0 540.878432 468.106880 576.125088 394.872960 35
0 466.375040 325.084160 495.040640 248.962560 34
0 504.686304 290.397408 534.148896 244.211232 20
0 576.650912 437.566656 604.087648 380.382784 45
0 593.327520 348.681568 607.034720 311.952032 29
0 594.413568 441.218880 615.149312 340.606400 42
