0 460.727904 355.760640 495.249056 284.577280 1
0 312.677152 405.961600 352.122848 288.292480 2
0 323.318176 244.145920 365.789024 160.108800 3
0 538.350560 486.161280 579.328800 406.372480 4
0 288.491968 313.804480 310.505792 184.770880 5
0 401.965952 350.578880 439.374208 261.286720 6
0 394.714848 385.184960 428.684832 296.200000 7
0 545.434912 432.901184 582.256608 382.321856 8
0 339.195424 173.249920 358.047456 107.204480 9
0 371.630240 264.472640 408.184160 192.059840 10
0 309.329472 177.536000 328.200128 86.028800 11
0 545.854272 391.223328 579.315648 350.008032 12
0 407.645344 225.187456 433.468256 162.539904 13
0 327.414304 133.883648 359.797216 77.654272 14
0 559.757632 324.404768 576.951488 289.240032 15
0 543.655136 344.975584 560.886304 284.518176 16
0 390.881952 288.777280 428.510048 224.614080 17
0 389.228064 200.136800 417.932256 136.677280 18
0 554.757568 296.522656 574.702912 257.274464 19
0 503.729088 287.639744 531.871552 240.347456 20
0 355.559712 147.112000 379.502048 76.283840 21
0 547.282880 362.917952 575.009600 324.704448 22
0 498.877344 339.555040 536.793696 277.091360 23
0 525.497152 433.922560 545.414848 317.946880 24
0 587.998048 444.651840 605.047712 372.200640 25
0 606.238496 425.494688 632.062944 383.470432 26
0 511.187456 287.923840 535.962624 214.517120 28
0 589.134272 282.522880 601.356608 214.616320 29
0 583.892320 337.136288 597.111200 291.833952 30
0 593.570272 376.166048 606.720288 318.852192 31
0 571.053824 380.880960 590.742016 310.036160 32
0 466.380032 331.622720 498.195968 256.713920 34
