0 477.964832 367.969280 506.631648 286.746880 1
0 311.407168 406.634880 352.524992 288.816000 2
0 324.096800 237.264960 364.850400 159.513280 3
0 532.602528 484.849600 575.656032 413.794880 4
0 288.095136 311.403520 310.226784 182.159360 5
0 400.942240 350.251520 438.424160 259.120640 6
0 396.047904 380.686080 424.867296 287.925760 7
0 543.675872 417.025184 577.668128 375.977056 8
0 338.999648 171.741440 358.459552 106.717440 9
0 371.997856 259.384000 408.827744 190.912320 10
0 343.851840 336.350400 382.699200 221.750080 11
0 550.453824 388.361984 578.895296 351.822336 12
0 364.094016 212.031264 406.551744 159.879136 13
0 326.823232 140.134016 365.114048 79.142784 14
0 567.957120 389.835488 590.742400 327.887392 15
0 579.504512 263.980608 595.771008 215.364032 16
0 405.113952 310.464320 441.938848 227.280320 17
0 409.550080 228.053120 428.142080 145.176960 18
0 547.706336 316.072192 574.203424 259.301888 19
0 349.990528 124.465248 377.350272 64.803232 21
0 542.811200 364.445952 565.841600 317.790208 22
0 504.531520 351.368640 536.630720 274.003520 23
0 528.725184 430.955200 547.804736 320.426560 24
0 605.848128 427.803136 630.953152 374.584064 26
0 518.511616 303.874880 540.964864 220.145600 28
0 588.298048 300.624960 608.412352 232.474560 29
0 592.268928 365.394208 607.032192 308.655072 31
0 568.262592 348.674464 591.025728 308.569696 32
0 590.852320 444.447040 605.826080 359.659200 36
0 539.164576 434.361888 575.456864 394.473952 35
0 464.983232 321.935680 493.572928 255.906240 34
0 505.778368 291.850560 534.929472 245.142720 20
