0 477.234976 368.606720 506.096864 286.691840 1
0 310.869696 406.577600 352.216384 288.633920 2
0 324.122112 239.766400 365.227008 159.073920 3
0 532.505344 485.468160 575.774976 414.616320 4
0 288.528896 313.420800 309.942784 181.917440 5
0 401.393536 351.747840 438.657664 258.949120 6
0 395.896224 378.156480 424.537696 288.111680 7
0 543.403008 417.079136 577.679872 375.576224 8
0 338.763488 173.782400 358.516512 106.678400 9
0 371.986336 259.706240 409.141344 191.144320 10
0 347.238304 347.318400 385.001056 228.423040 11
0 551.341376 389.772928 579.184064 352.912512 12
0 363.586080 214.107744 405.948640 159.544736 13
0 326.637536 140.937184 364.718624 79.192096 14
0 570.988448 387.689152 591.927392 332.964928 15
0 578.997984 265.779744 595.331616 214.788576 16
0 405.441376 309.212480 442.558624 228.374720 17
0 409.593312 227.870080 428.027168 145.196160 18
0 547.461984 316.904320 574.150816 259.122560 19
0 350.092672 124.786944 377.659008 64.350976 21
0 542.538816 366.019584 565.619904 318.017536 22
0 504.454560 352.606720 536.781920 274.046720 23
0 528.581024 432.868160 548.144736 320.315840 24
0 605.981152 430.598080 630.786848 374.832960 26
0 518.436448 303.078720 540.858272 219.834560 28
0 585.421248 300.351072 608.867392 241.379488 29
0 591.808672 365.929792 606.940768 309.466048 31
0 567.413920 348.188704 591.079520 308.711136 32
0 590.564960 443.478080 605.858720 360.470720 36
0 538.699136 435.138624 575.643264 394.367936 35
0 464.376608 322.760000 494.626272 255.816640 34
0 506.150912 288.915872 534.701568 245.088608 20
