0 460.606592 356.709760 496.870528 284.430720 1
0 310.192512 406.323840 352.106368 287.935360 2
0 323.181664 244.191040 365.179296 156.194240 3
0 538.617792 483.078720 578.760768 406.040000 4
0 288.457824 307.956800 310.575776 184.210880 5
0 405.408576 352.020160 438.810304 261.203520 6
0 394.162048 385.896320 428.778112 296.120960 7
0 546.026912 431.869536 582.428768 382.141344 8
0 339.363904 168.173440 358.195136 106.848640 9
0 371.908256 265.365440 406.545504 192.361280 10
0 309.440768 168.795520 329.915392 85.193600 11
0 545.947008 391.797344 579.178112 350.519456 12
0 408.172960 226.094592 434.055520 162.459648 13
0 328.339360 135.301664 359.766880 77.320416 14
0 558.860128 326.460416 578.526112 288.635904 15
0 543.444704 356.476800 559.978016 283.926400 16
0 390.842688 289.129600 427.782592 223.848320 17
0 389.106848 201.181760 419.801952 135.532480 18
0 554.847168 298.012064 574.440512 256.793696 19
0 504.371808 288.059104 532.391072 240.317216 20
0 358.725184 151.424640 381.635776 80.159360 21
0 557.250528 367.925760 583.865632 323.368960 22
0 498.828224 339.198592 536.398656 277.633408 23
0 525.598176 432.457280 546.194464 319.104960 24
0 590.182144 448.970880 605.371136 355.925120 25
0 602.723584 430.878432 629.988096 382.957088 26
0 511.400576 280.718400 534.921344 214.124480 28
0 588.845280 283.037440 601.402400 214.696960 29
0 583.721920 334.611328 597.130560 291.093632 30
0 593.693056 366.743648 607.456384 321.581472 31
0 569.818208 377.008000 591.501472 309.508480 32
