0 460.474592 356.513920 496.850208 284.453760 1
0 310.609536 406.191680 352.079744 288.566720 2
0 323.913984 240.764800 366.061056 156.534400 3
0 537.491328 483.333120 578.768512 405.885440 4
0 288.445792 309.577920 310.543008 183.828800 5
0 405.651456 352.634240 439.070464 261.603200 6
0 393.970912 388.101120 429.051168 296.177920 7
0 548.203200 431.690400 582.556480 382.365280 8
0 339.253312 167.429376 358.236608 107.028224 9
0 372.137376 266.509760 406.354784 192.432960 10
0 309.403456 169.895680 330.195904 85.153280 11
0 546.293856 391.852448 579.617184 349.700192 12
0 408.311872 226.453440 433.985728 162.378560 13
0 328.077216 135.652800 361.197664 76.859200 14
0 558.883200 328.993056 579.029120 288.375264 15
0 543.597376 356.919040 560.055744 283.980800 16
0 391.008416 288.208320 428.002144 224.265280 17
0 389.347040 201.892480 420.845600 134.908800 18
0 554.870816 298.529024 574.395104 256.810496 19
0 504.279456 288.080256 532.126304 239.693184 20
0 360.393248 157.901440 383.497952 82.669440 21
0 559.219488 378.076416 586.786272 323.947264 22
0 498.978080 337.570240 536.525280 277.628480 23
0 525.462176 431.245440 546.560864 317.984640 24
0 590.250528 447.819200 605.398752 355.725120 25
0 604.314688 430.744512 630.040512 383.207488 26
0 511.450080 283.374400 534.871840 213.974720 28
0 589.595872 281.694720 601.291808 215.685120 29
0 583.960416 335.378944 597.189024 290.693376 30
0 593.245472 369.041344 607.815648 322.821696 31
0 570.099744 377.261760 590.905056 309.789760 32
