0 460.235328 355.817920 495.442112 285.160000 1
0 310.731392 405.155840 352.875648 287.857920 2
0 323.167744 255.291520 364.975616 160.059520 3
0 537.443392 484.923840 578.717888 403.396160 4
0 288.405120 305.688640 310.783360 183.380160 5
0 400.403424 351.640960 439.815456 262.284160 6
0 394.693472 383.484160 428.660128 296.115200 7
0 543.729952 415.010688 577.887968 378.332032 8
0 338.982208 173.457920 357.938112 106.296320 9
0 371.406528 266.878400 407.170112 192.312640 10
0 312.852384 176.392000 333.338976 98.810560 11
0 547.185632 389.087552 576.851488 351.546048 12
0 393.409408 219.700288 425.238912 169.947072 13
0 326.964512 134.857504 358.584288 79.753696 14
0 559.147552 356.321664 576.878048 300.014976 15
0 540.839104 318.108256 558.556736 264.350624 16
0 391.539456 284.349440 427.474944 223.285760 17
0 385.930656 192.017312 416.592224 136.602208 18
0 555.856960 303.417984 574.521280 257.055616 19
0 502.731104 286.956512 531.521696 240.101408 20
0 353.422176 132.753824 378.780064 69.570656 21
0 541.840320 361.273152 564.713280 319.026368 22
0 498.492288 343.688640 534.338432 274.839360 23
0 525.717568 432.490880 545.295552 323.486080 24
0 601.197824 429.802336 630.916096 374.506144 26
0 516.638656 292.338880 539.301184 221.413440 28
0 587.886496 282.403200 601.458784 214.870400 29
0 587.316480 370.081280 598.896640 309.068800 30
0 595.735936 365.040288 606.587264 312.407392 31
0 574.314816 378.951328 590.829504 316.712032 32
0 465.368384 312.727680 497.640896 256.224640 34
0 543.995328 441.625696 580.112192 398.430624 35
0 588.521888 392.614080 601.655392 316.790080 36
