0 480.544832 353.070912 509.741248 293.731008 1
0 294.872896 391.778560 348.112064 287.165440 2
0 324.246496 249.568320 370.912544 160.866240 3
0 518.851264 488.738560 563.043136 421.240320 4
0 287.472192 314.197120 310.004928 184.586880 5
0 400.507200 347.115200 438.054080 258.856000 6
0 382.430144 385.438400 426.085696 286.786880 7
0 549.307712 416.198048 576.777408 378.120032 8
0 338.937056 172.537920 357.510944 107.615680 9
0 377.648736 258.290240 413.616544 191.140800 10
0 460.485984 410.432000 506.496416 338.269440 11
0 548.027648 390.551840 579.525632 352.292320 12
0 363.755360 206.007040 404.254880 160.193280 13
0 338.467168 147.100160 377.166752 78.263040 14
0 573.051872 387.761024 593.671968 335.344256 15
0 578.526048 266.029792 596.232352 216.434208 16
0 405.967552 318.825920 446.957888 234.312000 17
0 464.749440 283.571520 497.070720 218.818240 18
0 548.393056 316.509216 574.851744 259.095264 19
0 346.567520 104.928512 375.780000 63.295488 21
0 541.975040 368.356992 562.709760 318.311808 22
0 502.132512 345.255360 535.261408 272.342080 23
0 613.843904 436.491360 631.219776 373.902240 26
0 518.616576 300.482240 542.010624 219.273280 28
0 570.793600 352.789152 593.909120 301.797728 32
0 534.601856 471.704000 573.309824 392.710720 35
0 467.172416 323.571520 494.399424 257.754560 34
0 506.463648 289.867712 534.318432 243.259968 20
0 573.799360 438.984736 605.510720 385.965024 45
0 590.215008 360.850016 607.318432 311.371424 29
0 595.475040 447.116800 616.541600 351.251200 42
0 519.986528 419.188800 562.720672 317.699520 46
0 522.331264 378.856064 562.810496 317.920896 47
