0 478.164160 369.272320 506.323520 284.890880 1
0 311.643456 405.928960 352.159424 287.432960 2
0 324.267040 260.199680 366.125280 159.424000 3
0 521.767552 487.839040 567.078528 414.015680 4
0 288.517728 309.032320 310.385312 181.685120 5
0 402.040736 350.469760 438.619744 260.080000 6
0 394.605184 374.088320 424.843136 286.231680 7
0 547.323232 422.146720 579.733408 375.778400 8
0 334.309792 174.947520 358.669408 105.803840 9
0 376.038912 262.888640 414.824448 191.577920 10
0 406.283680 435.750400 454.753120 346.946560 11
0 547.411104 389.328160 580.105056 352.879840 12
0 363.333184 212.507712 404.807616 159.825088 13
0 334.504768 143.123840 375.038912 73.507200 14
0 574.223424 387.072704 593.748416 334.994496 15
0 578.751552 265.519712 595.631808 215.986848 16
0 406.324608 300.562240 440.177792 231.252160 17
0 408.477696 229.059200 425.115904 146.056320 18
0 546.901504 314.903424 574.739456 259.796096 19
0 351.509792 120.278464 377.484768 65.738816 21
0 541.606144 362.797568 564.759296 313.546752 22
0 504.135840 352.592320 536.373600 274.479680 23
0 528.306912 426.717760 547.574048 322.351040 24
0 604.546400 429.614336 630.597280 374.742784 26
0 519.128992 305.792640 541.356128 221.215360 28
0 581.099168 325.457888 595.932512 261.937952 29
0 592.418720 380.893760 606.942560 311.426240 31
0 568.255616 350.227776 590.925184 311.998144 32
0 543.494592 469.782400 576.184128 394.721920 35
0 463.977472 324.659520 493.486848 256.932800 34
0 505.829504 292.117056 534.914176 245.052864 20
0 584.552896 431.957856 604.094784 380.266144 42
