0 479.911936 366.595200 503.847424 285.912960 1
0 298.732448 393.911040 349.904992 289.731840 2
0 323.574528 247.482880 369.435392 159.751680 3
0 520.531296 487.138560 566.727584 416.464640 4
0 287.395136 316.360320 309.901504 184.782720 5
0 401.695232 350.696320 438.111488 259.488640 6
0 394.995808 376.709760 424.465312 284.333440 7
0 549.360672 419.536704 579.939808 376.924096 8
0 338.692352 173.359680 358.399488 106.087360 9
0 377.923968 258.008000 412.779392 191.483200 10
0 441.582368 397.939840 479.903712 324.160640 11
0 547.476096 393.821472 579.822464 354.616288 12
0 363.595808 207.945024 403.835872 160.284096 13
0 334.914560 135.606880 374.339840 74.502560 14
0 572.939168 387.366496 594.091872 334.479264 15
0 578.597312 265.816896 596.179008 215.866304 16
0 406.245088 309.170560 444.482592 234.631040 17
0 454.930880 280.186144 489.014080 219.961056 18
0 549.618624 315.654272 574.808896 259.365248 19
0 344.184448 101.492000 372.528512 63.300320 21
0 542.725344 363.811360 566.465056 314.232800 22
0 503.225056 354.662080 536.189984 274.934080 23
0 520.253696 426.132480 549.275904 323.683840 24
0 612.806272 431.944032 631.095168 374.252448 26
0 518.900320 305.149760 541.580960 220.477120 28
0 569.525728 350.565760 593.217312 302.852480 32
0 541.087264 468.083200 576.103136 394.845440 35
0 466.433856 325.317120 495.116224 249.422080 34
0 504.662976 290.362496 534.160704 244.174464 20
0 576.770656 437.165856 604.134304 380.283104 45
0 593.325984 348.657728 607.043936 311.966912 29
0 594.397088 441.328960 615.069792 340.536000 42
