0 476.343552 366.425600 504.636928 285.105920 1
0 309.665568 404.939520 352.798432 288.788480 2
0 324.712384 245.941440 367.238976 160.212800 3
0 537.260256 485.106560 575.590944 411.986560 4
0 287.010208 302.831360 309.215072 178.222080 5
0 404.126400 357.229760 439.940160 260.623680 6
0 392.536160 382.174400 424.677280 289.586240 7
0 546.926208 417.217376 578.589312 375.164064 8
0 339.470464 173.191680 357.693056 105.859840 9
0 371.438208 266.597760 408.074112 192.676480 10
0 311.748480 224.290560 329.682560 119.878400 11
0 548.216960 386.842784 576.863360 351.447136 12
0 380.960928 221.885120 416.605792 169.002560 13
0 327.499776 137.912768 364.354304 79.874112 14
0 563.051360 395.907520 583.923360 310.911040 15
0 556.984800 267.161312 582.254880 234.761248 16
0 396.082624 285.140704 434.618176 226.865696 17
0 403.954720 221.720960 425.421280 129.176960 18
0 546.513824 318.402144 574.607456 257.450656 19
0 349.910752 128.172480 377.183008 65.385280 21
0 542.911744 358.556256 566.285056 318.751904 22
0 501.952000 354.562560 532.482560 275.138560 23
0 528.653440 429.822720 546.590080 323.180800 24
0 605.473088 427.288608 630.834112 374.096352 26
0 517.644160 304.606080 540.391040 221.255040 28
0 587.035520 282.184320 601.659520 213.758080 29
0 589.711072 361.273632 606.975008 307.642848 31
0 572.596224 371.312544 590.834176 309.254496 32
0 589.814112 446.362240 605.615008 354.454400 36
0 538.661984 432.809536 575.498656 392.890304 35
0 466.567424 321.684160 495.636736 256.590400 34
0 503.601024 297.585440 534.160256 246.591200 20
