0 460.636896 355.801920 495.150624 284.583360 1
0 312.265440 405.897600 352.148000 288.242560 2
0 323.135872 243.765120 365.871488 160.027520 3
0 538.068064 485.709120 579.240096 406.421440 4
0 288.455904 313.801920 310.559776 184.786240 5
0 402.397792 350.852480 439.383968 261.276800 6
0 394.557312 385.318720 428.667008 296.254400 7
0 545.398976 432.886880 582.272064 382.430880 8
0 339.186016 173.391360 358.054304 107.251200 9
0 371.680864 264.392640 408.160416 192.083520 10
0 309.382912 176.928320 328.167168 85.268160 11
0 545.833216 391.269216 579.284224 350.195104 12
0 407.661856 225.213536 433.491424 162.512544 13
0 327.564160 133.510048 359.820160 77.712992 14
0 559.707744 324.510528 576.842656 289.237952 15
0 543.586048 345.550304 560.859392 284.612896 16
0 390.899456 289.477120 428.588544 224.624640 17
0 389.188288 200.333280 417.941312 136.617760 18
0 554.753248 296.473216 574.689312 257.311104 19
0 503.721472 287.732704 531.938048 240.300576 20
0 355.665280 147.262720 379.507840 76.408320 21
0 547.398816 362.727808 575.422304 324.881792 22
0 498.910048 339.683808 536.826272 277.153312 23
0 525.556992 434.708480 545.416448 318.254080 24
0 588.098176 445.203840 605.271424 370.692480 25
0 606.258720 425.947712 632.047840 383.671488 26
0 511.182656 287.841280 535.998144 214.475520 28
0 589.109120 282.455360 601.363840 214.672320 29
0 583.859136 336.960640 597.099584 291.832960 30
0 593.557600 375.282816 606.717600 318.949504 31
0 570.901408 381.374080 590.724192 310.033280 32
0 466.300128 333.079680 498.246432 256.778880 34
