0 479.522592 364.220160 505.437408 286.195200 1
0 306.781088 406.834240 351.547232 289.461440 2
0 323.697696 249.740160 368.147424 159.411840 3
0 519.598272 486.659520 566.338368 416.059200 4
0 287.460160 314.737600 310.038720 185.160000 5
0 402.304992 348.397760 438.137888 258.457920 6
0 394.139872 379.451520 424.124448 285.664640 7
0 549.048448 420.068672 580.424832 376.581568 8
0 337.920160 173.039680 358.611040 105.417920 9
0 378.212448 259.806400 412.877472 191.887680 10
0 440.310624 403.224640 476.068256 320.560320 11
0 547.843616 392.770336 579.585504 354.628064 12
0 363.561248 205.654848 404.267232 160.164032 13
0 335.338272 132.256512 374.375648 74.042368 14
0 571.601952 385.912896 593.150688 332.254144 15
0 578.938496 266.240224 596.210304 215.600416 16
0 406.082656 308.016640 443.091104 231.112960 17
0 432.054208 281.280000 473.462592 199.296000 18
0 549.022816 315.513664 575.092384 259.548096 19
0 347.167616 104.764800 374.231424 64.695680 21
0 542.929984 363.280032 565.974976 315.205728 22
0 504.371968 357.051840 536.083712 275.301440 23
0 521.287808 422.273920 549.382272 324.224640 24
0 609.045216 427.715168 630.541344 374.284192 26
0 518.773888 307.140800 541.080192 221.099840 28
0 571.423104 349.440128 594.006656 303.471232 32
0 542.122080 468.178240 576.362400 394.971840 35
0 465.030336 324.108480 494.351424 255.339840 34
0 504.037088 289.994624 533.831712 244.058496 20
0 576.671616 447.297280 603.842944 382.067200 45
0 593.778304 350.192320 608.066176 311.752000 29
0 593.099136 428.469120 610.123904 326.998400 42
