0 460.641376 356.246720 496.511904 284.477760 1
0 310.228768 406.127360 352.180192 287.933440 2
0 322.751584 245.576960 366.025376 156.614400 3
0 539.298848 483.110080 578.769632 406.075200 4
0 288.361920 310.992640 310.600000 184.343040 5
0 405.246944 351.839040 439.207456 261.245120 6
0 394.294272 385.130560 428.912128 296.056000 7
0 545.479936 431.596096 582.166784 381.913024 8
0 339.326176 170.165856 358.135584 106.888864 9
0 371.655040 266.028160 406.686080 192.080000 10
0 309.498272 169.229440 329.992288 85.077120 11
0 546.156704 391.778528 579.241056 350.144032 12
0 407.193504 225.164576 433.870176 162.387424 13
0 328.228000 135.086880 359.788640 77.425120 14
0 559.004512 322.476704 577.945248 288.887136 15
0 543.514336 349.895360 560.000544 284.005440 16
0 390.867840 289.166720 427.687040 223.674240 17
0 389.343712 200.768320 418.710048 136.111040 18
0 554.850336 296.535872 574.494944 256.869568 19
0 504.174944 287.955552 531.944096 240.153248 20
0 358.017696 150.208320 379.917664 77.991360 21
0 553.794912 361.723552 580.236448 320.745568 22
0 498.851136 340.640384 536.663744 277.644416 23
0 525.708736 435.406080 546.210624 320.048640 24
0 590.290752 445.937280 605.233088 355.649920 25
0 603.230240 427.357792 630.689760 383.144608 26
0 511.325088 286.781440 535.341152 214.316800 28
0 588.872992 282.713600 601.446368 214.944000 29
0 583.962560 334.469664 596.996160 291.359456 30
0 593.569568 365.804832 606.947552 319.920608 31
0 569.874688 384.205760 591.286272 310.049600 32
