0 453.847904 356.488640 493.180576 281.887040 1
0 310.840512 406.649280 352.295488 288.746560 2
0 328.007968 237.177920 370.100192 159.705280 3
0 538.108672 486.056640 578.656768 406.034240 4
0 286.222432 309.740800 307.705248 182.440960 5
0 404.641888 364.122560 443.213472 267.270720 6
0 391.247808 386.248960 429.561152 295.651840 7
0 547.313792 434.915584 582.858368 383.634176 8
0 339.567008 164.336128 358.088032 107.181312 9
0 372.563872 267.286720 406.331488 192.147520 10
0 309.289984 182.650880 326.936576 85.395200 11
0 545.959424 394.176992 580.041216 350.969888 12
0 408.792736 233.615040 434.827104 163.026240 13
0 329.188896 138.040352 363.442144 78.554848 14
0 559.324416 324.094048 581.800704 286.833312 15
0 543.500800 360.513600 560.084480 285.931200 16
0 386.944928 289.341440 421.805152 223.793920 17
0 391.408576 202.516800 419.668544 133.995200 18
0 554.277952 299.814176 575.113408 257.042144 19
0 503.814304 288.944736 531.724896 238.392224 20
0 364.043104 164.084480 385.408416 89.529600 21
0 557.744960 378.675520 587.253440 320.016320 22
0 499.110688 340.834592 535.935712 277.992928 23
0 525.291424 430.048320 545.894496 316.251840 24
0 588.570816 435.753600 604.682304 345.325440 25
0 610.217536 429.652800 631.232704 375.202240 26
0 467.726656 328.147840 499.040704 256.181120 27
0 511.896000 283.335360 534.923840 214.159680 28
0 590.260512 287.419200 604.153568 220.600000 29
0 583.182048 333.683552 597.175072 290.106528 30
0 592.876864 382.116992 608.700096 324.938368 31
0 570.202304 378.858880 591.456576 310.160000 32
