0 479.344896 366.709120 506.598144 285.480320 1
0 309.102976 406.277760 352.265344 290.011520 2
0 324.430976 240.557440 369.075584 158.624640 3
0 532.467584 484.363840 575.834496 412.035520 4
0 287.294272 305.653440 309.362368 179.585600 5
0 402.785664 348.339840 438.284416 258.112640 6
0 394.819264 380.987200 424.471616 288.286400 7
0 546.065472 418.952736 578.838208 374.945504 8
0 339.673600 171.425280 358.366720 107.008000 9
0 371.426368 265.386880 406.750912 191.472000 10
0 311.739712 271.624320 356.913088 179.733120 11
0 549.259936 387.303680 577.104224 353.836800 12
0 366.831904 217.710368 409.251296 161.225952 13
0 326.723680 141.582528 363.669920 79.118912 14
0 565.007456 405.960960 586.122144 318.758400 15
0 579.035424 267.368416 593.246176 218.162464 16
0 400.676672 288.447968 438.196928 225.401632 17
0 409.177216 227.163200 428.426624 144.931520 18
0 547.824512 317.659808 574.576768 258.998112 19
0 349.430624 123.887424 377.905056 64.362176 21
0 542.752192 362.900512 566.059328 318.031328 22
0 505.029472 352.420160 536.475808 274.621120 23
0 528.127680 434.264320 547.886400 322.138880 24
0 605.385440 430.057440 630.833440 374.761760 26
0 517.665408 303.130880 540.273792 220.239360 28
0 590.338944 279.819520 602.535296 206.661120 29
0 592.671008 363.377568 607.006432 303.447392 31
0 571.926848 366.289504 590.884032 310.336416 32
0 590.372672 446.350720 605.446848 359.600000 36
0 538.225504 433.647712 575.327136 392.905888 35
0 464.549472 322.557120 496.679328 256.608320 34
0 505.803680 291.621376 534.654560 245.606144 20
0 588.622720 340.226912 602.554240 295.581088 40
