0 480.599968 352.978464 509.762912 294.162656 1
0 295.159648 391.854400 348.156832 287.107520 2
0 324.388352 249.880960 371.058688 160.828800 3
0 514.103520 487.990080 559.131680 417.731520 4
0 287.516128 312.963520 309.886752 184.422720 5
0 400.064192 347.747200 438.230848 259.048320 6
0 380.976192 385.609600 425.681088 289.116800 7
0 547.791424 415.940672 576.588736 377.256128 8
0 338.928576 172.424960 357.505344 107.983360 9
0 377.760576 258.125120 413.566144 191.428800 10
0 460.122368 410.004480 505.394432 338.170880 11
0 547.901152 390.341952 579.323168 353.032128 12
0 363.791424 205.966336 404.185536 160.205824 13
0 338.415680 146.263360 377.106880 78.304960 14
0 573.503296 388.705216 593.582784 335.490624 15
0 578.517696 266.078336 596.183104 216.441984 16
0 406.236960 321.141760 446.652640 234.023680 17
0 464.519776 283.019840 496.668064 218.842560 18
0 548.185600 316.822688 574.856960 258.720352 19
0 346.264128 103.657344 375.897792 60.692096 21
0 542.128064 368.329696 561.837376 318.269984 22
0 502.019424 343.957120 533.554336 271.251840 23
0 613.771296 435.098304 631.333344 373.848896 26
0 518.613376 301.992960 541.316224 219.403520 28
0 570.602848 353.225440 593.987232 301.429280 32
0 534.168512 477.078400 573.373248 392.759680 35
0 467.267808 322.624960 494.371872 257.595200 34
0 507.133760 305.071264 535.207360 243.431776 20
0 572.851136 438.900864 603.975744 386.601856 45
0 590.453568 360.634816 607.271872 311.290944 29
0 595.923968 448.486720 616.498432 351.055040 42
0 519.172672 418.936000 562.033088 317.834560 46
0 519.458432 387.957440 561.822848 317.851200 47
