0 477.995104 368.632640 505.587616 285.618880 1
0 309.690208 406.239040 352.385952 287.944640 2
0 324.030112 258.494720 365.257568 159.036160 3
0 531.829920 483.308800 575.138400 418.044160 4
0 288.498400 309.150400 310.028320 181.824320 5
0 401.146528 351.891200 438.852192 258.887680 6
0 396.432896 372.884800 424.784384 286.834880 7
0 542.333120 417.067360 577.542720 375.429280 8
0 337.842656 173.518720 358.301984 106.586240 9
0 371.978432 266.892160 409.114688 192.088960 10
0 367.124800 389.539200 409.503680 276.108160 11
0 551.330656 391.149632 579.800224 352.739008 12
0 363.556576 211.259168 405.377824 159.902432 13
0 326.644064 140.378432 366.202016 79.331008 14
0 572.997856 384.631008 593.329184 333.610272 15
0 579.209184 265.573312 595.213856 215.079488 16
0 405.981312 312.264640 443.462528 229.778240 17
0 409.294688 228.352320 427.127712 145.205440 18
0 545.537664 315.995520 574.272896 259.113600 19
0 349.971296 124.991840 378.198944 64.864160 21
0 542.369216 365.433632 565.278784 315.242208 22
0 504.792256 353.249920 536.596544 275.032960 23
0 529.093856 434.776640 548.003104 321.022400 24
0 606.545536 429.765600 630.937984 374.865440 26
0 518.333248 303.473600 540.702912 220.470080 28
0 586.567520 297.790016 603.751840 245.371584 29
0 590.652192 368.451552 606.955488 310.304288 31
0 567.182656 348.529408 590.480064 310.723072 32
0 589.837792 448.348480 605.862688 364.337600 36
0 538.969504 437.693280 576.073056 394.313120 35
0 464.294208 321.375040 494.706112 256.387520 34
0 505.516384 289.511680 533.921696 245.396480 20
