0 477.899008 367.272960 506.721792 286.810880 1
0 311.363168 406.682880 352.364192 288.728320 2
0 323.963552 235.501760 364.472928 159.476800 3
0 532.791328 485.338560 575.647712 413.587520 4
0 287.867360 310.296960 310.129440 182.266240 5
0 402.042080 350.958720 438.418720 259.081600 6
0 395.891072 379.663040 424.596608 288.064320 7
0 544.230976 417.102336 577.696704 376.351744 8
0 339.114240 171.807680 358.428160 106.800960 9
0 372.136640 260.112960 408.127040 190.811840 10
0 342.976000 327.229760 379.612160 215.355840 11
0 549.600736 388.140256 578.528544 350.367264 12
0 364.324832 211.941728 406.857248 159.944352 13
0 326.739776 140.045696 365.889984 79.176064 14
0 566.320544 395.789760 588.855136 320.440640 15
0 579.423104 265.691072 595.115136 215.212608 16
0 404.736544 307.533760 441.918176 226.365760 17
0 409.559712 227.317120 428.209248 145.210240 18
0 547.878976 316.134848 574.288064 259.292992 19
0 350.016064 124.362848 377.482176 64.635552 21
0 542.493888 363.890464 565.902912 317.600736 22
0 504.525280 351.321280 536.690720 273.870400 23
0 528.680032 434.451520 547.643808 321.618880 24
0 605.766944 427.671264 630.907616 374.442016 26
0 518.470816 302.610240 540.804704 220.364480 28
0 589.868608 298.289280 607.794112 225.669760 29
0 592.638304 363.835040 607.035296 306.731360 31
0 570.708224 355.700960 591.452416 309.425440 32
0 590.883360 440.578880 605.864160 359.558080 36
0 538.462144 434.304352 575.347776 394.427808 35
0 464.887040 322.456640 493.895680 255.979200 34
0 505.758336 291.176224 534.789504 245.081056 20
0 589.490496 339.466752 602.494144 298.652928 40
