0 480.619488 354.557632 509.743392 293.337408 1
0 294.445600 391.529600 348.095200 286.945920 2
0 323.989984 249.039040 370.875936 160.733760 3
0 519.366688 489.195520 564.640992 421.113600 4
0 287.459040 314.903360 309.995040 184.735680 5
0 400.516288 345.836800 437.996352 258.807040 6
0 385.513632 384.676800 425.792608 284.015680 7
0 550.238112 415.458816 577.116768 378.159104 8
0 339.094624 173.099200 357.544096 107.620160 9
0 377.679264 258.401920 413.587296 191.198080 10
0 460.194944 408.998080 505.511296 337.586240 11
0 547.449280 391.769952 579.712320 351.940768 12
0 363.557856 205.784768 404.246304 160.140352 13
0 338.201600 146.739200 376.679680 78.728960 14
0 573.001984 386.296448 593.771776 335.344512 15
0 578.567072 266.024096 596.215648 216.297824 16
0 406.239584 315.995840 446.500256 234.190400 17
0 464.787232 284.536320 497.128928 218.816000 18
0 549.365664 315.895168 574.924896 259.116672 19
0 347.147712 107.789408 376.263488 64.149152 21
0 542.107392 366.494752 562.398208 317.758688 22
0 502.574048 342.497920 536.257312 272.575360 23
0 613.850944 435.385728 631.239616 373.997952 26
0 518.609696 299.631040 542.825184 219.055680 28
0 570.784032 352.795104 593.922528 302.026016 32
0 534.725952 467.567680 573.545408 391.706560 35
0 467.116448 323.423680 494.064992 257.780800 34
0 506.610144 291.036576 534.686496 243.331424 20
0 574.366528 434.655040 605.515712 382.459840 45
0 590.121408 359.935872 607.324992 311.287168 29
0 595.272800 445.662400 616.587680 349.999680 42
0 520.976128 420.555200 561.354752 317.413440 46
0 521.209792 420.506560 547.032128 318.451520 24
